Mean charge as a function dwell time.
Temperature :      0.2 - 500000.0 eV
Density     : 1.00e+20 m-3
   600     5  # Te values, dwell time

Source data:
acd : /home/adas/adas/adf11/acd85/acd85_ar.dat
scd : /home/adas/adas/adf11/scd85/scd85_ar.dat
plt : /home/adas/adas/adf11/plt89/plt89_ar.dat
prb : /home/adas/adas/adf11/prb89/prb89_ar.dat

Te[eV]
 2.500e-01 2.561e-01 2.624e-01 2.688e-01 2.754e-01 2.822e-01 2.891e-01 2.962e-01
 3.035e-01 3.109e-01 3.185e-01 3.263e-01 3.343e-01 3.425e-01 3.509e-01 3.595e-01
 3.683e-01 3.774e-01 3.866e-01 3.961e-01 4.058e-01 4.158e-01 4.260e-01 4.364e-01
 4.471e-01 4.581e-01 4.693e-01 4.808e-01 4.926e-01 5.047e-01 5.170e-01 5.297e-01
 5.427e-01 5.560e-01 5.696e-01 5.836e-01 5.979e-01 6.126e-01 6.276e-01 6.430e-01
 6.587e-01 6.749e-01 6.914e-01 7.084e-01 7.257e-01 7.435e-01 7.618e-01 7.804e-01
 7.996e-01 8.192e-01 8.393e-01 8.598e-01 8.809e-01 9.025e-01 9.247e-01 9.473e-01
 9.706e-01 9.943e-01 1.019e+00 1.044e+00 1.069e+00 1.096e+00 1.122e+00 1.150e+00
 1.178e+00 1.207e+00 1.237e+00 1.267e+00 1.298e+00 1.330e+00 1.362e+00 1.396e+00
 1.430e+00 1.465e+00 1.501e+00 1.538e+00 1.575e+00 1.614e+00 1.654e+00 1.694e+00
 1.736e+00 1.778e+00 1.822e+00 1.867e+00 1.912e+00 1.959e+00 2.007e+00 2.056e+00
 2.107e+00 2.159e+00 2.211e+00 2.266e+00 2.321e+00 2.378e+00 2.436e+00 2.496e+00
 2.557e+00 2.620e+00 2.684e+00 2.750e+00 2.818e+00 2.887e+00 2.957e+00 3.030e+00
 3.104e+00 3.180e+00 3.258e+00 3.338e+00 3.420e+00 3.504e+00 3.590e+00 3.678e+00
 3.768e+00 3.860e+00 3.955e+00 4.052e+00 4.151e+00 4.253e+00 4.357e+00 4.464e+00
 4.574e+00 4.686e+00 4.801e+00 4.918e+00 5.039e+00 5.162e+00 5.289e+00 5.419e+00
 5.551e+00 5.688e+00 5.827e+00 5.970e+00 6.116e+00 6.266e+00 6.420e+00 6.577e+00
 6.738e+00 6.904e+00 7.073e+00 7.246e+00 7.424e+00 7.606e+00 7.792e+00 7.983e+00
 8.179e+00 8.380e+00 8.585e+00 8.796e+00 9.011e+00 9.232e+00 9.459e+00 9.691e+00
 9.928e+00 1.017e+01 1.042e+01 1.068e+01 1.094e+01 1.121e+01 1.148e+01 1.176e+01
 1.205e+01 1.235e+01 1.265e+01 1.296e+01 1.328e+01 1.360e+01 1.394e+01 1.428e+01
 1.463e+01 1.499e+01 1.535e+01 1.573e+01 1.612e+01 1.651e+01 1.692e+01 1.733e+01
 1.776e+01 1.819e+01 1.864e+01 1.909e+01 1.956e+01 2.004e+01 2.053e+01 2.104e+01
 2.155e+01 2.208e+01 2.262e+01 2.318e+01 2.374e+01 2.433e+01 2.492e+01 2.553e+01
 2.616e+01 2.680e+01 2.746e+01 2.813e+01 2.882e+01 2.953e+01 3.025e+01 3.099e+01
 3.175e+01 3.253e+01 3.333e+01 3.415e+01 3.498e+01 3.584e+01 3.672e+01 3.762e+01
 3.854e+01 3.949e+01 4.046e+01 4.145e+01 4.246e+01 4.351e+01 4.457e+01 4.566e+01
 4.678e+01 4.793e+01 4.911e+01 5.031e+01 5.154e+01 5.281e+01 5.410e+01 5.543e+01
 5.679e+01 5.818e+01 5.961e+01 6.107e+01 6.256e+01 6.410e+01 6.567e+01 6.728e+01
 6.893e+01 7.062e+01 7.235e+01 7.412e+01 7.594e+01 7.780e+01 7.971e+01 8.167e+01
 8.367e+01 8.572e+01 8.782e+01 8.997e+01 9.218e+01 9.444e+01 9.676e+01 9.913e+01
 1.016e+02 1.040e+02 1.066e+02 1.092e+02 1.119e+02 1.146e+02 1.174e+02 1.203e+02
 1.233e+02 1.263e+02 1.294e+02 1.326e+02 1.358e+02 1.391e+02 1.426e+02 1.461e+02
 1.496e+02 1.533e+02 1.571e+02 1.609e+02 1.649e+02 1.689e+02 1.730e+02 1.773e+02
 1.816e+02 1.861e+02 1.906e+02 1.953e+02 2.001e+02 2.050e+02 2.100e+02 2.152e+02
 2.205e+02 2.259e+02 2.314e+02 2.371e+02 2.429e+02 2.488e+02 2.549e+02 2.612e+02
 2.676e+02 2.742e+02 2.809e+02 2.878e+02 2.948e+02 3.021e+02 3.095e+02 3.170e+02
 3.248e+02 3.328e+02 3.409e+02 3.493e+02 3.579e+02 3.666e+02 3.756e+02 3.848e+02
 3.943e+02 4.039e+02 4.138e+02 4.240e+02 4.344e+02 4.450e+02 4.559e+02 4.671e+02
 4.786e+02 4.903e+02 5.023e+02 5.146e+02 5.273e+02 5.402e+02 5.534e+02 5.670e+02
 5.809e+02 5.951e+02 6.097e+02 6.247e+02 6.400e+02 6.557e+02 6.718e+02 6.882e+02
 7.051e+02 7.224e+02 7.401e+02 7.582e+02 7.768e+02 7.959e+02 8.154e+02 8.354e+02
 8.559e+02 8.769e+02 8.984e+02 9.204e+02 9.429e+02 9.661e+02 9.897e+02 1.014e+03
 1.039e+03 1.064e+03 1.090e+03 1.117e+03 1.145e+03 1.173e+03 1.201e+03 1.231e+03
 1.261e+03 1.292e+03 1.324e+03 1.356e+03 1.389e+03 1.423e+03 1.458e+03 1.494e+03
 1.531e+03 1.568e+03 1.607e+03 1.646e+03 1.686e+03 1.728e+03 1.770e+03 1.813e+03
 1.858e+03 1.903e+03 1.950e+03 1.998e+03 2.047e+03 2.097e+03 2.149e+03 2.201e+03
 2.255e+03 2.310e+03 2.367e+03 2.425e+03 2.485e+03 2.546e+03 2.608e+03 2.672e+03
 2.737e+03 2.804e+03 2.873e+03 2.944e+03 3.016e+03 3.090e+03 3.166e+03 3.243e+03
 3.323e+03 3.404e+03 3.488e+03 3.573e+03 3.661e+03 3.750e+03 3.842e+03 3.937e+03
 4.033e+03 4.132e+03 4.233e+03 4.337e+03 4.443e+03 4.552e+03 4.664e+03 4.778e+03
 4.895e+03 5.015e+03 5.138e+03 5.264e+03 5.393e+03 5.526e+03 5.661e+03 5.800e+03
 5.942e+03 6.088e+03 6.237e+03 6.390e+03 6.547e+03 6.707e+03 6.872e+03 7.040e+03
 7.213e+03 7.390e+03 7.571e+03 7.756e+03 7.947e+03 8.141e+03 8.341e+03 8.545e+03
 8.755e+03 8.970e+03 9.190e+03 9.415e+03 9.646e+03 9.882e+03 1.012e+04 1.037e+04
 1.063e+04 1.089e+04 1.115e+04 1.143e+04 1.171e+04 1.200e+04 1.229e+04 1.259e+04
 1.290e+04 1.322e+04 1.354e+04 1.387e+04 1.421e+04 1.456e+04 1.492e+04 1.528e+04
 1.566e+04 1.604e+04 1.643e+04 1.684e+04 1.725e+04 1.767e+04 1.811e+04 1.855e+04
 1.901e+04 1.947e+04 1.995e+04 2.044e+04 2.094e+04 2.145e+04 2.198e+04 2.252e+04
 2.307e+04 2.363e+04 2.421e+04 2.481e+04 2.542e+04 2.604e+04 2.668e+04 2.733e+04
 2.800e+04 2.869e+04 2.939e+04 3.011e+04 3.085e+04 3.161e+04 3.238e+04 3.318e+04
 3.399e+04 3.482e+04 3.568e+04 3.655e+04 3.745e+04 3.836e+04 3.931e+04 4.027e+04
 4.126e+04 4.227e+04 4.330e+04 4.437e+04 4.545e+04 4.657e+04 4.771e+04 4.888e+04
 5.008e+04 5.131e+04 5.256e+04 5.385e+04 5.517e+04 5.652e+04 5.791e+04 5.933e+04
 6.078e+04 6.228e+04 6.380e+04 6.537e+04 6.697e+04 6.861e+04 7.029e+04 7.202e+04
 7.378e+04 7.559e+04 7.744e+04 7.934e+04 8.129e+04 8.328e+04 8.532e+04 8.741e+04
 8.956e+04 9.175e+04 9.400e+04 9.631e+04 9.867e+04 1.011e+05 1.036e+05 1.061e+05
 1.087e+05 1.114e+05 1.141e+05 1.169e+05 1.198e+05 1.227e+05 1.257e+05 1.288e+05
 1.320e+05 1.352e+05 1.385e+05 1.419e+05 1.454e+05 1.489e+05 1.526e+05 1.563e+05
 1.602e+05 1.641e+05 1.681e+05 1.722e+05 1.765e+05 1.808e+05 1.852e+05 1.898e+05
 1.944e+05 1.992e+05 2.041e+05 2.091e+05 2.142e+05 2.194e+05 2.248e+05 2.303e+05
 2.360e+05 2.418e+05 2.477e+05 2.538e+05 2.600e+05 2.664e+05 2.729e+05 2.796e+05
 2.864e+05 2.935e+05 3.007e+05 3.080e+05 3.156e+05 3.233e+05 3.312e+05 3.394e+05
 3.477e+05 3.562e+05 3.649e+05 3.739e+05 3.831e+05 3.924e+05 4.021e+05 4.119e+05
 4.220e+05 4.324e+05 4.430e+05 4.538e+05 4.650e+05 4.764e+05 4.880e+05 5.000e+05
<Z> for tau[ms]=    0.1
 2.174e-21 4.484e-21 9.250e-21 1.908e-20 3.934e-20 8.112e-20 1.672e-19 3.446e-19
 7.100e-19 1.462e-18 3.010e-18 6.194e-18 1.274e-17 2.618e-17 5.375e-17 1.103e-16
 2.259e-16 4.623e-16 9.444e-16 1.926e-15 3.919e-15 7.955e-15 1.610e-14 3.249e-14
 6.531e-14 1.307e-13 2.605e-13 5.164e-13 1.018e-12 1.993e-12 3.879e-12 7.495e-12
 1.438e-11 2.737e-11 5.170e-11 9.694e-11 1.804e-10 3.333e-10 6.115e-10 1.115e-09
 2.019e-09 3.639e-09 6.523e-09 1.164e-08 2.069e-08 3.665e-08 6.470e-08 1.139e-07
 2.001e-07 3.508e-07 6.139e-07 1.073e-06 1.871e-06 3.251e-06 5.606e-06 9.567e-06
 1.611e-05 2.665e-05 4.323e-05 6.849e-05 1.056e-04 1.581e-04 2.295e-04 3.242e-04
 4.471e-04 6.039e-04 8.018e-04 1.050e-03 1.360e-03 1.748e-03 2.238e-03 2.863e-03
 3.660e-03 4.675e-03 5.968e-03 7.610e-03 9.694e-03 1.233e-02 1.566e-02 1.986e-02
 2.512e-02 3.170e-02 3.986e-02 4.988e-02 6.208e-02 7.676e-02 9.419e-02 1.146e-01
 1.381e-01 1.646e-01 1.941e-01 2.263e-01 2.611e-01 2.979e-01 3.366e-01 3.765e-01
 4.174e-01 4.589e-01 5.006e-01 5.422e-01 5.836e-01 6.245e-01 6.650e-01 7.052e-01
 7.451e-01 7.849e-01 8.251e-01 8.658e-01 9.073e-01 9.500e-01 9.939e-01 1.039e+00
 1.086e+00 1.134e+00 1.183e+00 1.232e+00 1.282e+00 1.333e+00 1.382e+00 1.431e+00
 1.480e+00 1.527e+00 1.573e+00 1.618e+00 1.663e+00 1.707e+00 1.750e+00 1.793e+00
 1.836e+00 1.879e+00 1.923e+00 1.967e+00 2.012e+00 2.057e+00 2.102e+00 2.148e+00
 2.194e+00 2.241e+00 2.287e+00 2.333e+00 2.379e+00 2.425e+00 2.469e+00 2.514e+00
 2.557e+00 2.600e+00 2.643e+00 2.685e+00 2.727e+00 2.769e+00 2.811e+00 2.853e+00
 2.896e+00 2.939e+00 2.983e+00 3.027e+00 3.073e+00 3.118e+00 3.165e+00 3.212e+00
 3.260e+00 3.309e+00 3.358e+00 3.408e+00 3.459e+00 3.510e+00 3.562e+00 3.614e+00
 3.667e+00 3.721e+00 3.775e+00 3.830e+00 3.886e+00 3.942e+00 3.999e+00 4.057e+00
 4.114e+00 4.173e+00 4.231e+00 4.290e+00 4.349e+00 4.408e+00 4.467e+00 4.526e+00
 4.585e+00 4.643e+00 4.701e+00 4.759e+00 4.816e+00 4.872e+00 4.928e+00 4.984e+00
 5.038e+00 5.093e+00 5.146e+00 5.199e+00 5.252e+00 5.304e+00 5.356e+00 5.408e+00
 5.460e+00 5.511e+00 5.562e+00 5.613e+00 5.665e+00 5.716e+00 5.767e+00 5.819e+00
 5.870e+00 5.922e+00 5.974e+00 6.026e+00 6.079e+00 6.131e+00 6.184e+00 6.236e+00
 6.288e+00 6.340e+00 6.391e+00 6.443e+00 6.493e+00 6.543e+00 6.592e+00 6.640e+00
 6.687e+00 6.733e+00 6.778e+00 6.822e+00 6.865e+00 6.906e+00 6.947e+00 6.986e+00
 7.024e+00 7.060e+00 7.096e+00 7.131e+00 7.164e+00 7.197e+00 7.229e+00 7.260e+00
 7.291e+00 7.321e+00 7.350e+00 7.379e+00 7.408e+00 7.436e+00 7.465e+00 7.493e+00
 7.522e+00 7.550e+00 7.579e+00 7.608e+00 7.638e+00 7.668e+00 7.698e+00 7.729e+00
 7.761e+00 7.793e+00 7.825e+00 7.858e+00 7.892e+00 7.927e+00 7.962e+00 7.997e+00
 8.034e+00 8.071e+00 8.108e+00 8.146e+00 8.185e+00 8.224e+00 8.264e+00 8.305e+00
 8.346e+00 8.387e+00 8.429e+00 8.472e+00 8.515e+00 8.558e+00 8.601e+00 8.645e+00
 8.689e+00 8.733e+00 8.777e+00 8.822e+00 8.866e+00 8.911e+00 8.956e+00 9.001e+00
 9.045e+00 9.090e+00 9.135e+00 9.180e+00 9.225e+00 9.269e+00 9.314e+00 9.358e+00
 9.402e+00 9.446e+00 9.490e+00 9.533e+00 9.576e+00 9.619e+00 9.661e+00 9.703e+00
 9.745e+00 9.787e+00 9.828e+00 9.869e+00 9.910e+00 9.950e+00 9.990e+00 1.003e+01
 1.007e+01 1.011e+01 1.015e+01 1.018e+01 1.022e+01 1.026e+01 1.029e+01 1.033e+01
 1.036e+01 1.040e+01 1.043e+01 1.047e+01 1.050e+01 1.053e+01 1.056e+01 1.059e+01
 1.062e+01 1.065e+01 1.068e+01 1.071e+01 1.074e+01 1.077e+01 1.080e+01 1.082e+01
 1.085e+01 1.088e+01 1.090e+01 1.092e+01 1.095e+01 1.097e+01 1.099e+01 1.101e+01
 1.104e+01 1.106e+01 1.108e+01 1.110e+01 1.112e+01 1.113e+01 1.115e+01 1.117e+01
 1.119e+01 1.120e+01 1.122e+01 1.124e+01 1.125e+01 1.127e+01 1.128e+01 1.129e+01
 1.131e+01 1.132e+01 1.133e+01 1.134e+01 1.135e+01 1.136e+01 1.137e+01 1.138e+01
 1.139e+01 1.140e+01 1.141e+01 1.142e+01 1.143e+01 1.143e+01 1.144e+01 1.145e+01
 1.145e+01 1.146e+01 1.146e+01 1.147e+01 1.147e+01 1.148e+01 1.148e+01 1.148e+01
 1.149e+01 1.149e+01 1.149e+01 1.149e+01 1.149e+01 1.149e+01 1.149e+01 1.150e+01
 1.150e+01 1.150e+01 1.149e+01 1.149e+01 1.149e+01 1.149e+01 1.149e+01 1.149e+01
 1.149e+01 1.148e+01 1.148e+01 1.148e+01 1.147e+01 1.147e+01 1.147e+01 1.146e+01
 1.146e+01 1.145e+01 1.145e+01 1.144e+01 1.143e+01 1.143e+01 1.142e+01 1.142e+01
 1.141e+01 1.140e+01 1.140e+01 1.139e+01 1.138e+01 1.137e+01 1.136e+01 1.136e+01
 1.135e+01 1.134e+01 1.133e+01 1.132e+01 1.131e+01 1.130e+01 1.129e+01 1.128e+01
 1.127e+01 1.126e+01 1.125e+01 1.123e+01 1.122e+01 1.121e+01 1.120e+01 1.119e+01
 1.117e+01 1.116e+01 1.115e+01 1.114e+01 1.112e+01 1.111e+01 1.110e+01 1.108e+01
 1.107e+01 1.105e+01 1.104e+01 1.102e+01 1.101e+01 1.099e+01 1.098e+01 1.096e+01
 1.094e+01 1.093e+01 1.091e+01 1.089e+01 1.088e+01 1.086e+01 1.084e+01 1.083e+01
 1.081e+01 1.079e+01 1.078e+01 1.076e+01 1.074e+01 1.072e+01 1.071e+01 1.069e+01
 1.067e+01 1.065e+01 1.063e+01 1.061e+01 1.060e+01 1.058e+01 1.056e+01 1.054e+01
 1.052e+01 1.050e+01 1.048e+01 1.046e+01 1.044e+01 1.042e+01 1.040e+01 1.038e+01
 1.036e+01 1.034e+01 1.032e+01 1.030e+01 1.028e+01 1.026e+01 1.024e+01 1.022e+01
 1.020e+01 1.018e+01 1.016e+01 1.013e+01 1.011e+01 1.009e+01 1.007e+01 1.005e+01
 1.003e+01 1.000e+01 9.982e+00 9.960e+00 9.938e+00 9.916e+00 9.894e+00 9.872e+00
 9.850e+00 9.827e+00 9.805e+00 9.782e+00 9.760e+00 9.737e+00 9.715e+00 9.692e+00
 9.669e+00 9.646e+00 9.623e+00 9.600e+00 9.577e+00 9.554e+00 9.531e+00 9.508e+00
 9.485e+00 9.462e+00 9.439e+00 9.416e+00 9.393e+00 9.369e+00 9.346e+00 9.323e+00
 9.300e+00 9.277e+00 9.253e+00 9.230e+00 9.207e+00 9.183e+00 9.160e+00 9.137e+00
 9.113e+00 9.090e+00 9.067e+00 9.043e+00 9.020e+00 8.997e+00 8.973e+00 8.950e+00
 8.926e+00 8.903e+00 8.879e+00 8.856e+00 8.832e+00 8.809e+00 8.785e+00 8.762e+00
 8.738e+00 8.715e+00 8.691e+00 8.668e+00 8.644e+00 8.620e+00 8.597e+00 8.573e+00
 8.549e+00 8.526e+00 8.502e+00 8.478e+00 8.455e+00 8.431e+00 8.407e+00 8.384e+00
 8.360e+00 8.336e+00 8.312e+00 8.289e+00 8.265e+00 8.241e+00 8.217e+00 8.194e+00
 8.170e+00 8.146e+00 8.122e+00 8.098e+00 8.074e+00 8.051e+00 8.027e+00 8.003e+00
 7.979e+00 7.955e+00 7.931e+00 7.907e+00 7.883e+00 7.859e+00 7.835e+00 7.812e+00
<Z> for tau[ms]=    1.0
 2.179e-21 4.498e-21 9.285e-21 1.916e-20 3.955e-20 8.163e-20 1.685e-19 3.477e-19
 7.176e-19 1.481e-18 3.056e-18 6.306e-18 1.301e-17 2.684e-17 5.538e-17 1.142e-16
 2.356e-16 4.859e-16 1.002e-15 2.065e-15 4.257e-15 8.770e-15 1.806e-14 3.719e-14
 7.653e-14 1.574e-13 3.235e-13 6.643e-13 1.363e-12 2.793e-12 5.717e-12 1.168e-11
 2.383e-11 4.851e-11 9.852e-11 1.995e-10 4.028e-10 8.102e-10 1.623e-09 3.236e-09
 6.421e-09 1.267e-08 2.484e-08 4.838e-08 9.359e-08 1.797e-07 3.426e-07 6.480e-07
 1.216e-06 2.266e-06 4.192e-06 7.700e-06 1.404e-05 2.539e-05 4.535e-05 7.985e-05
 1.382e-04 2.342e-04 3.879e-04 6.258e-04 9.802e-04 1.486e-03 2.181e-03 3.109e-03
 4.316e-03 5.860e-03 7.807e-03 1.024e-02 1.327e-02 1.705e-02 2.178e-02 2.775e-02
 3.527e-02 4.470e-02 5.648e-02 7.107e-02 8.901e-02 1.109e-01 1.372e-01 1.684e-01
 2.049e-01 2.467e-01 2.935e-01 3.446e-01 3.990e-01 4.553e-01 5.119e-01 5.675e-01
 6.208e-01 6.710e-01 7.178e-01 7.612e-01 8.018e-01 8.401e-01 8.772e-01 9.139e-01
 9.512e-01 9.899e-01 1.031e+00 1.075e+00 1.123e+00 1.174e+00 1.228e+00 1.285e+00
 1.343e+00 1.403e+00 1.462e+00 1.519e+00 1.575e+00 1.627e+00 1.677e+00 1.723e+00
 1.766e+00 1.807e+00 1.845e+00 1.882e+00 1.919e+00 1.956e+00 1.993e+00 2.032e+00
 2.073e+00 2.116e+00 2.162e+00 2.209e+00 2.259e+00 2.310e+00 2.362e+00 2.413e+00
 2.464e+00 2.513e+00 2.560e+00 2.605e+00 2.648e+00 2.689e+00 2.727e+00 2.764e+00
 2.799e+00 2.833e+00 2.866e+00 2.899e+00 2.932e+00 2.965e+00 2.999e+00 3.034e+00
 3.071e+00 3.109e+00 3.149e+00 3.190e+00 3.233e+00 3.277e+00 3.323e+00 3.370e+00
 3.419e+00 3.468e+00 3.518e+00 3.570e+00 3.622e+00 3.675e+00 3.729e+00 3.784e+00
 3.840e+00 3.897e+00 3.956e+00 4.016e+00 4.078e+00 4.141e+00 4.207e+00 4.274e+00
 4.343e+00 4.413e+00 4.485e+00 4.559e+00 4.634e+00 4.710e+00 4.787e+00 4.864e+00
 4.941e+00 5.019e+00 5.096e+00 5.172e+00 5.248e+00 5.324e+00 5.398e+00 5.472e+00
 5.546e+00 5.619e+00 5.692e+00 5.765e+00 5.838e+00 5.912e+00 5.987e+00 6.062e+00
 6.138e+00 6.215e+00 6.293e+00 6.371e+00 6.450e+00 6.529e+00 6.607e+00 6.685e+00
 6.762e+00 6.837e+00 6.910e+00 6.981e+00 7.049e+00 7.114e+00 7.176e+00 7.235e+00
 7.290e+00 7.342e+00 7.390e+00 7.435e+00 7.477e+00 7.515e+00 7.551e+00 7.584e+00
 7.615e+00 7.643e+00 7.670e+00 7.694e+00 7.718e+00 7.739e+00 7.760e+00 7.780e+00
 7.799e+00 7.817e+00 7.835e+00 7.853e+00 7.872e+00 7.890e+00 7.910e+00 7.930e+00
 7.951e+00 7.973e+00 7.996e+00 8.021e+00 8.048e+00 8.077e+00 8.107e+00 8.140e+00
 8.175e+00 8.212e+00 8.252e+00 8.294e+00 8.338e+00 8.385e+00 8.434e+00 8.486e+00
 8.540e+00 8.596e+00 8.654e+00 8.715e+00 8.777e+00 8.842e+00 8.908e+00 8.976e+00
 9.045e+00 9.116e+00 9.189e+00 9.262e+00 9.336e+00 9.411e+00 9.487e+00 9.563e+00
 9.640e+00 9.717e+00 9.795e+00 9.873e+00 9.951e+00 1.003e+01 1.011e+01 1.019e+01
 1.027e+01 1.035e+01 1.043e+01 1.051e+01 1.059e+01 1.067e+01 1.075e+01 1.084e+01
 1.092e+01 1.100e+01 1.109e+01 1.117e+01 1.126e+01 1.135e+01 1.143e+01 1.152e+01
 1.161e+01 1.170e+01 1.178e+01 1.187e+01 1.196e+01 1.205e+01 1.213e+01 1.222e+01
 1.230e+01 1.239e+01 1.247e+01 1.255e+01 1.264e+01 1.272e+01 1.279e+01 1.287e+01
 1.295e+01 1.302e+01 1.309e+01 1.316e+01 1.323e+01 1.330e+01 1.337e+01 1.343e+01
 1.349e+01 1.355e+01 1.361e+01 1.366e+01 1.372e+01 1.377e+01 1.382e+01 1.387e+01
 1.392e+01 1.396e+01 1.401e+01 1.405e+01 1.409e+01 1.413e+01 1.417e+01 1.421e+01
 1.424e+01 1.428e+01 1.431e+01 1.434e+01 1.437e+01 1.440e+01 1.443e+01 1.446e+01
 1.448e+01 1.451e+01 1.453e+01 1.456e+01 1.458e+01 1.460e+01 1.462e+01 1.464e+01
 1.466e+01 1.468e+01 1.470e+01 1.472e+01 1.474e+01 1.475e+01 1.477e+01 1.479e+01
 1.480e+01 1.482e+01 1.483e+01 1.485e+01 1.486e+01 1.488e+01 1.489e+01 1.490e+01
 1.492e+01 1.493e+01 1.494e+01 1.495e+01 1.497e+01 1.498e+01 1.499e+01 1.500e+01
 1.501e+01 1.502e+01 1.504e+01 1.505e+01 1.506e+01 1.507e+01 1.508e+01 1.509e+01
 1.510e+01 1.511e+01 1.512e+01 1.513e+01 1.514e+01 1.515e+01 1.516e+01 1.517e+01
 1.518e+01 1.519e+01 1.520e+01 1.521e+01 1.522e+01 1.522e+01 1.523e+01 1.524e+01
 1.525e+01 1.526e+01 1.527e+01 1.528e+01 1.528e+01 1.529e+01 1.530e+01 1.531e+01
 1.532e+01 1.532e+01 1.533e+01 1.534e+01 1.535e+01 1.535e+01 1.536e+01 1.537e+01
 1.537e+01 1.538e+01 1.538e+01 1.539e+01 1.540e+01 1.540e+01 1.541e+01 1.541e+01
 1.542e+01 1.542e+01 1.543e+01 1.543e+01 1.543e+01 1.544e+01 1.544e+01 1.545e+01
 1.545e+01 1.545e+01 1.545e+01 1.546e+01 1.546e+01 1.546e+01 1.546e+01 1.547e+01
 1.547e+01 1.547e+01 1.547e+01 1.547e+01 1.547e+01 1.547e+01 1.547e+01 1.547e+01
 1.547e+01 1.547e+01 1.547e+01 1.547e+01 1.547e+01 1.547e+01 1.547e+01 1.546e+01
 1.546e+01 1.546e+01 1.546e+01 1.545e+01 1.545e+01 1.545e+01 1.544e+01 1.544e+01
 1.544e+01 1.543e+01 1.543e+01 1.543e+01 1.542e+01 1.542e+01 1.541e+01 1.541e+01
 1.540e+01 1.540e+01 1.539e+01 1.539e+01 1.538e+01 1.537e+01 1.537e+01 1.536e+01
 1.536e+01 1.535e+01 1.534e+01 1.534e+01 1.533e+01 1.532e+01 1.532e+01 1.531e+01
 1.530e+01 1.529e+01 1.529e+01 1.528e+01 1.527e+01 1.526e+01 1.525e+01 1.525e+01
 1.524e+01 1.523e+01 1.522e+01 1.521e+01 1.520e+01 1.519e+01 1.518e+01 1.517e+01
 1.516e+01 1.515e+01 1.514e+01 1.513e+01 1.512e+01 1.511e+01 1.510e+01 1.509e+01
 1.508e+01 1.507e+01 1.506e+01 1.505e+01 1.503e+01 1.502e+01 1.501e+01 1.500e+01
 1.499e+01 1.498e+01 1.496e+01 1.495e+01 1.494e+01 1.493e+01 1.491e+01 1.490e+01
 1.489e+01 1.487e+01 1.486e+01 1.485e+01 1.483e+01 1.482e+01 1.481e+01 1.479e+01
 1.478e+01 1.477e+01 1.475e+01 1.474e+01 1.472e+01 1.471e+01 1.470e+01 1.468e+01
 1.467e+01 1.465e+01 1.464e+01 1.463e+01 1.461e+01 1.460e+01 1.458e+01 1.457e+01
 1.455e+01 1.454e+01 1.452e+01 1.451e+01 1.449e+01 1.448e+01 1.446e+01 1.445e+01
 1.443e+01 1.442e+01 1.440e+01 1.439e+01 1.437e+01 1.436e+01 1.434e+01 1.432e+01
 1.431e+01 1.429e+01 1.428e+01 1.426e+01 1.425e+01 1.423e+01 1.421e+01 1.420e+01
 1.418e+01 1.416e+01 1.415e+01 1.413e+01 1.412e+01 1.410e+01 1.408e+01 1.407e+01
 1.405e+01 1.403e+01 1.402e+01 1.400e+01 1.398e+01 1.396e+01 1.395e+01 1.393e+01
 1.391e+01 1.390e+01 1.388e+01 1.386e+01 1.384e+01 1.383e+01 1.381e+01 1.379e+01
 1.377e+01 1.376e+01 1.374e+01 1.372e+01 1.370e+01 1.368e+01 1.367e+01 1.365e+01
<Z> for tau[ms]=   10.0
 2.180e-21 4.500e-21 9.288e-21 1.917e-20 3.957e-20 8.168e-20 1.686e-19 3.480e-19
 7.183e-19 1.483e-18 3.060e-18 6.317e-18 1.304e-17 2.691e-17 5.555e-17 1.146e-16
 2.366e-16 4.884e-16 1.008e-15 2.080e-15 4.294e-15 8.861e-15 1.829e-14 3.773e-14
 7.787e-14 1.607e-13 3.315e-13 6.839e-13 1.411e-12 2.910e-12 6.001e-12 1.237e-11
 2.551e-11 5.257e-11 1.083e-10 2.231e-10 4.594e-10 9.455e-10 1.945e-09 3.997e-09
 8.210e-09 1.685e-08 3.453e-08 7.069e-08 1.445e-07 2.949e-07 6.005e-07 1.220e-06
 2.472e-06 4.993e-06 1.005e-05 2.014e-05 4.019e-05 7.956e-05 1.558e-04 3.008e-04
 5.705e-04 1.058e-03 1.914e-03 3.359e-03 5.699e-03 9.303e-03 1.459e-02 2.203e-02
 3.207e-02 4.519e-02 6.178e-02 8.227e-02 1.071e-01 1.366e-01 1.715e-01 2.122e-01
 2.587e-01 3.108e-01 3.675e-01 4.276e-01 4.895e-01 5.512e-01 6.112e-01 6.677e-01
 7.198e-01 7.667e-01 8.083e-01 8.448e-01 8.771e-01 9.059e-01 9.328e-01 9.590e-01
 9.862e-01 1.016e+00 1.051e+00 1.091e+00 1.139e+00 1.194e+00 1.257e+00 1.326e+00
 1.399e+00 1.472e+00 1.544e+00 1.611e+00 1.672e+00 1.727e+00 1.775e+00 1.816e+00
 1.852e+00 1.882e+00 1.909e+00 1.933e+00 1.956e+00 1.977e+00 1.999e+00 2.021e+00
 2.044e+00 2.070e+00 2.099e+00 2.130e+00 2.165e+00 2.204e+00 2.246e+00 2.292e+00
 2.340e+00 2.390e+00 2.441e+00 2.491e+00 2.541e+00 2.588e+00 2.633e+00 2.675e+00
 2.714e+00 2.750e+00 2.783e+00 2.814e+00 2.842e+00 2.869e+00 2.895e+00 2.920e+00
 2.945e+00 2.969e+00 2.995e+00 3.021e+00 3.049e+00 3.079e+00 3.110e+00 3.144e+00
 3.180e+00 3.218e+00 3.257e+00 3.299e+00 3.343e+00 3.388e+00 3.435e+00 3.482e+00
 3.531e+00 3.581e+00 3.632e+00 3.684e+00 3.736e+00 3.790e+00 3.845e+00 3.901e+00
 3.959e+00 4.018e+00 4.079e+00 4.142e+00 4.207e+00 4.275e+00 4.344e+00 4.417e+00
 4.491e+00 4.568e+00 4.646e+00 4.727e+00 4.809e+00 4.892e+00 4.976e+00 5.061e+00
 5.147e+00 5.233e+00 5.320e+00 5.407e+00 5.495e+00 5.585e+00 5.676e+00 5.770e+00
 5.868e+00 5.969e+00 6.076e+00 6.187e+00 6.302e+00 6.422e+00 6.545e+00 6.668e+00
 6.791e+00 6.911e+00 7.027e+00 7.135e+00 7.236e+00 7.328e+00 7.410e+00 7.484e+00
 7.549e+00 7.605e+00 7.655e+00 7.698e+00 7.735e+00 7.767e+00 7.794e+00 7.819e+00
 7.839e+00 7.858e+00 7.874e+00 7.888e+00 7.900e+00 7.911e+00 7.921e+00 7.931e+00
 7.939e+00 7.948e+00 7.956e+00 7.964e+00 7.972e+00 7.981e+00 7.990e+00 8.000e+00
 8.010e+00 8.022e+00 8.035e+00 8.049e+00 8.065e+00 8.084e+00 8.104e+00 8.126e+00
 8.152e+00 8.180e+00 8.211e+00 8.245e+00 8.282e+00 8.323e+00 8.367e+00 8.414e+00
 8.465e+00 8.519e+00 8.576e+00 8.637e+00 8.701e+00 8.767e+00 8.837e+00 8.909e+00
 8.984e+00 9.061e+00 9.141e+00 9.223e+00 9.306e+00 9.391e+00 9.478e+00 9.565e+00
 9.653e+00 9.742e+00 9.832e+00 9.921e+00 1.001e+01 1.010e+01 1.019e+01 1.028e+01
 1.036e+01 1.045e+01 1.054e+01 1.063e+01 1.071e+01 1.080e+01 1.089e+01 1.098e+01
 1.107e+01 1.117e+01 1.126e+01 1.136e+01 1.146e+01 1.156e+01 1.167e+01 1.178e+01
 1.190e+01 1.202e+01 1.215e+01 1.228e+01 1.241e+01 1.255e+01 1.270e+01 1.285e+01
 1.300e+01 1.316e+01 1.331e+01 1.346e+01 1.362e+01 1.376e+01 1.390e+01 1.404e+01
 1.417e+01 1.429e+01 1.440e+01 1.451e+01 1.461e+01 1.470e+01 1.479e+01 1.487e+01
 1.494e+01 1.500e+01 1.506e+01 1.512e+01 1.517e+01 1.522e+01 1.526e+01 1.530e+01
 1.533e+01 1.537e+01 1.540e+01 1.543e+01 1.545e+01 1.548e+01 1.550e+01 1.552e+01
 1.554e+01 1.556e+01 1.558e+01 1.560e+01 1.561e+01 1.563e+01 1.564e+01 1.565e+01
 1.566e+01 1.568e+01 1.569e+01 1.570e+01 1.571e+01 1.572e+01 1.573e+01 1.574e+01
 1.575e+01 1.576e+01 1.577e+01 1.577e+01 1.578e+01 1.579e+01 1.580e+01 1.581e+01
 1.582e+01 1.583e+01 1.584e+01 1.585e+01 1.586e+01 1.587e+01 1.588e+01 1.590e+01
 1.591e+01 1.592e+01 1.593e+01 1.595e+01 1.596e+01 1.598e+01 1.599e+01 1.601e+01
 1.603e+01 1.604e+01 1.606e+01 1.608e+01 1.610e+01 1.612e+01 1.614e+01 1.616e+01
 1.619e+01 1.621e+01 1.623e+01 1.626e+01 1.628e+01 1.631e+01 1.633e+01 1.636e+01
 1.638e+01 1.641e+01 1.643e+01 1.646e+01 1.649e+01 1.651e+01 1.654e+01 1.657e+01
 1.659e+01 1.662e+01 1.665e+01 1.667e+01 1.670e+01 1.672e+01 1.675e+01 1.677e+01
 1.680e+01 1.682e+01 1.684e+01 1.687e+01 1.689e+01 1.691e+01 1.693e+01 1.695e+01
 1.697e+01 1.699e+01 1.701e+01 1.703e+01 1.705e+01 1.707e+01 1.708e+01 1.710e+01
 1.712e+01 1.713e+01 1.715e+01 1.716e+01 1.717e+01 1.719e+01 1.720e+01 1.721e+01
 1.722e+01 1.724e+01 1.725e+01 1.726e+01 1.727e+01 1.728e+01 1.729e+01 1.730e+01
 1.731e+01 1.731e+01 1.732e+01 1.733e+01 1.734e+01 1.735e+01 1.735e+01 1.736e+01
 1.737e+01 1.737e+01 1.738e+01 1.738e+01 1.739e+01 1.740e+01 1.740e+01 1.741e+01
 1.741e+01 1.741e+01 1.742e+01 1.742e+01 1.743e+01 1.743e+01 1.743e+01 1.744e+01
 1.744e+01 1.744e+01 1.745e+01 1.745e+01 1.745e+01 1.745e+01 1.746e+01 1.746e+01
 1.746e+01 1.746e+01 1.746e+01 1.746e+01 1.747e+01 1.747e+01 1.747e+01 1.747e+01
 1.747e+01 1.747e+01 1.747e+01 1.747e+01 1.747e+01 1.747e+01 1.747e+01 1.747e+01
 1.748e+01 1.748e+01 1.748e+01 1.748e+01 1.748e+01 1.748e+01 1.748e+01 1.748e+01
 1.747e+01 1.747e+01 1.747e+01 1.747e+01 1.747e+01 1.747e+01 1.747e+01 1.747e+01
 1.747e+01 1.747e+01 1.747e+01 1.747e+01 1.747e+01 1.746e+01 1.746e+01 1.746e+01
 1.746e+01 1.746e+01 1.746e+01 1.745e+01 1.745e+01 1.745e+01 1.745e+01 1.745e+01
 1.745e+01 1.744e+01 1.744e+01 1.744e+01 1.744e+01 1.744e+01 1.743e+01 1.743e+01
 1.743e+01 1.743e+01 1.742e+01 1.742e+01 1.742e+01 1.742e+01 1.741e+01 1.741e+01
 1.741e+01 1.740e+01 1.740e+01 1.740e+01 1.740e+01 1.739e+01 1.739e+01 1.739e+01
 1.738e+01 1.738e+01 1.738e+01 1.737e+01 1.737e+01 1.737e+01 1.736e+01 1.736e+01
 1.736e+01 1.735e+01 1.735e+01 1.735e+01 1.734e+01 1.734e+01 1.734e+01 1.733e+01
 1.733e+01 1.732e+01 1.732e+01 1.732e+01 1.731e+01 1.731e+01 1.731e+01 1.730e+01
 1.730e+01 1.729e+01 1.729e+01 1.729e+01 1.728e+01 1.728e+01 1.728e+01 1.727e+01
 1.727e+01 1.726e+01 1.726e+01 1.725e+01 1.725e+01 1.725e+01 1.724e+01 1.724e+01
 1.723e+01 1.723e+01 1.723e+01 1.722e+01 1.722e+01 1.721e+01 1.721e+01 1.720e+01
 1.720e+01 1.719e+01 1.719e+01 1.719e+01 1.718e+01 1.718e+01 1.717e+01 1.717e+01
 1.716e+01 1.716e+01 1.715e+01 1.715e+01 1.714e+01 1.714e+01 1.713e+01 1.713e+01
 1.712e+01 1.712e+01 1.711e+01 1.711e+01 1.710e+01 1.710e+01 1.709e+01 1.709e+01
<Z> for tau[ms]=  100.0
 2.180e-21 4.500e-21 9.289e-21 1.917e-20 3.958e-20 8.169e-20 1.686e-19 3.480e-19
 7.184e-19 1.483e-18 3.061e-18 6.318e-18 1.304e-17 2.692e-17 5.556e-17 1.147e-16
 2.367e-16 4.886e-16 1.009e-15 2.082e-15 4.297e-15 8.870e-15 1.831e-14 3.779e-14
 7.800e-14 1.610e-13 3.323e-13 6.859e-13 1.416e-12 2.922e-12 6.031e-12 1.245e-11
 2.569e-11 5.302e-11 1.094e-10 2.258e-10 4.660e-10 9.615e-10 1.984e-09 4.093e-09
 8.445e-09 1.742e-08 3.593e-08 7.411e-08 1.528e-07 3.150e-07 6.493e-07 1.338e-06
 2.756e-06 5.675e-06 1.168e-05 2.403e-05 4.938e-05 1.012e-04 2.060e-04 4.160e-04
 8.303e-04 1.633e-03 3.155e-03 5.965e-03 1.099e-02 1.962e-02 3.385e-02 5.627e-02
 8.987e-02 1.374e-01 2.002e-01 2.774e-01 3.652e-01 4.577e-01 5.485e-01 6.325e-01
 7.061e-01 7.679e-01 8.182e-01 8.582e-01 8.898e-01 9.144e-01 9.338e-01 9.491e-01
 9.614e-01 9.718e-01 9.810e-01 9.900e-01 9.999e-01 1.012e+00 1.028e+00 1.049e+00
 1.079e+00 1.120e+00 1.174e+00 1.242e+00 1.323e+00 1.414e+00 1.508e+00 1.598e+00
 1.680e+00 1.750e+00 1.807e+00 1.852e+00 1.888e+00 1.916e+00 1.938e+00 1.956e+00
 1.971e+00 1.984e+00 1.996e+00 2.009e+00 2.022e+00 2.036e+00 2.052e+00 2.070e+00
 2.092e+00 2.116e+00 2.145e+00 2.177e+00 2.213e+00 2.254e+00 2.297e+00 2.344e+00
 2.392e+00 2.442e+00 2.492e+00 2.541e+00 2.588e+00 2.633e+00 2.675e+00 2.714e+00
 2.750e+00 2.783e+00 2.813e+00 2.841e+00 2.867e+00 2.891e+00 2.915e+00 2.938e+00
 2.962e+00 2.985e+00 3.010e+00 3.036e+00 3.063e+00 3.092e+00 3.123e+00 3.157e+00
 3.192e+00 3.230e+00 3.270e+00 3.312e+00 3.356e+00 3.401e+00 3.448e+00 3.495e+00
 3.544e+00 3.594e+00 3.645e+00 3.697e+00 3.749e+00 3.803e+00 3.858e+00 3.914e+00
 3.972e+00 4.032e+00 4.093e+00 4.156e+00 4.222e+00 4.290e+00 4.360e+00 4.433e+00
 4.508e+00 4.586e+00 4.665e+00 4.747e+00 4.830e+00 4.914e+00 5.000e+00 5.086e+00
 5.173e+00 5.261e+00 5.351e+00 5.441e+00 5.533e+00 5.629e+00 5.727e+00 5.831e+00
 5.940e+00 6.056e+00 6.179e+00 6.309e+00 6.445e+00 6.586e+00 6.728e+00 6.868e+00
 7.004e+00 7.132e+00 7.250e+00 7.357e+00 7.452e+00 7.534e+00 7.605e+00 7.666e+00
 7.717e+00 7.760e+00 7.796e+00 7.826e+00 7.851e+00 7.872e+00 7.890e+00 7.905e+00
 7.918e+00 7.929e+00 7.938e+00 7.947e+00 7.954e+00 7.960e+00 7.967e+00 7.972e+00
 7.978e+00 7.983e+00 7.989e+00 7.995e+00 8.002e+00 8.009e+00 8.017e+00 8.025e+00
 8.035e+00 8.047e+00 8.059e+00 8.074e+00 8.090e+00 8.109e+00 8.130e+00 8.154e+00
 8.180e+00 8.210e+00 8.242e+00 8.279e+00 8.318e+00 8.361e+00 8.408e+00 8.458e+00
 8.512e+00 8.569e+00 8.630e+00 8.694e+00 8.761e+00 8.831e+00 8.903e+00 8.979e+00
 9.057e+00 9.138e+00 9.221e+00 9.306e+00 9.392e+00 9.480e+00 9.569e+00 9.660e+00
 9.750e+00 9.842e+00 9.933e+00 1.002e+01 1.011e+01 1.021e+01 1.029e+01 1.038e+01
 1.047e+01 1.056e+01 1.065e+01 1.074e+01 1.083e+01 1.092e+01 1.101e+01 1.110e+01
 1.119e+01 1.129e+01 1.138e+01 1.149e+01 1.159e+01 1.170e+01 1.182e+01 1.194e+01
 1.206e+01 1.220e+01 1.234e+01 1.249e+01 1.265e+01 1.282e+01 1.299e+01 1.317e+01
 1.335e+01 1.354e+01 1.372e+01 1.391e+01 1.408e+01 1.425e+01 1.441e+01 1.456e+01
 1.469e+01 1.482e+01 1.493e+01 1.503e+01 1.512e+01 1.520e+01 1.528e+01 1.534e+01
 1.540e+01 1.545e+01 1.549e+01 1.553e+01 1.557e+01 1.560e+01 1.563e+01 1.566e+01
 1.568e+01 1.570e+01 1.572e+01 1.574e+01 1.575e+01 1.577e+01 1.578e+01 1.579e+01
 1.581e+01 1.582e+01 1.583e+01 1.583e+01 1.584e+01 1.585e+01 1.586e+01 1.587e+01
 1.587e+01 1.588e+01 1.589e+01 1.589e+01 1.590e+01 1.590e+01 1.591e+01 1.592e+01
 1.592e+01 1.593e+01 1.594e+01 1.594e+01 1.595e+01 1.596e+01 1.597e+01 1.598e+01
 1.598e+01 1.599e+01 1.600e+01 1.602e+01 1.603e+01 1.604e+01 1.605e+01 1.607e+01
 1.608e+01 1.610e+01 1.611e+01 1.613e+01 1.615e+01 1.617e+01 1.619e+01 1.621e+01
 1.624e+01 1.626e+01 1.629e+01 1.631e+01 1.634e+01 1.637e+01 1.640e+01 1.643e+01
 1.647e+01 1.650e+01 1.653e+01 1.657e+01 1.660e+01 1.664e+01 1.668e+01 1.671e+01
 1.675e+01 1.679e+01 1.682e+01 1.686e+01 1.690e+01 1.693e+01 1.697e+01 1.701e+01
 1.704e+01 1.707e+01 1.711e+01 1.714e+01 1.717e+01 1.720e+01 1.723e+01 1.726e+01
 1.729e+01 1.732e+01 1.735e+01 1.737e+01 1.740e+01 1.742e+01 1.744e+01 1.746e+01
 1.748e+01 1.750e+01 1.752e+01 1.754e+01 1.756e+01 1.758e+01 1.759e+01 1.761e+01
 1.762e+01 1.763e+01 1.765e+01 1.766e+01 1.767e+01 1.768e+01 1.769e+01 1.770e+01
 1.771e+01 1.772e+01 1.773e+01 1.774e+01 1.775e+01 1.776e+01 1.777e+01 1.777e+01
 1.778e+01 1.779e+01 1.779e+01 1.780e+01 1.780e+01 1.781e+01 1.781e+01 1.782e+01
 1.782e+01 1.783e+01 1.783e+01 1.784e+01 1.784e+01 1.784e+01 1.785e+01 1.785e+01
 1.785e+01 1.786e+01 1.786e+01 1.786e+01 1.787e+01 1.787e+01 1.787e+01 1.787e+01
 1.788e+01 1.788e+01 1.788e+01 1.788e+01 1.789e+01 1.789e+01 1.789e+01 1.789e+01
 1.789e+01 1.789e+01 1.790e+01 1.790e+01 1.790e+01 1.790e+01 1.790e+01 1.790e+01
 1.790e+01 1.791e+01 1.791e+01 1.791e+01 1.791e+01 1.791e+01 1.791e+01 1.791e+01
 1.791e+01 1.791e+01 1.791e+01 1.792e+01 1.792e+01 1.792e+01 1.792e+01 1.792e+01
 1.792e+01 1.792e+01 1.792e+01 1.792e+01 1.792e+01 1.792e+01 1.792e+01 1.792e+01
 1.792e+01 1.792e+01 1.792e+01 1.792e+01 1.792e+01 1.792e+01 1.792e+01 1.792e+01
 1.792e+01 1.792e+01 1.793e+01 1.793e+01 1.793e+01 1.793e+01 1.793e+01 1.793e+01
 1.793e+01 1.793e+01 1.793e+01 1.793e+01 1.793e+01 1.793e+01 1.793e+01 1.793e+01
 1.793e+01 1.793e+01 1.793e+01 1.793e+01 1.793e+01 1.793e+01 1.793e+01 1.792e+01
 1.792e+01 1.792e+01 1.792e+01 1.792e+01 1.792e+01 1.792e+01 1.792e+01 1.792e+01
 1.792e+01 1.792e+01 1.792e+01 1.792e+01 1.792e+01 1.792e+01 1.792e+01 1.792e+01
 1.792e+01 1.792e+01 1.792e+01 1.792e+01 1.792e+01 1.792e+01 1.792e+01 1.792e+01
 1.792e+01 1.792e+01 1.792e+01 1.792e+01 1.792e+01 1.792e+01 1.792e+01 1.792e+01
 1.792e+01 1.792e+01 1.792e+01 1.792e+01 1.792e+01 1.791e+01 1.791e+01 1.791e+01
 1.791e+01 1.791e+01 1.791e+01 1.791e+01 1.791e+01 1.791e+01 1.791e+01 1.791e+01
 1.791e+01 1.791e+01 1.791e+01 1.791e+01 1.791e+01 1.791e+01 1.791e+01 1.791e+01
 1.791e+01 1.791e+01 1.791e+01 1.790e+01 1.790e+01 1.790e+01 1.790e+01 1.790e+01
 1.790e+01 1.790e+01 1.790e+01 1.790e+01 1.790e+01 1.790e+01 1.790e+01 1.790e+01
 1.790e+01 1.790e+01 1.790e+01 1.790e+01 1.789e+01 1.789e+01 1.789e+01 1.789e+01
<Z> for tau[ms]= 1000.0
 2.180e-21 4.500e-21 9.289e-21 1.917e-20 3.958e-20 8.169e-20 1.686e-19 3.480e-19
 7.184e-19 1.483e-18 3.061e-18 6.318e-18 1.304e-17 2.692e-17 5.557e-17 1.147e-16
 2.367e-16 4.887e-16 1.009e-15 2.082e-15 4.298e-15 8.871e-15 1.831e-14 3.780e-14
 7.802e-14 1.610e-13 3.324e-13 6.861e-13 1.416e-12 2.923e-12 6.034e-12 1.245e-11
 2.571e-11 5.306e-11 1.095e-10 2.261e-10 4.666e-10 9.632e-10 1.988e-09 4.103e-09
 8.469e-09 1.748e-08 3.608e-08 7.447e-08 1.537e-07 3.172e-07 6.547e-07 1.351e-06
 2.788e-06 5.754e-06 1.187e-05 2.450e-05 5.053e-05 1.040e-04 2.129e-04 4.325e-04
 8.699e-04 1.727e-03 3.374e-03 6.467e-03 1.211e-02 2.207e-02 3.900e-02 6.663e-02
 1.096e-01 1.726e-01 2.580e-01 3.637e-01 4.812e-01 5.982e-01 7.031e-01 7.888e-01
 8.537e-01 9.003e-01 9.325e-01 9.543e-01 9.690e-01 9.789e-01 9.858e-01 9.908e-01
 9.948e-01 9.985e-01 1.002e+00 1.007e+00 1.014e+00 1.024e+00 1.039e+00 1.061e+00
 1.093e+00 1.137e+00 1.196e+00 1.271e+00 1.359e+00 1.457e+00 1.555e+00 1.647e+00
 1.728e+00 1.794e+00 1.846e+00 1.886e+00 1.917e+00 1.940e+00 1.958e+00 1.972e+00
 1.985e+00 1.995e+00 2.006e+00 2.017e+00 2.029e+00 2.042e+00 2.058e+00 2.076e+00
 2.097e+00 2.122e+00 2.150e+00 2.182e+00 2.219e+00 2.259e+00 2.303e+00 2.349e+00
 2.398e+00 2.448e+00 2.497e+00 2.546e+00 2.593e+00 2.638e+00 2.679e+00 2.718e+00
 2.753e+00 2.786e+00 2.816e+00 2.843e+00 2.869e+00 2.894e+00 2.917e+00 2.940e+00
 2.963e+00 2.987e+00 3.011e+00 3.037e+00 3.064e+00 3.093e+00 3.125e+00 3.158e+00
 3.194e+00 3.231e+00 3.271e+00 3.313e+00 3.357e+00 3.402e+00 3.449e+00 3.497e+00
 3.546e+00 3.595e+00 3.646e+00 3.698e+00 3.751e+00 3.805e+00 3.859e+00 3.916e+00
 3.974e+00 4.033e+00 4.095e+00 4.158e+00 4.224e+00 4.292e+00 4.362e+00 4.435e+00
 4.510e+00 4.588e+00 4.667e+00 4.749e+00 4.832e+00 4.916e+00 5.002e+00 5.089e+00
 5.176e+00 5.264e+00 5.354e+00 5.445e+00 5.538e+00 5.634e+00 5.734e+00 5.838e+00
 5.949e+00 6.067e+00 6.193e+00 6.325e+00 6.464e+00 6.608e+00 6.752e+00 6.895e+00
 7.032e+00 7.161e+00 7.279e+00 7.385e+00 7.478e+00 7.559e+00 7.628e+00 7.687e+00
 7.736e+00 7.777e+00 7.811e+00 7.840e+00 7.864e+00 7.883e+00 7.900e+00 7.914e+00
 7.926e+00 7.936e+00 7.945e+00 7.953e+00 7.959e+00 7.966e+00 7.971e+00 7.977e+00
 7.982e+00 7.987e+00 7.993e+00 7.998e+00 8.005e+00 8.012e+00 8.019e+00 8.028e+00
 8.038e+00 8.049e+00 8.062e+00 8.076e+00 8.093e+00 8.112e+00 8.133e+00 8.156e+00
 8.183e+00 8.213e+00 8.246e+00 8.282e+00 8.322e+00 8.365e+00 8.412e+00 8.463e+00
 8.517e+00 8.574e+00 8.635e+00 8.700e+00 8.767e+00 8.837e+00 8.911e+00 8.987e+00
 9.065e+00 9.146e+00 9.229e+00 9.314e+00 9.401e+00 9.490e+00 9.579e+00 9.670e+00
 9.761e+00 9.852e+00 9.944e+00 1.003e+01 1.013e+01 1.022e+01 1.031e+01 1.040e+01
 1.048e+01 1.057e+01 1.066e+01 1.075e+01 1.084e+01 1.093e+01 1.102e+01 1.111e+01
 1.120e+01 1.130e+01 1.140e+01 1.150e+01 1.161e+01 1.172e+01 1.183e+01 1.195e+01
 1.208e+01 1.222e+01 1.236e+01 1.252e+01 1.268e+01 1.285e+01 1.303e+01 1.321e+01
 1.340e+01 1.359e+01 1.378e+01 1.396e+01 1.414e+01 1.431e+01 1.447e+01 1.462e+01
 1.476e+01 1.488e+01 1.499e+01 1.509e+01 1.518e+01 1.526e+01 1.533e+01 1.540e+01
 1.545e+01 1.550e+01 1.554e+01 1.558e+01 1.562e+01 1.565e+01 1.567e+01 1.570e+01
 1.572e+01 1.574e+01 1.576e+01 1.577e+01 1.579e+01 1.580e+01 1.581e+01 1.582e+01
 1.583e+01 1.584e+01 1.585e+01 1.586e+01 1.587e+01 1.588e+01 1.588e+01 1.589e+01
 1.589e+01 1.590e+01 1.591e+01 1.591e+01 1.592e+01 1.592e+01 1.593e+01 1.594e+01
 1.594e+01 1.595e+01 1.595e+01 1.596e+01 1.597e+01 1.598e+01 1.598e+01 1.599e+01
 1.600e+01 1.601e+01 1.602e+01 1.603e+01 1.605e+01 1.606e+01 1.607e+01 1.609e+01
 1.610e+01 1.612e+01 1.614e+01 1.615e+01 1.617e+01 1.619e+01 1.622e+01 1.624e+01
 1.626e+01 1.629e+01 1.632e+01 1.634e+01 1.637e+01 1.640e+01 1.644e+01 1.647e+01
 1.650e+01 1.654e+01 1.657e+01 1.661e+01 1.665e+01 1.669e+01 1.672e+01 1.676e+01
 1.680e+01 1.684e+01 1.688e+01 1.692e+01 1.696e+01 1.699e+01 1.703e+01 1.707e+01
 1.710e+01 1.714e+01 1.717e+01 1.721e+01 1.724e+01 1.727e+01 1.730e+01 1.733e+01
 1.736e+01 1.739e+01 1.741e+01 1.744e+01 1.746e+01 1.749e+01 1.751e+01 1.753e+01
 1.755e+01 1.757e+01 1.759e+01 1.761e+01 1.763e+01 1.764e+01 1.766e+01 1.767e+01
 1.769e+01 1.770e+01 1.771e+01 1.772e+01 1.774e+01 1.775e+01 1.776e+01 1.777e+01
 1.778e+01 1.778e+01 1.779e+01 1.780e+01 1.781e+01 1.782e+01 1.782e+01 1.783e+01
 1.784e+01 1.784e+01 1.785e+01 1.785e+01 1.786e+01 1.786e+01 1.787e+01 1.787e+01
 1.788e+01 1.788e+01 1.789e+01 1.789e+01 1.789e+01 1.790e+01 1.790e+01 1.790e+01
 1.791e+01 1.791e+01 1.791e+01 1.792e+01 1.792e+01 1.792e+01 1.792e+01 1.793e+01
 1.793e+01 1.793e+01 1.793e+01 1.793e+01 1.794e+01 1.794e+01 1.794e+01 1.794e+01
 1.794e+01 1.794e+01 1.795e+01 1.795e+01 1.795e+01 1.795e+01 1.795e+01 1.795e+01
 1.795e+01 1.796e+01 1.796e+01 1.796e+01 1.796e+01 1.796e+01 1.796e+01 1.796e+01
 1.796e+01 1.796e+01 1.796e+01 1.797e+01 1.797e+01 1.797e+01 1.797e+01 1.797e+01
 1.797e+01 1.797e+01 1.797e+01 1.797e+01 1.797e+01 1.797e+01 1.797e+01 1.797e+01
 1.797e+01 1.797e+01 1.797e+01 1.798e+01 1.798e+01 1.798e+01 1.798e+01 1.798e+01
 1.798e+01 1.798e+01 1.798e+01 1.798e+01 1.798e+01 1.798e+01 1.798e+01 1.798e+01
 1.798e+01 1.798e+01 1.798e+01 1.798e+01 1.798e+01 1.798e+01 1.798e+01 1.798e+01
 1.798e+01 1.798e+01 1.798e+01 1.798e+01 1.798e+01 1.798e+01 1.798e+01 1.798e+01
 1.798e+01 1.798e+01 1.798e+01 1.798e+01 1.798e+01 1.798e+01 1.798e+01 1.798e+01
 1.798e+01 1.799e+01 1.799e+01 1.799e+01 1.799e+01 1.799e+01 1.799e+01 1.799e+01
 1.799e+01 1.799e+01 1.799e+01 1.799e+01 1.799e+01 1.799e+01 1.799e+01 1.799e+01
 1.799e+01 1.799e+01 1.799e+01 1.799e+01 1.799e+01 1.799e+01 1.799e+01 1.799e+01
 1.799e+01 1.799e+01 1.799e+01 1.799e+01 1.799e+01 1.799e+01 1.799e+01 1.799e+01
 1.799e+01 1.799e+01 1.799e+01 1.799e+01 1.799e+01 1.799e+01 1.799e+01 1.799e+01
 1.799e+01 1.799e+01 1.799e+01 1.799e+01 1.799e+01 1.799e+01 1.799e+01 1.799e+01
 1.799e+01 1.799e+01 1.799e+01 1.799e+01 1.799e+01 1.799e+01 1.799e+01 1.799e+01
 1.799e+01 1.799e+01 1.799e+01 1.799e+01 1.799e+01 1.799e+01 1.799e+01 1.799e+01
 1.799e+01 1.799e+01 1.799e+01 1.799e+01 1.799e+01 1.799e+01 1.799e+01 1.799e+01
<Z> in equilibrium - infinite confinement
 2.180e-21 4.500e-21 9.289e-21 1.917e-20 3.958e-20 8.169e-20 1.686e-19 3.480e-19
 7.184e-19 1.483e-18 3.061e-18 6.318e-18 1.304e-17 2.692e-17 5.557e-17 1.147e-16
 2.367e-16 4.887e-16 1.009e-15 2.082e-15 4.298e-15 8.871e-15 1.831e-14 3.780e-14
 7.802e-14 1.610e-13 3.324e-13 6.861e-13 1.416e-12 2.923e-12 6.034e-12 1.246e-11
 2.571e-11 5.307e-11 1.095e-10 2.261e-10 4.667e-10 9.633e-10 1.988e-09 4.104e-09
 8.472e-09 1.749e-08 3.610e-08 7.451e-08 1.538e-07 3.175e-07 6.553e-07 1.353e-06
 2.792e-06 5.763e-06 1.189e-05 2.455e-05 5.066e-05 1.043e-04 2.137e-04 4.345e-04
 8.745e-04 1.738e-03 3.400e-03 6.528e-03 1.225e-02 2.238e-02 3.966e-02 6.802e-02
 1.124e-01 1.777e-01 2.666e-01 3.767e-01 4.988e-01 6.194e-01 7.258e-01 8.110e-01
 8.740e-01 9.179e-01 9.472e-01 9.663e-01 9.787e-01 9.867e-01 9.920e-01 9.957e-01
 9.987e-01 1.002e+00 1.005e+00 1.009e+00 1.016e+00 1.026e+00 1.041e+00 1.063e+00
 1.094e+00 1.139e+00 1.199e+00 1.274e+00 1.364e+00 1.462e+00 1.561e+00 1.653e+00
 1.733e+00 1.799e+00 1.851e+00 1.890e+00 1.920e+00 1.943e+00 1.960e+00 1.974e+00
 1.986e+00 1.997e+00 2.007e+00 2.018e+00 2.030e+00 2.043e+00 2.058e+00 2.076e+00
 2.098e+00 2.122e+00 2.151e+00 2.183e+00 2.220e+00 2.260e+00 2.303e+00 2.350e+00
 2.399e+00 2.448e+00 2.498e+00 2.547e+00 2.594e+00 2.638e+00 2.680e+00 2.718e+00
 2.754e+00 2.786e+00 2.816e+00 2.844e+00 2.870e+00 2.894e+00 2.917e+00 2.941e+00
 2.964e+00 2.987e+00 3.012e+00 3.037e+00 3.065e+00 3.094e+00 3.125e+00 3.158e+00
 3.194e+00 3.232e+00 3.272e+00 3.313e+00 3.357e+00 3.402e+00 3.449e+00 3.497e+00
 3.546e+00 3.596e+00 3.646e+00 3.698e+00 3.751e+00 3.805e+00 3.860e+00 3.916e+00
 3.974e+00 4.033e+00 4.095e+00 4.158e+00 4.224e+00 4.292e+00 4.362e+00 4.435e+00
 4.510e+00 4.588e+00 4.667e+00 4.749e+00 4.832e+00 4.917e+00 5.002e+00 5.089e+00
 5.176e+00 5.265e+00 5.354e+00 5.445e+00 5.538e+00 5.634e+00 5.734e+00 5.839e+00
 5.950e+00 6.069e+00 6.194e+00 6.327e+00 6.467e+00 6.610e+00 6.755e+00 6.898e+00
 7.035e+00 7.164e+00 7.282e+00 7.388e+00 7.481e+00 7.562e+00 7.631e+00 7.689e+00
 7.738e+00 7.779e+00 7.813e+00 7.841e+00 7.865e+00 7.885e+00 7.901e+00 7.915e+00
 7.927e+00 7.937e+00 7.946e+00 7.953e+00 7.960e+00 7.966e+00 7.972e+00 7.977e+00
 7.982e+00 7.988e+00 7.993e+00 7.999e+00 8.005e+00 8.012e+00 8.020e+00 8.028e+00
 8.038e+00 8.049e+00 8.062e+00 8.077e+00 8.093e+00 8.112e+00 8.133e+00 8.157e+00
 8.183e+00 8.213e+00 8.246e+00 8.283e+00 8.322e+00 8.366e+00 8.413e+00 8.463e+00
 8.518e+00 8.575e+00 8.636e+00 8.700e+00 8.768e+00 8.838e+00 8.911e+00 8.987e+00
 9.066e+00 9.147e+00 9.230e+00 9.315e+00 9.402e+00 9.491e+00 9.580e+00 9.671e+00
 9.762e+00 9.853e+00 9.945e+00 1.004e+01 1.013e+01 1.022e+01 1.031e+01 1.040e+01
 1.049e+01 1.057e+01 1.066e+01 1.075e+01 1.084e+01 1.093e+01 1.102e+01 1.111e+01
 1.120e+01 1.130e+01 1.140e+01 1.150e+01 1.161e+01 1.172e+01 1.183e+01 1.196e+01
 1.208e+01 1.222e+01 1.237e+01 1.252e+01 1.268e+01 1.285e+01 1.303e+01 1.321e+01
 1.340e+01 1.359e+01 1.378e+01 1.397e+01 1.415e+01 1.432e+01 1.448e+01 1.463e+01
 1.476e+01 1.489e+01 1.500e+01 1.510e+01 1.519e+01 1.527e+01 1.534e+01 1.540e+01
 1.546e+01 1.551e+01 1.555e+01 1.559e+01 1.562e+01 1.565e+01 1.568e+01 1.570e+01
 1.572e+01 1.574e+01 1.576e+01 1.578e+01 1.579e+01 1.580e+01 1.582e+01 1.583e+01
 1.584e+01 1.585e+01 1.585e+01 1.586e+01 1.587e+01 1.588e+01 1.588e+01 1.589e+01
 1.590e+01 1.590e+01 1.591e+01 1.591e+01 1.592e+01 1.593e+01 1.593e+01 1.594e+01
 1.594e+01 1.595e+01 1.596e+01 1.596e+01 1.597e+01 1.598e+01 1.599e+01 1.600e+01
 1.600e+01 1.601e+01 1.602e+01 1.604e+01 1.605e+01 1.606e+01 1.607e+01 1.609e+01
 1.610e+01 1.612e+01 1.614e+01 1.616e+01 1.618e+01 1.620e+01 1.622e+01 1.624e+01
 1.627e+01 1.629e+01 1.632e+01 1.635e+01 1.638e+01 1.641e+01 1.644e+01 1.647e+01
 1.651e+01 1.654e+01 1.658e+01 1.662e+01 1.665e+01 1.669e+01 1.673e+01 1.677e+01
 1.681e+01 1.685e+01 1.689e+01 1.692e+01 1.696e+01 1.700e+01 1.704e+01 1.708e+01
 1.711e+01 1.715e+01 1.718e+01 1.722e+01 1.725e+01 1.728e+01 1.731e+01 1.734e+01
 1.737e+01 1.740e+01 1.742e+01 1.745e+01 1.747e+01 1.750e+01 1.752e+01 1.754e+01
 1.756e+01 1.758e+01 1.760e+01 1.762e+01 1.763e+01 1.765e+01 1.767e+01 1.768e+01
 1.769e+01 1.771e+01 1.772e+01 1.773e+01 1.774e+01 1.775e+01 1.776e+01 1.777e+01
 1.778e+01 1.779e+01 1.780e+01 1.781e+01 1.782e+01 1.782e+01 1.783e+01 1.784e+01
 1.784e+01 1.785e+01 1.786e+01 1.786e+01 1.787e+01 1.787e+01 1.788e+01 1.788e+01
 1.788e+01 1.789e+01 1.789e+01 1.790e+01 1.790e+01 1.790e+01 1.791e+01 1.791e+01
 1.791e+01 1.792e+01 1.792e+01 1.792e+01 1.792e+01 1.793e+01 1.793e+01 1.793e+01
 1.793e+01 1.794e+01 1.794e+01 1.794e+01 1.794e+01 1.794e+01 1.795e+01 1.795e+01
 1.795e+01 1.795e+01 1.795e+01 1.795e+01 1.795e+01 1.796e+01 1.796e+01 1.796e+01
 1.796e+01 1.796e+01 1.796e+01 1.796e+01 1.796e+01 1.797e+01 1.797e+01 1.797e+01
 1.797e+01 1.797e+01 1.797e+01 1.797e+01 1.797e+01 1.797e+01 1.797e+01 1.797e+01
 1.797e+01 1.798e+01 1.798e+01 1.798e+01 1.798e+01 1.798e+01 1.798e+01 1.798e+01
 1.798e+01 1.798e+01 1.798e+01 1.798e+01 1.798e+01 1.798e+01 1.798e+01 1.798e+01
 1.798e+01 1.798e+01 1.798e+01 1.798e+01 1.798e+01 1.799e+01 1.799e+01 1.799e+01
 1.799e+01 1.799e+01 1.799e+01 1.799e+01 1.799e+01 1.799e+01 1.799e+01 1.799e+01
 1.799e+01 1.799e+01 1.799e+01 1.799e+01 1.799e+01 1.799e+01 1.799e+01 1.799e+01
 1.799e+01 1.799e+01 1.799e+01 1.799e+01 1.799e+01 1.799e+01 1.799e+01 1.799e+01
 1.799e+01 1.799e+01 1.799e+01 1.799e+01 1.799e+01 1.799e+01 1.799e+01 1.799e+01
 1.799e+01 1.799e+01 1.799e+01 1.799e+01 1.799e+01 1.799e+01 1.799e+01 1.799e+01
 1.799e+01 1.799e+01 1.799e+01 1.799e+01 1.799e+01 1.799e+01 1.799e+01 1.799e+01
 1.799e+01 1.799e+01 1.799e+01 1.799e+01 1.800e+01 1.800e+01 1.800e+01 1.800e+01
 1.800e+01 1.800e+01 1.800e+01 1.800e+01 1.800e+01 1.800e+01 1.800e+01 1.800e+01
 1.800e+01 1.800e+01 1.800e+01 1.800e+01 1.800e+01 1.800e+01 1.800e+01 1.800e+01
 1.800e+01 1.800e+01 1.800e+01 1.800e+01 1.800e+01 1.800e+01 1.800e+01 1.800e+01
 1.800e+01 1.800e+01 1.800e+01 1.800e+01 1.800e+01 1.800e+01 1.800e+01 1.800e+01
 1.800e+01 1.800e+01 1.800e+01 1.800e+01 1.800e+01 1.800e+01 1.800e+01 1.800e+01
C-------------------------------------------------------------------------------
C
C  The fractional abundance and radiated power were generated from the
C  ADAS installation at UKAEA with the named adf11 files. The adf11 data
C  files may be updated in a later release of ADAS and publicly
C  available versions may be found at https://open.adas.ac.uk/.
C
C  The equilibrium balance data was produced with run_adas405.py and
C  the balance with a confinement time with adas4xx_ionbal_tau.py
C  which are functions from the ADAS library. Details on these codes
C  may be found at: https://www.adas.ac.uk/python_lib/index.html
C
C  Copyright (C) 2023 UK Atomic Energy Authority
C
C  This file was generated for use in the UKAEA systems code PROCESS
C  using a script written by Martin O'Mullane.
C  If acquired without provenance a user is strongly advised
C  to check its validity by re-generating using the adf11 files from
C  the OPEN-ADAS site.
C
C  Produced by : Timothy Nunn
C  Date        : 29-07-26
C
C-------------------------------------------------------------------------------
