Mean quadratic charge as a function dwell time.
Temperature :      0.2 - 500000.0 eV
Density     : 1.00e+20 m-3
   600     5  # Te values, dwell time

Source data:
acd : /home/adas/adas/adf11/acd85/acd85_ar.dat
scd : /home/adas/adas/adf11/scd85/scd85_ar.dat
plt : /home/adas/adas/adf11/plt89/plt89_ar.dat
prb : /home/adas/adas/adf11/prb89/prb89_ar.dat

Te[eV]
 2.500e-01 2.561e-01 2.624e-01 2.688e-01 2.754e-01 2.822e-01 2.891e-01 2.962e-01
 3.035e-01 3.109e-01 3.185e-01 3.263e-01 3.343e-01 3.425e-01 3.509e-01 3.595e-01
 3.683e-01 3.774e-01 3.866e-01 3.961e-01 4.058e-01 4.158e-01 4.260e-01 4.364e-01
 4.471e-01 4.581e-01 4.693e-01 4.808e-01 4.926e-01 5.047e-01 5.170e-01 5.297e-01
 5.427e-01 5.560e-01 5.696e-01 5.836e-01 5.979e-01 6.126e-01 6.276e-01 6.430e-01
 6.587e-01 6.749e-01 6.914e-01 7.084e-01 7.257e-01 7.435e-01 7.618e-01 7.804e-01
 7.996e-01 8.192e-01 8.393e-01 8.598e-01 8.809e-01 9.025e-01 9.247e-01 9.473e-01
 9.706e-01 9.943e-01 1.019e+00 1.044e+00 1.069e+00 1.096e+00 1.122e+00 1.150e+00
 1.178e+00 1.207e+00 1.237e+00 1.267e+00 1.298e+00 1.330e+00 1.362e+00 1.396e+00
 1.430e+00 1.465e+00 1.501e+00 1.538e+00 1.575e+00 1.614e+00 1.654e+00 1.694e+00
 1.736e+00 1.778e+00 1.822e+00 1.867e+00 1.912e+00 1.959e+00 2.007e+00 2.056e+00
 2.107e+00 2.159e+00 2.211e+00 2.266e+00 2.321e+00 2.378e+00 2.436e+00 2.496e+00
 2.557e+00 2.620e+00 2.684e+00 2.750e+00 2.818e+00 2.887e+00 2.957e+00 3.030e+00
 3.104e+00 3.180e+00 3.258e+00 3.338e+00 3.420e+00 3.504e+00 3.590e+00 3.678e+00
 3.768e+00 3.860e+00 3.955e+00 4.052e+00 4.151e+00 4.253e+00 4.357e+00 4.464e+00
 4.574e+00 4.686e+00 4.801e+00 4.918e+00 5.039e+00 5.162e+00 5.289e+00 5.419e+00
 5.551e+00 5.688e+00 5.827e+00 5.970e+00 6.116e+00 6.266e+00 6.420e+00 6.577e+00
 6.738e+00 6.904e+00 7.073e+00 7.246e+00 7.424e+00 7.606e+00 7.792e+00 7.983e+00
 8.179e+00 8.380e+00 8.585e+00 8.796e+00 9.011e+00 9.232e+00 9.459e+00 9.691e+00
 9.928e+00 1.017e+01 1.042e+01 1.068e+01 1.094e+01 1.121e+01 1.148e+01 1.176e+01
 1.205e+01 1.235e+01 1.265e+01 1.296e+01 1.328e+01 1.360e+01 1.394e+01 1.428e+01
 1.463e+01 1.499e+01 1.535e+01 1.573e+01 1.612e+01 1.651e+01 1.692e+01 1.733e+01
 1.776e+01 1.819e+01 1.864e+01 1.909e+01 1.956e+01 2.004e+01 2.053e+01 2.104e+01
 2.155e+01 2.208e+01 2.262e+01 2.318e+01 2.374e+01 2.433e+01 2.492e+01 2.553e+01
 2.616e+01 2.680e+01 2.746e+01 2.813e+01 2.882e+01 2.953e+01 3.025e+01 3.099e+01
 3.175e+01 3.253e+01 3.333e+01 3.415e+01 3.498e+01 3.584e+01 3.672e+01 3.762e+01
 3.854e+01 3.949e+01 4.046e+01 4.145e+01 4.246e+01 4.351e+01 4.457e+01 4.566e+01
 4.678e+01 4.793e+01 4.911e+01 5.031e+01 5.154e+01 5.281e+01 5.410e+01 5.543e+01
 5.679e+01 5.818e+01 5.961e+01 6.107e+01 6.256e+01 6.410e+01 6.567e+01 6.728e+01
 6.893e+01 7.062e+01 7.235e+01 7.412e+01 7.594e+01 7.780e+01 7.971e+01 8.167e+01
 8.367e+01 8.572e+01 8.782e+01 8.997e+01 9.218e+01 9.444e+01 9.676e+01 9.913e+01
 1.016e+02 1.040e+02 1.066e+02 1.092e+02 1.119e+02 1.146e+02 1.174e+02 1.203e+02
 1.233e+02 1.263e+02 1.294e+02 1.326e+02 1.358e+02 1.391e+02 1.426e+02 1.461e+02
 1.496e+02 1.533e+02 1.571e+02 1.609e+02 1.649e+02 1.689e+02 1.730e+02 1.773e+02
 1.816e+02 1.861e+02 1.906e+02 1.953e+02 2.001e+02 2.050e+02 2.100e+02 2.152e+02
 2.205e+02 2.259e+02 2.314e+02 2.371e+02 2.429e+02 2.488e+02 2.549e+02 2.612e+02
 2.676e+02 2.742e+02 2.809e+02 2.878e+02 2.948e+02 3.021e+02 3.095e+02 3.170e+02
 3.248e+02 3.328e+02 3.409e+02 3.493e+02 3.579e+02 3.666e+02 3.756e+02 3.848e+02
 3.943e+02 4.039e+02 4.138e+02 4.240e+02 4.344e+02 4.450e+02 4.559e+02 4.671e+02
 4.786e+02 4.903e+02 5.023e+02 5.146e+02 5.273e+02 5.402e+02 5.534e+02 5.670e+02
 5.809e+02 5.951e+02 6.097e+02 6.247e+02 6.400e+02 6.557e+02 6.718e+02 6.882e+02
 7.051e+02 7.224e+02 7.401e+02 7.582e+02 7.768e+02 7.959e+02 8.154e+02 8.354e+02
 8.559e+02 8.769e+02 8.984e+02 9.204e+02 9.429e+02 9.661e+02 9.897e+02 1.014e+03
 1.039e+03 1.064e+03 1.090e+03 1.117e+03 1.145e+03 1.173e+03 1.201e+03 1.231e+03
 1.261e+03 1.292e+03 1.324e+03 1.356e+03 1.389e+03 1.423e+03 1.458e+03 1.494e+03
 1.531e+03 1.568e+03 1.607e+03 1.646e+03 1.686e+03 1.728e+03 1.770e+03 1.813e+03
 1.858e+03 1.903e+03 1.950e+03 1.998e+03 2.047e+03 2.097e+03 2.149e+03 2.201e+03
 2.255e+03 2.310e+03 2.367e+03 2.425e+03 2.485e+03 2.546e+03 2.608e+03 2.672e+03
 2.737e+03 2.804e+03 2.873e+03 2.944e+03 3.016e+03 3.090e+03 3.166e+03 3.243e+03
 3.323e+03 3.404e+03 3.488e+03 3.573e+03 3.661e+03 3.750e+03 3.842e+03 3.937e+03
 4.033e+03 4.132e+03 4.233e+03 4.337e+03 4.443e+03 4.552e+03 4.664e+03 4.778e+03
 4.895e+03 5.015e+03 5.138e+03 5.264e+03 5.393e+03 5.526e+03 5.661e+03 5.800e+03
 5.942e+03 6.088e+03 6.237e+03 6.390e+03 6.547e+03 6.707e+03 6.872e+03 7.040e+03
 7.213e+03 7.390e+03 7.571e+03 7.756e+03 7.947e+03 8.141e+03 8.341e+03 8.545e+03
 8.755e+03 8.970e+03 9.190e+03 9.415e+03 9.646e+03 9.882e+03 1.012e+04 1.037e+04
 1.063e+04 1.089e+04 1.115e+04 1.143e+04 1.171e+04 1.200e+04 1.229e+04 1.259e+04
 1.290e+04 1.322e+04 1.354e+04 1.387e+04 1.421e+04 1.456e+04 1.492e+04 1.528e+04
 1.566e+04 1.604e+04 1.643e+04 1.684e+04 1.725e+04 1.767e+04 1.811e+04 1.855e+04
 1.901e+04 1.947e+04 1.995e+04 2.044e+04 2.094e+04 2.145e+04 2.198e+04 2.252e+04
 2.307e+04 2.363e+04 2.421e+04 2.481e+04 2.542e+04 2.604e+04 2.668e+04 2.733e+04
 2.800e+04 2.869e+04 2.939e+04 3.011e+04 3.085e+04 3.161e+04 3.238e+04 3.318e+04
 3.399e+04 3.482e+04 3.568e+04 3.655e+04 3.745e+04 3.836e+04 3.931e+04 4.027e+04
 4.126e+04 4.227e+04 4.330e+04 4.437e+04 4.545e+04 4.657e+04 4.771e+04 4.888e+04
 5.008e+04 5.131e+04 5.256e+04 5.385e+04 5.517e+04 5.652e+04 5.791e+04 5.933e+04
 6.078e+04 6.228e+04 6.380e+04 6.537e+04 6.697e+04 6.861e+04 7.029e+04 7.202e+04
 7.378e+04 7.559e+04 7.744e+04 7.934e+04 8.129e+04 8.328e+04 8.532e+04 8.741e+04
 8.956e+04 9.175e+04 9.400e+04 9.631e+04 9.867e+04 1.011e+05 1.036e+05 1.061e+05
 1.087e+05 1.114e+05 1.141e+05 1.169e+05 1.198e+05 1.227e+05 1.257e+05 1.288e+05
 1.320e+05 1.352e+05 1.385e+05 1.419e+05 1.454e+05 1.489e+05 1.526e+05 1.563e+05
 1.602e+05 1.641e+05 1.681e+05 1.722e+05 1.765e+05 1.808e+05 1.852e+05 1.898e+05
 1.944e+05 1.992e+05 2.041e+05 2.091e+05 2.142e+05 2.194e+05 2.248e+05 2.303e+05
 2.360e+05 2.418e+05 2.477e+05 2.538e+05 2.600e+05 2.664e+05 2.729e+05 2.796e+05
 2.864e+05 2.935e+05 3.007e+05 3.080e+05 3.156e+05 3.233e+05 3.312e+05 3.394e+05
 3.477e+05 3.562e+05 3.649e+05 3.739e+05 3.831e+05 3.924e+05 4.021e+05 4.119e+05
 4.220e+05 4.324e+05 4.430e+05 4.538e+05 4.650e+05 4.764e+05 4.880e+05 5.000e+05
sqrt(<Z^2>) for tau[ms]=    0.1
 4.662e-11 6.697e-11 9.618e-11 1.381e-10 1.984e-10 2.848e-10 4.089e-10 5.870e-10
 8.426e-10 1.209e-09 1.735e-09 2.489e-09 3.569e-09 5.116e-09 7.331e-09 1.050e-08
 1.503e-08 2.150e-08 3.073e-08 4.388e-08 6.260e-08 8.919e-08 1.269e-07 1.803e-07
 2.556e-07 3.616e-07 5.104e-07 7.186e-07 1.009e-06 1.412e-06 1.970e-06 2.738e-06
 3.792e-06 5.231e-06 7.191e-06 9.846e-06 1.343e-05 1.826e-05 2.473e-05 3.339e-05
 4.494e-05 6.032e-05 8.077e-05 1.079e-04 1.438e-04 1.914e-04 2.544e-04 3.375e-04
 4.474e-04 5.923e-04 7.835e-04 1.036e-03 1.368e-03 1.803e-03 2.368e-03 3.093e-03
 4.013e-03 5.163e-03 6.575e-03 8.276e-03 1.028e-02 1.257e-02 1.515e-02 1.801e-02
 2.114e-02 2.458e-02 2.832e-02 3.240e-02 3.687e-02 4.181e-02 4.731e-02 5.351e-02
 6.050e-02 6.838e-02 7.725e-02 8.724e-02 9.846e-02 1.111e-01 1.252e-01 1.409e-01
 1.585e-01 1.781e-01 1.997e-01 2.234e-01 2.492e-01 2.772e-01 3.071e-01 3.387e-01
 3.719e-01 4.063e-01 4.414e-01 4.769e-01 5.126e-01 5.481e-01 5.834e-01 6.181e-01
 6.522e-01 6.857e-01 7.186e-01 7.510e-01 7.831e-01 8.150e-01 8.472e-01 8.798e-01
 9.132e-01 9.477e-01 9.836e-01 1.021e+00 1.061e+00 1.102e+00 1.145e+00 1.190e+00
 1.236e+00 1.283e+00 1.331e+00 1.379e+00 1.427e+00 1.474e+00 1.521e+00 1.566e+00
 1.610e+00 1.653e+00 1.695e+00 1.737e+00 1.778e+00 1.819e+00 1.859e+00 1.900e+00
 1.942e+00 1.984e+00 2.027e+00 2.071e+00 2.115e+00 2.160e+00 2.205e+00 2.251e+00
 2.296e+00 2.342e+00 2.387e+00 2.432e+00 2.477e+00 2.521e+00 2.564e+00 2.607e+00
 2.649e+00 2.690e+00 2.732e+00 2.773e+00 2.814e+00 2.855e+00 2.897e+00 2.939e+00
 2.982e+00 3.026e+00 3.070e+00 3.115e+00 3.161e+00 3.208e+00 3.255e+00 3.303e+00
 3.352e+00 3.402e+00 3.452e+00 3.503e+00 3.555e+00 3.607e+00 3.660e+00 3.713e+00
 3.768e+00 3.823e+00 3.878e+00 3.935e+00 3.992e+00 4.049e+00 4.108e+00 4.166e+00
 4.225e+00 4.285e+00 4.345e+00 4.405e+00 4.465e+00 4.525e+00 4.584e+00 4.644e+00
 4.703e+00 4.762e+00 4.820e+00 4.878e+00 4.935e+00 4.992e+00 5.048e+00 5.103e+00
 5.157e+00 5.211e+00 5.265e+00 5.318e+00 5.371e+00 5.423e+00 5.475e+00 5.527e+00
 5.578e+00 5.630e+00 5.681e+00 5.733e+00 5.785e+00 5.836e+00 5.888e+00 5.941e+00
 5.993e+00 6.046e+00 6.098e+00 6.151e+00 6.204e+00 6.258e+00 6.311e+00 6.364e+00
 6.416e+00 6.468e+00 6.520e+00 6.572e+00 6.622e+00 6.672e+00 6.720e+00 6.768e+00
 6.815e+00 6.860e+00 6.904e+00 6.947e+00 6.989e+00 7.029e+00 7.068e+00 7.106e+00
 7.142e+00 7.178e+00 7.212e+00 7.245e+00 7.278e+00 7.309e+00 7.340e+00 7.370e+00
 7.399e+00 7.428e+00 7.457e+00 7.485e+00 7.513e+00 7.541e+00 7.569e+00 7.597e+00
 7.625e+00 7.653e+00 7.682e+00 7.711e+00 7.741e+00 7.771e+00 7.802e+00 7.834e+00
 7.866e+00 7.899e+00 7.932e+00 7.966e+00 8.001e+00 8.037e+00 8.073e+00 8.111e+00
 8.149e+00 8.187e+00 8.226e+00 8.266e+00 8.307e+00 8.348e+00 8.390e+00 8.433e+00
 8.476e+00 8.520e+00 8.565e+00 8.609e+00 8.655e+00 8.700e+00 8.747e+00 8.793e+00
 8.839e+00 8.886e+00 8.933e+00 8.981e+00 9.028e+00 9.075e+00 9.123e+00 9.171e+00
 9.218e+00 9.266e+00 9.314e+00 9.361e+00 9.409e+00 9.457e+00 9.504e+00 9.551e+00
 9.598e+00 9.645e+00 9.692e+00 9.738e+00 9.784e+00 9.830e+00 9.875e+00 9.920e+00
 9.965e+00 1.001e+01 1.005e+01 1.010e+01 1.014e+01 1.018e+01 1.023e+01 1.027e+01
 1.031e+01 1.035e+01 1.039e+01 1.043e+01 1.047e+01 1.051e+01 1.055e+01 1.059e+01
 1.063e+01 1.066e+01 1.070e+01 1.074e+01 1.077e+01 1.081e+01 1.084e+01 1.087e+01
 1.091e+01 1.094e+01 1.097e+01 1.100e+01 1.103e+01 1.106e+01 1.109e+01 1.112e+01
 1.115e+01 1.118e+01 1.120e+01 1.123e+01 1.126e+01 1.128e+01 1.130e+01 1.133e+01
 1.135e+01 1.137e+01 1.140e+01 1.142e+01 1.144e+01 1.146e+01 1.148e+01 1.150e+01
 1.152e+01 1.153e+01 1.155e+01 1.157e+01 1.159e+01 1.160e+01 1.162e+01 1.163e+01
 1.165e+01 1.166e+01 1.167e+01 1.169e+01 1.170e+01 1.171e+01 1.172e+01 1.173e+01
 1.175e+01 1.176e+01 1.177e+01 1.178e+01 1.178e+01 1.179e+01 1.180e+01 1.181e+01
 1.182e+01 1.182e+01 1.183e+01 1.184e+01 1.184e+01 1.185e+01 1.185e+01 1.186e+01
 1.186e+01 1.187e+01 1.187e+01 1.187e+01 1.187e+01 1.188e+01 1.188e+01 1.188e+01
 1.188e+01 1.188e+01 1.189e+01 1.189e+01 1.189e+01 1.189e+01 1.189e+01 1.189e+01
 1.188e+01 1.188e+01 1.188e+01 1.188e+01 1.188e+01 1.188e+01 1.187e+01 1.187e+01
 1.187e+01 1.186e+01 1.186e+01 1.186e+01 1.185e+01 1.185e+01 1.184e+01 1.184e+01
 1.183e+01 1.183e+01 1.182e+01 1.181e+01 1.181e+01 1.180e+01 1.180e+01 1.179e+01
 1.178e+01 1.177e+01 1.177e+01 1.176e+01 1.175e+01 1.174e+01 1.173e+01 1.172e+01
 1.171e+01 1.170e+01 1.169e+01 1.168e+01 1.167e+01 1.166e+01 1.165e+01 1.164e+01
 1.163e+01 1.162e+01 1.161e+01 1.160e+01 1.159e+01 1.157e+01 1.156e+01 1.155e+01
 1.154e+01 1.152e+01 1.151e+01 1.150e+01 1.148e+01 1.147e+01 1.145e+01 1.144e+01
 1.142e+01 1.141e+01 1.139e+01 1.138e+01 1.136e+01 1.135e+01 1.133e+01 1.132e+01
 1.130e+01 1.129e+01 1.127e+01 1.125e+01 1.124e+01 1.122e+01 1.120e+01 1.119e+01
 1.117e+01 1.115e+01 1.114e+01 1.112e+01 1.110e+01 1.109e+01 1.107e+01 1.105e+01
 1.103e+01 1.102e+01 1.100e+01 1.098e+01 1.096e+01 1.094e+01 1.092e+01 1.091e+01
 1.089e+01 1.087e+01 1.085e+01 1.083e+01 1.081e+01 1.079e+01 1.077e+01 1.075e+01
 1.073e+01 1.071e+01 1.069e+01 1.067e+01 1.065e+01 1.063e+01 1.061e+01 1.059e+01
 1.057e+01 1.055e+01 1.053e+01 1.051e+01 1.049e+01 1.047e+01 1.045e+01 1.043e+01
 1.041e+01 1.038e+01 1.036e+01 1.034e+01 1.032e+01 1.030e+01 1.028e+01 1.026e+01
 1.024e+01 1.021e+01 1.019e+01 1.017e+01 1.015e+01 1.013e+01 1.011e+01 1.008e+01
 1.006e+01 1.004e+01 1.002e+01 9.997e+00 9.975e+00 9.953e+00 9.931e+00 9.909e+00
 9.887e+00 9.865e+00 9.843e+00 9.821e+00 9.799e+00 9.777e+00 9.755e+00 9.733e+00
 9.711e+00 9.689e+00 9.667e+00 9.645e+00 9.623e+00 9.601e+00 9.579e+00 9.556e+00
 9.534e+00 9.512e+00 9.490e+00 9.468e+00 9.446e+00 9.423e+00 9.401e+00 9.379e+00
 9.357e+00 9.334e+00 9.312e+00 9.290e+00 9.268e+00 9.245e+00 9.223e+00 9.201e+00
 9.178e+00 9.156e+00 9.134e+00 9.111e+00 9.089e+00 9.067e+00 9.044e+00 9.022e+00
 8.999e+00 8.977e+00 8.954e+00 8.932e+00 8.910e+00 8.887e+00 8.865e+00 8.842e+00
 8.820e+00 8.797e+00 8.775e+00 8.752e+00 8.730e+00 8.707e+00 8.685e+00 8.662e+00
 8.640e+00 8.617e+00 8.594e+00 8.572e+00 8.549e+00 8.527e+00 8.504e+00 8.481e+00
sqrt(<Z^2>) for tau[ms]=    1.0
 4.668e-11 6.707e-11 9.636e-11 1.384e-10 1.989e-10 2.857e-10 4.105e-10 5.897e-10
 8.471e-10 1.217e-09 1.748e-09 2.511e-09 3.607e-09 5.181e-09 7.442e-09 1.069e-08
 1.535e-08 2.204e-08 3.165e-08 4.545e-08 6.524e-08 9.365e-08 1.344e-07 1.928e-07
 2.766e-07 3.967e-07 5.687e-07 8.150e-07 1.167e-06 1.671e-06 2.391e-06 3.418e-06
 4.882e-06 6.965e-06 9.926e-06 1.413e-05 2.007e-05 2.846e-05 4.029e-05 5.689e-05
 8.013e-05 1.125e-04 1.576e-04 2.200e-04 3.059e-04 4.240e-04 5.853e-04 8.050e-04
 1.103e-03 1.505e-03 2.047e-03 2.775e-03 3.748e-03 5.038e-03 6.734e-03 8.936e-03
 1.175e-02 1.530e-02 1.970e-02 2.502e-02 3.131e-02 3.855e-02 4.671e-02 5.575e-02
 6.570e-02 7.655e-02 8.836e-02 1.012e-01 1.152e-01 1.306e-01 1.476e-01 1.666e-01
 1.878e-01 2.114e-01 2.377e-01 2.666e-01 2.984e-01 3.330e-01 3.704e-01 4.105e-01
 4.528e-01 4.970e-01 5.423e-01 5.880e-01 6.331e-01 6.769e-01 7.187e-01 7.581e-01
 7.948e-01 8.289e-01 8.609e-01 8.913e-01 9.209e-01 9.507e-01 9.815e-01 1.014e+00
 1.050e+00 1.089e+00 1.131e+00 1.178e+00 1.228e+00 1.282e+00 1.338e+00 1.396e+00
 1.454e+00 1.511e+00 1.567e+00 1.619e+00 1.669e+00 1.716e+00 1.759e+00 1.799e+00
 1.837e+00 1.873e+00 1.908e+00 1.943e+00 1.977e+00 2.013e+00 2.051e+00 2.091e+00
 2.133e+00 2.178e+00 2.225e+00 2.275e+00 2.326e+00 2.378e+00 2.429e+00 2.480e+00
 2.529e+00 2.577e+00 2.622e+00 2.664e+00 2.704e+00 2.742e+00 2.778e+00 2.812e+00
 2.845e+00 2.877e+00 2.909e+00 2.941e+00 2.974e+00 3.007e+00 3.042e+00 3.078e+00
 3.115e+00 3.155e+00 3.196e+00 3.239e+00 3.283e+00 3.329e+00 3.376e+00 3.424e+00
 3.473e+00 3.524e+00 3.575e+00 3.627e+00 3.680e+00 3.733e+00 3.788e+00 3.844e+00
 3.901e+00 3.959e+00 4.018e+00 4.080e+00 4.142e+00 4.207e+00 4.274e+00 4.342e+00
 4.412e+00 4.484e+00 4.557e+00 4.631e+00 4.707e+00 4.783e+00 4.860e+00 4.938e+00
 5.015e+00 5.092e+00 5.169e+00 5.245e+00 5.320e+00 5.394e+00 5.468e+00 5.542e+00
 5.615e+00 5.687e+00 5.760e+00 5.833e+00 5.907e+00 5.981e+00 6.056e+00 6.131e+00
 6.208e+00 6.286e+00 6.364e+00 6.443e+00 6.523e+00 6.602e+00 6.680e+00 6.758e+00
 6.834e+00 6.909e+00 6.981e+00 7.050e+00 7.117e+00 7.180e+00 7.240e+00 7.296e+00
 7.349e+00 7.398e+00 7.444e+00 7.487e+00 7.526e+00 7.563e+00 7.596e+00 7.627e+00
 7.656e+00 7.682e+00 7.707e+00 7.730e+00 7.752e+00 7.772e+00 7.791e+00 7.810e+00
 7.828e+00 7.845e+00 7.863e+00 7.880e+00 7.898e+00 7.917e+00 7.936e+00 7.955e+00
 7.977e+00 7.999e+00 8.023e+00 8.048e+00 8.076e+00 8.105e+00 8.137e+00 8.171e+00
 8.207e+00 8.245e+00 8.286e+00 8.330e+00 8.376e+00 8.424e+00 8.475e+00 8.528e+00
 8.584e+00 8.642e+00 8.702e+00 8.765e+00 8.829e+00 8.896e+00 8.964e+00 9.034e+00
 9.105e+00 9.178e+00 9.253e+00 9.328e+00 9.404e+00 9.481e+00 9.558e+00 9.636e+00
 9.715e+00 9.793e+00 9.873e+00 9.952e+00 1.003e+01 1.011e+01 1.019e+01 1.027e+01
 1.035e+01 1.043e+01 1.052e+01 1.060e+01 1.068e+01 1.077e+01 1.085e+01 1.094e+01
 1.102e+01 1.111e+01 1.120e+01 1.128e+01 1.137e+01 1.146e+01 1.155e+01 1.164e+01
 1.173e+01 1.182e+01 1.191e+01 1.200e+01 1.209e+01 1.218e+01 1.227e+01 1.236e+01
 1.244e+01 1.253e+01 1.261e+01 1.270e+01 1.278e+01 1.286e+01 1.294e+01 1.302e+01
 1.310e+01 1.317e+01 1.325e+01 1.332e+01 1.339e+01 1.345e+01 1.352e+01 1.358e+01
 1.364e+01 1.370e+01 1.376e+01 1.382e+01 1.387e+01 1.392e+01 1.397e+01 1.402e+01
 1.407e+01 1.411e+01 1.416e+01 1.420e+01 1.424e+01 1.428e+01 1.431e+01 1.435e+01
 1.438e+01 1.442e+01 1.445e+01 1.448e+01 1.451e+01 1.454e+01 1.457e+01 1.459e+01
 1.462e+01 1.464e+01 1.467e+01 1.469e+01 1.471e+01 1.473e+01 1.475e+01 1.477e+01
 1.479e+01 1.481e+01 1.483e+01 1.485e+01 1.486e+01 1.488e+01 1.490e+01 1.491e+01
 1.493e+01 1.494e+01 1.496e+01 1.497e+01 1.499e+01 1.500e+01 1.501e+01 1.503e+01
 1.504e+01 1.505e+01 1.506e+01 1.508e+01 1.509e+01 1.510e+01 1.511e+01 1.512e+01
 1.514e+01 1.515e+01 1.516e+01 1.517e+01 1.518e+01 1.519e+01 1.520e+01 1.521e+01
 1.522e+01 1.523e+01 1.524e+01 1.525e+01 1.526e+01 1.527e+01 1.528e+01 1.529e+01
 1.530e+01 1.531e+01 1.532e+01 1.533e+01 1.534e+01 1.535e+01 1.536e+01 1.537e+01
 1.538e+01 1.539e+01 1.540e+01 1.541e+01 1.542e+01 1.543e+01 1.544e+01 1.544e+01
 1.545e+01 1.546e+01 1.547e+01 1.548e+01 1.548e+01 1.549e+01 1.550e+01 1.551e+01
 1.551e+01 1.552e+01 1.553e+01 1.553e+01 1.554e+01 1.555e+01 1.555e+01 1.556e+01
 1.556e+01 1.557e+01 1.558e+01 1.558e+01 1.559e+01 1.559e+01 1.560e+01 1.560e+01
 1.560e+01 1.561e+01 1.561e+01 1.562e+01 1.562e+01 1.562e+01 1.562e+01 1.563e+01
 1.563e+01 1.563e+01 1.563e+01 1.564e+01 1.564e+01 1.564e+01 1.564e+01 1.564e+01
 1.564e+01 1.564e+01 1.564e+01 1.564e+01 1.564e+01 1.564e+01 1.564e+01 1.564e+01
 1.564e+01 1.564e+01 1.564e+01 1.564e+01 1.563e+01 1.563e+01 1.563e+01 1.563e+01
 1.562e+01 1.562e+01 1.562e+01 1.561e+01 1.561e+01 1.561e+01 1.560e+01 1.560e+01
 1.560e+01 1.559e+01 1.559e+01 1.558e+01 1.558e+01 1.557e+01 1.557e+01 1.557e+01
 1.556e+01 1.555e+01 1.555e+01 1.554e+01 1.554e+01 1.553e+01 1.553e+01 1.552e+01
 1.551e+01 1.551e+01 1.550e+01 1.550e+01 1.549e+01 1.548e+01 1.547e+01 1.547e+01
 1.546e+01 1.545e+01 1.545e+01 1.544e+01 1.543e+01 1.542e+01 1.541e+01 1.540e+01
 1.540e+01 1.539e+01 1.538e+01 1.537e+01 1.536e+01 1.535e+01 1.534e+01 1.533e+01
 1.532e+01 1.531e+01 1.530e+01 1.529e+01 1.528e+01 1.527e+01 1.526e+01 1.525e+01
 1.524e+01 1.523e+01 1.522e+01 1.521e+01 1.520e+01 1.519e+01 1.518e+01 1.517e+01
 1.515e+01 1.514e+01 1.513e+01 1.512e+01 1.511e+01 1.509e+01 1.508e+01 1.507e+01
 1.506e+01 1.504e+01 1.503e+01 1.502e+01 1.501e+01 1.499e+01 1.498e+01 1.497e+01
 1.496e+01 1.494e+01 1.493e+01 1.492e+01 1.490e+01 1.489e+01 1.488e+01 1.487e+01
 1.485e+01 1.484e+01 1.483e+01 1.481e+01 1.480e+01 1.479e+01 1.477e+01 1.476e+01
 1.474e+01 1.473e+01 1.472e+01 1.470e+01 1.469e+01 1.468e+01 1.466e+01 1.465e+01
 1.463e+01 1.462e+01 1.460e+01 1.459e+01 1.458e+01 1.456e+01 1.455e+01 1.453e+01
 1.452e+01 1.450e+01 1.449e+01 1.447e+01 1.446e+01 1.444e+01 1.443e+01 1.441e+01
 1.440e+01 1.438e+01 1.437e+01 1.435e+01 1.434e+01 1.432e+01 1.431e+01 1.429e+01
 1.428e+01 1.426e+01 1.425e+01 1.423e+01 1.421e+01 1.420e+01 1.418e+01 1.417e+01
 1.415e+01 1.414e+01 1.412e+01 1.410e+01 1.409e+01 1.407e+01 1.405e+01 1.404e+01
sqrt(<Z^2>) for tau[ms]=   10.0
 4.669e-11 6.708e-11 9.638e-11 1.385e-10 1.989e-10 2.858e-10 4.106e-10 5.899e-10
 8.475e-10 1.218e-09 1.749e-09 2.513e-09 3.611e-09 5.188e-09 7.453e-09 1.071e-08
 1.538e-08 2.210e-08 3.175e-08 4.561e-08 6.553e-08 9.413e-08 1.352e-07 1.943e-07
 2.790e-07 4.008e-07 5.757e-07 8.270e-07 1.188e-06 1.706e-06 2.450e-06 3.518e-06
 5.051e-06 7.251e-06 1.041e-05 1.494e-05 2.143e-05 3.075e-05 4.410e-05 6.322e-05
 9.061e-05 1.298e-04 1.858e-04 2.659e-04 3.801e-04 5.430e-04 7.749e-04 1.105e-03
 1.572e-03 2.234e-03 3.170e-03 4.488e-03 6.339e-03 8.920e-03 1.248e-02 1.734e-02
 2.388e-02 3.253e-02 4.375e-02 5.796e-02 7.549e-02 9.645e-02 1.208e-01 1.484e-01
 1.791e-01 2.126e-01 2.486e-01 2.868e-01 3.272e-01 3.696e-01 4.141e-01 4.606e-01
 5.087e-01 5.575e-01 6.063e-01 6.540e-01 6.998e-01 7.427e-01 7.823e-01 8.180e-01
 8.498e-01 8.780e-01 9.029e-01 9.252e-01 9.459e-01 9.661e-01 9.871e-01 1.010e+00
 1.038e+00 1.070e+00 1.110e+00 1.158e+00 1.213e+00 1.277e+00 1.346e+00 1.418e+00
 1.492e+00 1.563e+00 1.629e+00 1.689e+00 1.742e+00 1.789e+00 1.829e+00 1.863e+00
 1.892e+00 1.918e+00 1.941e+00 1.962e+00 1.983e+00 2.003e+00 2.025e+00 2.048e+00
 2.073e+00 2.101e+00 2.132e+00 2.167e+00 2.206e+00 2.248e+00 2.294e+00 2.342e+00
 2.392e+00 2.443e+00 2.494e+00 2.544e+00 2.592e+00 2.638e+00 2.680e+00 2.719e+00
 2.756e+00 2.789e+00 2.819e+00 2.847e+00 2.874e+00 2.899e+00 2.923e+00 2.947e+00
 2.971e+00 2.996e+00 3.022e+00 3.049e+00 3.078e+00 3.109e+00 3.142e+00 3.178e+00
 3.215e+00 3.255e+00 3.297e+00 3.340e+00 3.386e+00 3.432e+00 3.480e+00 3.529e+00
 3.579e+00 3.629e+00 3.681e+00 3.733e+00 3.786e+00 3.841e+00 3.896e+00 3.953e+00
 4.011e+00 4.072e+00 4.134e+00 4.198e+00 4.264e+00 4.333e+00 4.404e+00 4.477e+00
 4.552e+00 4.630e+00 4.709e+00 4.790e+00 4.873e+00 4.956e+00 5.040e+00 5.125e+00
 5.210e+00 5.295e+00 5.381e+00 5.468e+00 5.556e+00 5.646e+00 5.737e+00 5.832e+00
 5.931e+00 6.034e+00 6.141e+00 6.254e+00 6.371e+00 6.492e+00 6.614e+00 6.738e+00
 6.859e+00 6.977e+00 7.089e+00 7.193e+00 7.289e+00 7.377e+00 7.455e+00 7.524e+00
 7.584e+00 7.637e+00 7.683e+00 7.723e+00 7.757e+00 7.787e+00 7.812e+00 7.835e+00
 7.854e+00 7.871e+00 7.885e+00 7.898e+00 7.910e+00 7.920e+00 7.930e+00 7.938e+00
 7.947e+00 7.955e+00 7.962e+00 7.970e+00 7.978e+00 7.987e+00 7.996e+00 8.006e+00
 8.017e+00 8.029e+00 8.042e+00 8.057e+00 8.074e+00 8.093e+00 8.114e+00 8.138e+00
 8.164e+00 8.193e+00 8.225e+00 8.261e+00 8.300e+00 8.342e+00 8.387e+00 8.436e+00
 8.489e+00 8.545e+00 8.604e+00 8.666e+00 8.731e+00 8.799e+00 8.870e+00 8.944e+00
 9.020e+00 9.099e+00 9.179e+00 9.262e+00 9.347e+00 9.433e+00 9.520e+00 9.608e+00
 9.697e+00 9.786e+00 9.876e+00 9.966e+00 1.006e+01 1.014e+01 1.023e+01 1.032e+01
 1.041e+01 1.050e+01 1.058e+01 1.067e+01 1.076e+01 1.085e+01 1.094e+01 1.103e+01
 1.112e+01 1.121e+01 1.131e+01 1.141e+01 1.151e+01 1.162e+01 1.173e+01 1.184e+01
 1.196e+01 1.208e+01 1.221e+01 1.235e+01 1.249e+01 1.263e+01 1.278e+01 1.293e+01
 1.309e+01 1.324e+01 1.340e+01 1.355e+01 1.370e+01 1.385e+01 1.399e+01 1.412e+01
 1.425e+01 1.437e+01 1.448e+01 1.459e+01 1.468e+01 1.477e+01 1.485e+01 1.493e+01
 1.500e+01 1.506e+01 1.512e+01 1.517e+01 1.522e+01 1.527e+01 1.531e+01 1.534e+01
 1.538e+01 1.541e+01 1.544e+01 1.547e+01 1.549e+01 1.552e+01 1.554e+01 1.556e+01
 1.558e+01 1.559e+01 1.561e+01 1.563e+01 1.564e+01 1.566e+01 1.567e+01 1.568e+01
 1.569e+01 1.570e+01 1.571e+01 1.572e+01 1.573e+01 1.574e+01 1.575e+01 1.576e+01
 1.577e+01 1.578e+01 1.579e+01 1.580e+01 1.581e+01 1.581e+01 1.582e+01 1.583e+01
 1.584e+01 1.585e+01 1.586e+01 1.587e+01 1.588e+01 1.589e+01 1.591e+01 1.592e+01
 1.593e+01 1.594e+01 1.596e+01 1.597e+01 1.599e+01 1.600e+01 1.602e+01 1.603e+01
 1.605e+01 1.607e+01 1.609e+01 1.611e+01 1.613e+01 1.615e+01 1.617e+01 1.619e+01
 1.621e+01 1.624e+01 1.626e+01 1.629e+01 1.631e+01 1.634e+01 1.636e+01 1.639e+01
 1.641e+01 1.644e+01 1.647e+01 1.649e+01 1.652e+01 1.655e+01 1.658e+01 1.660e+01
 1.663e+01 1.666e+01 1.668e+01 1.671e+01 1.673e+01 1.676e+01 1.679e+01 1.681e+01
 1.683e+01 1.686e+01 1.688e+01 1.690e+01 1.693e+01 1.695e+01 1.697e+01 1.699e+01
 1.701e+01 1.703e+01 1.705e+01 1.707e+01 1.709e+01 1.710e+01 1.712e+01 1.714e+01
 1.715e+01 1.717e+01 1.718e+01 1.720e+01 1.721e+01 1.723e+01 1.724e+01 1.725e+01
 1.726e+01 1.727e+01 1.729e+01 1.730e+01 1.731e+01 1.732e+01 1.733e+01 1.734e+01
 1.735e+01 1.735e+01 1.736e+01 1.737e+01 1.738e+01 1.738e+01 1.739e+01 1.740e+01
 1.741e+01 1.741e+01 1.742e+01 1.742e+01 1.743e+01 1.743e+01 1.744e+01 1.744e+01
 1.745e+01 1.745e+01 1.746e+01 1.746e+01 1.747e+01 1.747e+01 1.747e+01 1.748e+01
 1.748e+01 1.748e+01 1.749e+01 1.749e+01 1.749e+01 1.749e+01 1.750e+01 1.750e+01
 1.750e+01 1.750e+01 1.750e+01 1.751e+01 1.751e+01 1.751e+01 1.751e+01 1.751e+01
 1.751e+01 1.751e+01 1.751e+01 1.752e+01 1.752e+01 1.752e+01 1.752e+01 1.752e+01
 1.752e+01 1.752e+01 1.752e+01 1.752e+01 1.752e+01 1.752e+01 1.752e+01 1.752e+01
 1.752e+01 1.752e+01 1.752e+01 1.752e+01 1.752e+01 1.752e+01 1.752e+01 1.752e+01
 1.752e+01 1.752e+01 1.751e+01 1.751e+01 1.751e+01 1.751e+01 1.751e+01 1.751e+01
 1.751e+01 1.751e+01 1.751e+01 1.750e+01 1.750e+01 1.750e+01 1.750e+01 1.750e+01
 1.750e+01 1.750e+01 1.749e+01 1.749e+01 1.749e+01 1.749e+01 1.749e+01 1.748e+01
 1.748e+01 1.748e+01 1.748e+01 1.748e+01 1.747e+01 1.747e+01 1.747e+01 1.747e+01
 1.746e+01 1.746e+01 1.746e+01 1.746e+01 1.745e+01 1.745e+01 1.745e+01 1.745e+01
 1.744e+01 1.744e+01 1.744e+01 1.743e+01 1.743e+01 1.743e+01 1.743e+01 1.742e+01
 1.742e+01 1.742e+01 1.741e+01 1.741e+01 1.741e+01 1.740e+01 1.740e+01 1.740e+01
 1.740e+01 1.739e+01 1.739e+01 1.739e+01 1.738e+01 1.738e+01 1.738e+01 1.737e+01
 1.737e+01 1.737e+01 1.736e+01 1.736e+01 1.736e+01 1.735e+01 1.735e+01 1.735e+01
 1.734e+01 1.734e+01 1.734e+01 1.733e+01 1.733e+01 1.732e+01 1.732e+01 1.732e+01
 1.731e+01 1.731e+01 1.731e+01 1.730e+01 1.730e+01 1.729e+01 1.729e+01 1.729e+01
 1.728e+01 1.728e+01 1.728e+01 1.727e+01 1.727e+01 1.726e+01 1.726e+01 1.726e+01
 1.725e+01 1.725e+01 1.724e+01 1.724e+01 1.723e+01 1.723e+01 1.723e+01 1.722e+01
 1.722e+01 1.721e+01 1.721e+01 1.720e+01 1.720e+01 1.720e+01 1.719e+01 1.719e+01
sqrt(<Z^2>) for tau[ms]=  100.0
 4.669e-11 6.708e-11 9.638e-11 1.385e-10 1.989e-10 2.858e-10 4.106e-10 5.900e-10
 8.476e-10 1.218e-09 1.750e-09 2.514e-09 3.611e-09 5.188e-09 7.454e-09 1.071e-08
 1.539e-08 2.211e-08 3.176e-08 4.563e-08 6.555e-08 9.418e-08 1.353e-07 1.944e-07
 2.793e-07 4.012e-07 5.765e-07 8.282e-07 1.190e-06 1.709e-06 2.456e-06 3.528e-06
 5.068e-06 7.281e-06 1.046e-05 1.503e-05 2.159e-05 3.101e-05 4.454e-05 6.398e-05
 9.190e-05 1.320e-04 1.896e-04 2.722e-04 3.909e-04 5.613e-04 8.058e-04 1.157e-03
 1.660e-03 2.382e-03 3.418e-03 4.902e-03 7.027e-03 1.006e-02 1.435e-02 2.040e-02
 2.881e-02 4.041e-02 5.617e-02 7.723e-02 1.048e-01 1.401e-01 1.840e-01 2.372e-01
 2.998e-01 3.706e-01 4.474e-01 5.267e-01 6.043e-01 6.765e-01 7.406e-01 7.953e-01
 8.403e-01 8.763e-01 9.046e-01 9.266e-01 9.435e-01 9.567e-01 9.671e-01 9.756e-01
 9.828e-01 9.895e-01 9.965e-01 1.005e+00 1.015e+00 1.030e+00 1.050e+00 1.079e+00
 1.118e+00 1.171e+00 1.237e+00 1.316e+00 1.406e+00 1.499e+00 1.590e+00 1.673e+00
 1.744e+00 1.804e+00 1.851e+00 1.888e+00 1.916e+00 1.939e+00 1.957e+00 1.972e+00
 1.985e+00 1.997e+00 2.009e+00 2.021e+00 2.035e+00 2.051e+00 2.069e+00 2.091e+00
 2.115e+00 2.144e+00 2.176e+00 2.213e+00 2.253e+00 2.297e+00 2.343e+00 2.392e+00
 2.443e+00 2.493e+00 2.542e+00 2.590e+00 2.636e+00 2.678e+00 2.718e+00 2.754e+00
 2.787e+00 2.817e+00 2.845e+00 2.870e+00 2.895e+00 2.918e+00 2.941e+00 2.963e+00
 2.986e+00 3.010e+00 3.035e+00 3.062e+00 3.090e+00 3.121e+00 3.154e+00 3.189e+00
 3.227e+00 3.267e+00 3.309e+00 3.352e+00 3.398e+00 3.444e+00 3.492e+00 3.541e+00
 3.591e+00 3.641e+00 3.693e+00 3.745e+00 3.798e+00 3.853e+00 3.908e+00 3.965e+00
 4.024e+00 4.084e+00 4.147e+00 4.211e+00 4.278e+00 4.347e+00 4.419e+00 4.493e+00
 4.569e+00 4.647e+00 4.727e+00 4.809e+00 4.893e+00 4.977e+00 5.062e+00 5.148e+00
 5.235e+00 5.323e+00 5.412e+00 5.502e+00 5.594e+00 5.690e+00 5.790e+00 5.894e+00
 6.005e+00 6.123e+00 6.248e+00 6.380e+00 6.517e+00 6.658e+00 6.798e+00 6.936e+00
 7.068e+00 7.191e+00 7.304e+00 7.404e+00 7.493e+00 7.570e+00 7.636e+00 7.692e+00
 7.739e+00 7.779e+00 7.812e+00 7.839e+00 7.863e+00 7.882e+00 7.899e+00 7.912e+00
 7.924e+00 7.934e+00 7.943e+00 7.951e+00 7.958e+00 7.964e+00 7.970e+00 7.975e+00
 7.981e+00 7.986e+00 7.992e+00 7.998e+00 8.005e+00 8.012e+00 8.020e+00 8.029e+00
 8.040e+00 8.051e+00 8.065e+00 8.080e+00 8.097e+00 8.117e+00 8.139e+00 8.163e+00
 8.191e+00 8.222e+00 8.256e+00 8.294e+00 8.335e+00 8.379e+00 8.428e+00 8.480e+00
 8.535e+00 8.594e+00 8.656e+00 8.721e+00 8.790e+00 8.861e+00 8.935e+00 9.012e+00
 9.091e+00 9.173e+00 9.257e+00 9.343e+00 9.430e+00 9.518e+00 9.608e+00 9.699e+00
 9.790e+00 9.881e+00 9.972e+00 1.006e+01 1.015e+01 1.024e+01 1.033e+01 1.042e+01
 1.051e+01 1.060e+01 1.069e+01 1.078e+01 1.087e+01 1.095e+01 1.105e+01 1.114e+01
 1.123e+01 1.133e+01 1.143e+01 1.153e+01 1.164e+01 1.175e+01 1.187e+01 1.199e+01
 1.212e+01 1.226e+01 1.240e+01 1.256e+01 1.272e+01 1.289e+01 1.306e+01 1.325e+01
 1.343e+01 1.362e+01 1.380e+01 1.398e+01 1.415e+01 1.432e+01 1.447e+01 1.461e+01
 1.475e+01 1.487e+01 1.497e+01 1.507e+01 1.516e+01 1.524e+01 1.531e+01 1.537e+01
 1.542e+01 1.547e+01 1.552e+01 1.555e+01 1.559e+01 1.562e+01 1.565e+01 1.567e+01
 1.569e+01 1.571e+01 1.573e+01 1.575e+01 1.576e+01 1.578e+01 1.579e+01 1.580e+01
 1.581e+01 1.582e+01 1.583e+01 1.584e+01 1.585e+01 1.586e+01 1.587e+01 1.587e+01
 1.588e+01 1.589e+01 1.589e+01 1.590e+01 1.590e+01 1.591e+01 1.592e+01 1.592e+01
 1.593e+01 1.593e+01 1.594e+01 1.595e+01 1.596e+01 1.596e+01 1.597e+01 1.598e+01
 1.599e+01 1.600e+01 1.601e+01 1.602e+01 1.603e+01 1.605e+01 1.606e+01 1.607e+01
 1.609e+01 1.611e+01 1.612e+01 1.614e+01 1.616e+01 1.618e+01 1.620e+01 1.623e+01
 1.625e+01 1.627e+01 1.630e+01 1.633e+01 1.636e+01 1.639e+01 1.642e+01 1.645e+01
 1.648e+01 1.651e+01 1.655e+01 1.658e+01 1.662e+01 1.666e+01 1.669e+01 1.673e+01
 1.677e+01 1.681e+01 1.684e+01 1.688e+01 1.692e+01 1.695e+01 1.699e+01 1.702e+01
 1.706e+01 1.709e+01 1.713e+01 1.716e+01 1.719e+01 1.722e+01 1.725e+01 1.728e+01
 1.731e+01 1.734e+01 1.736e+01 1.739e+01 1.741e+01 1.744e+01 1.746e+01 1.748e+01
 1.750e+01 1.752e+01 1.754e+01 1.756e+01 1.757e+01 1.759e+01 1.760e+01 1.762e+01
 1.763e+01 1.765e+01 1.766e+01 1.767e+01 1.768e+01 1.769e+01 1.771e+01 1.772e+01
 1.772e+01 1.773e+01 1.774e+01 1.775e+01 1.776e+01 1.777e+01 1.777e+01 1.778e+01
 1.779e+01 1.779e+01 1.780e+01 1.781e+01 1.781e+01 1.782e+01 1.782e+01 1.783e+01
 1.783e+01 1.784e+01 1.784e+01 1.784e+01 1.785e+01 1.785e+01 1.786e+01 1.786e+01
 1.786e+01 1.786e+01 1.787e+01 1.787e+01 1.787e+01 1.788e+01 1.788e+01 1.788e+01
 1.788e+01 1.789e+01 1.789e+01 1.789e+01 1.789e+01 1.789e+01 1.790e+01 1.790e+01
 1.790e+01 1.790e+01 1.790e+01 1.790e+01 1.791e+01 1.791e+01 1.791e+01 1.791e+01
 1.791e+01 1.791e+01 1.791e+01 1.791e+01 1.791e+01 1.792e+01 1.792e+01 1.792e+01
 1.792e+01 1.792e+01 1.792e+01 1.792e+01 1.792e+01 1.792e+01 1.792e+01 1.792e+01
 1.792e+01 1.792e+01 1.793e+01 1.793e+01 1.793e+01 1.793e+01 1.793e+01 1.793e+01
 1.793e+01 1.793e+01 1.793e+01 1.793e+01 1.793e+01 1.793e+01 1.793e+01 1.793e+01
 1.793e+01 1.793e+01 1.793e+01 1.793e+01 1.793e+01 1.793e+01 1.793e+01 1.793e+01
 1.793e+01 1.793e+01 1.793e+01 1.793e+01 1.793e+01 1.793e+01 1.793e+01 1.793e+01
 1.793e+01 1.793e+01 1.793e+01 1.793e+01 1.793e+01 1.793e+01 1.793e+01 1.793e+01
 1.793e+01 1.793e+01 1.793e+01 1.793e+01 1.793e+01 1.793e+01 1.793e+01 1.793e+01
 1.793e+01 1.793e+01 1.793e+01 1.793e+01 1.793e+01 1.793e+01 1.793e+01 1.793e+01
 1.793e+01 1.793e+01 1.793e+01 1.793e+01 1.793e+01 1.793e+01 1.793e+01 1.793e+01
 1.793e+01 1.793e+01 1.793e+01 1.793e+01 1.793e+01 1.793e+01 1.793e+01 1.793e+01
 1.793e+01 1.793e+01 1.792e+01 1.792e+01 1.792e+01 1.792e+01 1.792e+01 1.792e+01
 1.792e+01 1.792e+01 1.792e+01 1.792e+01 1.792e+01 1.792e+01 1.792e+01 1.792e+01
 1.792e+01 1.792e+01 1.792e+01 1.792e+01 1.792e+01 1.792e+01 1.792e+01 1.792e+01
 1.792e+01 1.792e+01 1.792e+01 1.792e+01 1.791e+01 1.791e+01 1.791e+01 1.791e+01
 1.791e+01 1.791e+01 1.791e+01 1.791e+01 1.791e+01 1.791e+01 1.791e+01 1.791e+01
 1.791e+01 1.791e+01 1.791e+01 1.791e+01 1.791e+01 1.791e+01 1.791e+01 1.791e+01
sqrt(<Z^2>) for tau[ms]= 1000.0
 4.669e-11 6.708e-11 9.638e-11 1.385e-10 1.989e-10 2.858e-10 4.106e-10 5.900e-10
 8.476e-10 1.218e-09 1.750e-09 2.514e-09 3.611e-09 5.188e-09 7.454e-09 1.071e-08
 1.539e-08 2.211e-08 3.176e-08 4.563e-08 6.556e-08 9.419e-08 1.353e-07 1.944e-07
 2.793e-07 4.013e-07 5.765e-07 8.283e-07 1.190e-06 1.710e-06 2.456e-06 3.529e-06
 5.070e-06 7.284e-06 1.047e-05 1.504e-05 2.160e-05 3.103e-05 4.459e-05 6.406e-05
 9.203e-05 1.322e-04 1.899e-04 2.729e-04 3.920e-04 5.632e-04 8.091e-04 1.162e-03
 1.670e-03 2.399e-03 3.446e-03 4.950e-03 7.109e-03 1.020e-02 1.459e-02 2.080e-02
 2.949e-02 4.156e-02 5.809e-02 8.042e-02 1.101e-01 1.486e-01 1.975e-01 2.581e-01
 3.311e-01 4.154e-01 5.080e-01 6.031e-01 6.937e-01 7.735e-01 8.385e-01 8.881e-01
 9.240e-01 9.489e-01 9.657e-01 9.771e-01 9.847e-01 9.899e-01 9.937e-01 9.969e-01
 9.998e-01 1.003e+00 1.008e+00 1.014e+00 1.024e+00 1.038e+00 1.059e+00 1.089e+00
 1.131e+00 1.188e+00 1.260e+00 1.346e+00 1.442e+00 1.540e+00 1.633e+00 1.716e+00
 1.784e+00 1.839e+00 1.882e+00 1.914e+00 1.938e+00 1.957e+00 1.972e+00 1.984e+00
 1.995e+00 2.005e+00 2.016e+00 2.028e+00 2.041e+00 2.056e+00 2.074e+00 2.095e+00
 2.120e+00 2.149e+00 2.181e+00 2.218e+00 2.258e+00 2.302e+00 2.349e+00 2.398e+00
 2.448e+00 2.498e+00 2.548e+00 2.595e+00 2.640e+00 2.682e+00 2.721e+00 2.757e+00
 2.790e+00 2.820e+00 2.847e+00 2.873e+00 2.897e+00 2.920e+00 2.942e+00 2.965e+00
 2.988e+00 3.011e+00 3.036e+00 3.063e+00 3.092e+00 3.122e+00 3.155e+00 3.190e+00
 3.228e+00 3.268e+00 3.310e+00 3.354e+00 3.399e+00 3.446e+00 3.493e+00 3.542e+00
 3.592e+00 3.643e+00 3.694e+00 3.746e+00 3.800e+00 3.854e+00 3.910e+00 3.967e+00
 4.025e+00 4.086e+00 4.148e+00 4.213e+00 4.279e+00 4.349e+00 4.420e+00 4.494e+00
 4.571e+00 4.649e+00 4.729e+00 4.811e+00 4.895e+00 4.979e+00 5.065e+00 5.151e+00
 5.238e+00 5.326e+00 5.415e+00 5.506e+00 5.599e+00 5.695e+00 5.796e+00 5.902e+00
 6.015e+00 6.135e+00 6.263e+00 6.397e+00 6.537e+00 6.680e+00 6.823e+00 6.962e+00
 7.095e+00 7.218e+00 7.330e+00 7.430e+00 7.518e+00 7.593e+00 7.657e+00 7.711e+00
 7.756e+00 7.794e+00 7.826e+00 7.852e+00 7.874e+00 7.892e+00 7.908e+00 7.921e+00
 7.932e+00 7.941e+00 7.949e+00 7.956e+00 7.963e+00 7.969e+00 7.974e+00 7.979e+00
 7.984e+00 7.990e+00 7.995e+00 8.001e+00 8.007e+00 8.015e+00 8.023e+00 8.032e+00
 8.042e+00 8.054e+00 8.067e+00 8.082e+00 8.099e+00 8.119e+00 8.141e+00 8.166e+00
 8.194e+00 8.225e+00 8.259e+00 8.297e+00 8.339e+00 8.383e+00 8.432e+00 8.484e+00
 8.540e+00 8.599e+00 8.661e+00 8.727e+00 8.796e+00 8.868e+00 8.942e+00 9.019e+00
 9.099e+00 9.181e+00 9.265e+00 9.351e+00 9.439e+00 9.528e+00 9.618e+00 9.708e+00
 9.800e+00 9.891e+00 9.983e+00 1.007e+01 1.016e+01 1.025e+01 1.034e+01 1.043e+01
 1.052e+01 1.061e+01 1.070e+01 1.079e+01 1.088e+01 1.097e+01 1.106e+01 1.115e+01
 1.124e+01 1.134e+01 1.144e+01 1.154e+01 1.165e+01 1.176e+01 1.188e+01 1.201e+01
 1.214e+01 1.228e+01 1.242e+01 1.258e+01 1.275e+01 1.292e+01 1.310e+01 1.328e+01
 1.347e+01 1.366e+01 1.385e+01 1.403e+01 1.421e+01 1.438e+01 1.453e+01 1.468e+01
 1.481e+01 1.493e+01 1.503e+01 1.513e+01 1.522e+01 1.529e+01 1.536e+01 1.542e+01
 1.547e+01 1.552e+01 1.556e+01 1.560e+01 1.563e+01 1.566e+01 1.568e+01 1.571e+01
 1.573e+01 1.575e+01 1.576e+01 1.578e+01 1.579e+01 1.581e+01 1.582e+01 1.583e+01
 1.584e+01 1.585e+01 1.586e+01 1.587e+01 1.587e+01 1.588e+01 1.589e+01 1.589e+01
 1.590e+01 1.590e+01 1.591e+01 1.592e+01 1.592e+01 1.593e+01 1.593e+01 1.594e+01
 1.595e+01 1.595e+01 1.596e+01 1.597e+01 1.597e+01 1.598e+01 1.599e+01 1.600e+01
 1.601e+01 1.602e+01 1.603e+01 1.604e+01 1.605e+01 1.606e+01 1.608e+01 1.609e+01
 1.611e+01 1.613e+01 1.614e+01 1.616e+01 1.618e+01 1.620e+01 1.623e+01 1.625e+01
 1.627e+01 1.630e+01 1.633e+01 1.636e+01 1.639e+01 1.642e+01 1.645e+01 1.648e+01
 1.652e+01 1.655e+01 1.659e+01 1.663e+01 1.666e+01 1.670e+01 1.674e+01 1.678e+01
 1.682e+01 1.686e+01 1.690e+01 1.694e+01 1.697e+01 1.701e+01 1.705e+01 1.709e+01
 1.712e+01 1.716e+01 1.719e+01 1.722e+01 1.726e+01 1.729e+01 1.732e+01 1.735e+01
 1.738e+01 1.740e+01 1.743e+01 1.745e+01 1.748e+01 1.750e+01 1.752e+01 1.754e+01
 1.756e+01 1.758e+01 1.760e+01 1.762e+01 1.764e+01 1.765e+01 1.767e+01 1.768e+01
 1.770e+01 1.771e+01 1.772e+01 1.773e+01 1.774e+01 1.775e+01 1.776e+01 1.777e+01
 1.778e+01 1.779e+01 1.780e+01 1.781e+01 1.781e+01 1.782e+01 1.783e+01 1.784e+01
 1.784e+01 1.785e+01 1.785e+01 1.786e+01 1.786e+01 1.787e+01 1.787e+01 1.788e+01
 1.788e+01 1.789e+01 1.789e+01 1.789e+01 1.790e+01 1.790e+01 1.790e+01 1.791e+01
 1.791e+01 1.791e+01 1.792e+01 1.792e+01 1.792e+01 1.792e+01 1.793e+01 1.793e+01
 1.793e+01 1.793e+01 1.793e+01 1.794e+01 1.794e+01 1.794e+01 1.794e+01 1.794e+01
 1.795e+01 1.795e+01 1.795e+01 1.795e+01 1.795e+01 1.795e+01 1.795e+01 1.795e+01
 1.796e+01 1.796e+01 1.796e+01 1.796e+01 1.796e+01 1.796e+01 1.796e+01 1.796e+01
 1.796e+01 1.796e+01 1.797e+01 1.797e+01 1.797e+01 1.797e+01 1.797e+01 1.797e+01
 1.797e+01 1.797e+01 1.797e+01 1.797e+01 1.797e+01 1.797e+01 1.797e+01 1.797e+01
 1.797e+01 1.798e+01 1.798e+01 1.798e+01 1.798e+01 1.798e+01 1.798e+01 1.798e+01
 1.798e+01 1.798e+01 1.798e+01 1.798e+01 1.798e+01 1.798e+01 1.798e+01 1.798e+01
 1.798e+01 1.798e+01 1.798e+01 1.798e+01 1.798e+01 1.798e+01 1.798e+01 1.798e+01
 1.798e+01 1.798e+01 1.798e+01 1.798e+01 1.798e+01 1.798e+01 1.798e+01 1.798e+01
 1.798e+01 1.798e+01 1.798e+01 1.798e+01 1.799e+01 1.799e+01 1.799e+01 1.799e+01
 1.799e+01 1.799e+01 1.799e+01 1.799e+01 1.799e+01 1.799e+01 1.799e+01 1.799e+01
 1.799e+01 1.799e+01 1.799e+01 1.799e+01 1.799e+01 1.799e+01 1.799e+01 1.799e+01
 1.799e+01 1.799e+01 1.799e+01 1.799e+01 1.799e+01 1.799e+01 1.799e+01 1.799e+01
 1.799e+01 1.799e+01 1.799e+01 1.799e+01 1.799e+01 1.799e+01 1.799e+01 1.799e+01
 1.799e+01 1.799e+01 1.799e+01 1.799e+01 1.799e+01 1.799e+01 1.799e+01 1.799e+01
 1.799e+01 1.799e+01 1.799e+01 1.799e+01 1.799e+01 1.799e+01 1.799e+01 1.799e+01
 1.799e+01 1.799e+01 1.799e+01 1.799e+01 1.799e+01 1.799e+01 1.799e+01 1.799e+01
 1.799e+01 1.799e+01 1.799e+01 1.799e+01 1.799e+01 1.799e+01 1.799e+01 1.799e+01
 1.799e+01 1.799e+01 1.799e+01 1.799e+01 1.799e+01 1.799e+01 1.799e+01 1.799e+01
sqrt(<Z^2>) in equilibrium - infinite confinement
 4.669e-11 6.708e-11 9.638e-11 1.385e-10 1.989e-10 2.858e-10 4.106e-10 5.900e-10
 8.476e-10 1.218e-09 1.750e-09 2.514e-09 3.611e-09 5.188e-09 7.454e-09 1.071e-08
 1.539e-08 2.211e-08 3.176e-08 4.563e-08 6.556e-08 9.418e-08 1.353e-07 1.944e-07
 2.793e-07 4.013e-07 5.765e-07 8.283e-07 1.190e-06 1.710e-06 2.456e-06 3.529e-06
 5.070e-06 7.285e-06 1.047e-05 1.504e-05 2.160e-05 3.104e-05 4.459e-05 6.407e-05
 9.204e-05 1.322e-04 1.900e-04 2.730e-04 3.922e-04 5.634e-04 8.095e-04 1.163e-03
 1.671e-03 2.401e-03 3.449e-03 4.955e-03 7.118e-03 1.021e-02 1.462e-02 2.084e-02
 2.957e-02 4.169e-02 5.831e-02 8.079e-02 1.107e-01 1.496e-01 1.992e-01 2.608e-01
 3.352e-01 4.215e-01 5.163e-01 6.137e-01 7.063e-01 7.870e-01 8.520e-01 9.006e-01
 9.349e-01 9.581e-01 9.733e-01 9.832e-01 9.896e-01 9.938e-01 9.968e-01 9.993e-01
 1.002e+00 1.005e+00 1.009e+00 1.015e+00 1.024e+00 1.039e+00 1.060e+00 1.090e+00
 1.133e+00 1.190e+00 1.263e+00 1.350e+00 1.446e+00 1.545e+00 1.638e+00 1.721e+00
 1.789e+00 1.844e+00 1.885e+00 1.917e+00 1.941e+00 1.959e+00 1.973e+00 1.985e+00
 1.996e+00 2.006e+00 2.017e+00 2.029e+00 2.042e+00 2.057e+00 2.075e+00 2.096e+00
 2.121e+00 2.149e+00 2.182e+00 2.218e+00 2.259e+00 2.303e+00 2.350e+00 2.399e+00
 2.449e+00 2.499e+00 2.548e+00 2.596e+00 2.641e+00 2.683e+00 2.722e+00 2.758e+00
 2.790e+00 2.820e+00 2.847e+00 2.873e+00 2.897e+00 2.920e+00 2.943e+00 2.965e+00
 2.988e+00 3.012e+00 3.037e+00 3.063e+00 3.092e+00 3.122e+00 3.155e+00 3.191e+00
 3.228e+00 3.268e+00 3.310e+00 3.354e+00 3.399e+00 3.446e+00 3.493e+00 3.542e+00
 3.592e+00 3.643e+00 3.694e+00 3.746e+00 3.800e+00 3.854e+00 3.910e+00 3.967e+00
 4.025e+00 4.086e+00 4.148e+00 4.213e+00 4.280e+00 4.349e+00 4.420e+00 4.494e+00
 4.571e+00 4.649e+00 4.730e+00 4.811e+00 4.895e+00 4.979e+00 5.065e+00 5.151e+00
 5.238e+00 5.326e+00 5.415e+00 5.506e+00 5.599e+00 5.696e+00 5.797e+00 5.903e+00
 6.016e+00 6.136e+00 6.264e+00 6.399e+00 6.539e+00 6.682e+00 6.825e+00 6.965e+00
 7.098e+00 7.221e+00 7.334e+00 7.433e+00 7.520e+00 7.595e+00 7.659e+00 7.713e+00
 7.758e+00 7.796e+00 7.827e+00 7.853e+00 7.875e+00 7.893e+00 7.909e+00 7.922e+00
 7.932e+00 7.942e+00 7.950e+00 7.957e+00 7.963e+00 7.969e+00 7.974e+00 7.980e+00
 7.985e+00 7.990e+00 7.995e+00 8.001e+00 8.008e+00 8.015e+00 8.023e+00 8.032e+00
 8.042e+00 8.054e+00 8.067e+00 8.082e+00 8.100e+00 8.119e+00 8.142e+00 8.166e+00
 8.194e+00 8.225e+00 8.260e+00 8.298e+00 8.339e+00 8.384e+00 8.433e+00 8.485e+00
 8.540e+00 8.600e+00 8.662e+00 8.728e+00 8.797e+00 8.868e+00 8.943e+00 9.020e+00
 9.100e+00 9.182e+00 9.266e+00 9.352e+00 9.440e+00 9.529e+00 9.619e+00 9.709e+00
 9.801e+00 9.892e+00 9.984e+00 1.007e+01 1.017e+01 1.026e+01 1.035e+01 1.044e+01
 1.052e+01 1.061e+01 1.070e+01 1.079e+01 1.088e+01 1.097e+01 1.106e+01 1.115e+01
 1.124e+01 1.134e+01 1.144e+01 1.154e+01 1.165e+01 1.176e+01 1.188e+01 1.201e+01
 1.214e+01 1.228e+01 1.243e+01 1.258e+01 1.275e+01 1.292e+01 1.310e+01 1.329e+01
 1.348e+01 1.367e+01 1.386e+01 1.404e+01 1.422e+01 1.438e+01 1.454e+01 1.468e+01
 1.481e+01 1.493e+01 1.504e+01 1.514e+01 1.522e+01 1.530e+01 1.537e+01 1.543e+01
 1.548e+01 1.552e+01 1.557e+01 1.560e+01 1.563e+01 1.566e+01 1.569e+01 1.571e+01
 1.573e+01 1.575e+01 1.577e+01 1.578e+01 1.580e+01 1.581e+01 1.582e+01 1.583e+01
 1.584e+01 1.585e+01 1.586e+01 1.587e+01 1.587e+01 1.588e+01 1.589e+01 1.589e+01
 1.590e+01 1.591e+01 1.591e+01 1.592e+01 1.592e+01 1.593e+01 1.593e+01 1.594e+01
 1.595e+01 1.595e+01 1.596e+01 1.597e+01 1.597e+01 1.598e+01 1.599e+01 1.600e+01
 1.601e+01 1.602e+01 1.603e+01 1.604e+01 1.605e+01 1.607e+01 1.608e+01 1.609e+01
 1.611e+01 1.613e+01 1.615e+01 1.616e+01 1.618e+01 1.621e+01 1.623e+01 1.625e+01
 1.628e+01 1.630e+01 1.633e+01 1.636e+01 1.639e+01 1.642e+01 1.645e+01 1.649e+01
 1.652e+01 1.656e+01 1.659e+01 1.663e+01 1.667e+01 1.671e+01 1.675e+01 1.679e+01
 1.682e+01 1.686e+01 1.690e+01 1.694e+01 1.698e+01 1.702e+01 1.706e+01 1.709e+01
 1.713e+01 1.716e+01 1.720e+01 1.723e+01 1.726e+01 1.730e+01 1.733e+01 1.735e+01
 1.738e+01 1.741e+01 1.744e+01 1.746e+01 1.749e+01 1.751e+01 1.753e+01 1.755e+01
 1.757e+01 1.759e+01 1.761e+01 1.763e+01 1.764e+01 1.766e+01 1.767e+01 1.769e+01
 1.770e+01 1.772e+01 1.773e+01 1.774e+01 1.775e+01 1.776e+01 1.777e+01 1.778e+01
 1.779e+01 1.780e+01 1.781e+01 1.781e+01 1.782e+01 1.783e+01 1.783e+01 1.784e+01
 1.785e+01 1.785e+01 1.786e+01 1.786e+01 1.787e+01 1.787e+01 1.788e+01 1.788e+01
 1.789e+01 1.789e+01 1.790e+01 1.790e+01 1.790e+01 1.791e+01 1.791e+01 1.791e+01
 1.792e+01 1.792e+01 1.792e+01 1.792e+01 1.793e+01 1.793e+01 1.793e+01 1.793e+01
 1.794e+01 1.794e+01 1.794e+01 1.794e+01 1.794e+01 1.795e+01 1.795e+01 1.795e+01
 1.795e+01 1.795e+01 1.795e+01 1.795e+01 1.796e+01 1.796e+01 1.796e+01 1.796e+01
 1.796e+01 1.796e+01 1.796e+01 1.796e+01 1.797e+01 1.797e+01 1.797e+01 1.797e+01
 1.797e+01 1.797e+01 1.797e+01 1.797e+01 1.797e+01 1.797e+01 1.797e+01 1.797e+01
 1.798e+01 1.798e+01 1.798e+01 1.798e+01 1.798e+01 1.798e+01 1.798e+01 1.798e+01
 1.798e+01 1.798e+01 1.798e+01 1.798e+01 1.798e+01 1.798e+01 1.798e+01 1.798e+01
 1.798e+01 1.798e+01 1.798e+01 1.799e+01 1.799e+01 1.799e+01 1.799e+01 1.799e+01
 1.799e+01 1.799e+01 1.799e+01 1.799e+01 1.799e+01 1.799e+01 1.799e+01 1.799e+01
 1.799e+01 1.799e+01 1.799e+01 1.799e+01 1.799e+01 1.799e+01 1.799e+01 1.799e+01
 1.799e+01 1.799e+01 1.799e+01 1.799e+01 1.799e+01 1.799e+01 1.799e+01 1.799e+01
 1.799e+01 1.799e+01 1.799e+01 1.799e+01 1.799e+01 1.799e+01 1.799e+01 1.799e+01
 1.799e+01 1.799e+01 1.799e+01 1.799e+01 1.799e+01 1.799e+01 1.799e+01 1.799e+01
 1.799e+01 1.799e+01 1.799e+01 1.799e+01 1.799e+01 1.799e+01 1.799e+01 1.799e+01
 1.799e+01 1.799e+01 1.800e+01 1.800e+01 1.800e+01 1.800e+01 1.800e+01 1.800e+01
 1.800e+01 1.800e+01 1.800e+01 1.800e+01 1.800e+01 1.800e+01 1.800e+01 1.800e+01
 1.800e+01 1.800e+01 1.800e+01 1.800e+01 1.800e+01 1.800e+01 1.800e+01 1.800e+01
 1.800e+01 1.800e+01 1.800e+01 1.800e+01 1.800e+01 1.800e+01 1.800e+01 1.800e+01
 1.800e+01 1.800e+01 1.800e+01 1.800e+01 1.800e+01 1.800e+01 1.800e+01 1.800e+01
 1.800e+01 1.800e+01 1.800e+01 1.800e+01 1.800e+01 1.800e+01 1.800e+01 1.800e+01
C-------------------------------------------------------------------------------
C
C  The fractional abundance and radiated power were generated from the
C  ADAS installation at UKAEA with the named adf11 files. The adf11 data
C  files may be updated in a later release of ADAS and publicly
C  available versions may be found at https://open.adas.ac.uk/.
C
C  The equilibrium balance data was produced with run_adas405.py and
C  the balance with a confinement time with adas4xx_ionbal_tau.py
C  which are functions from the ADAS library. Details on these codes
C  may be found at: https://www.adas.ac.uk/python_lib/index.html
C
C  Copyright (C) 2023 UK Atomic Energy Authority
C
C  This file was generated for use in the UKAEA systems code PROCESS
C  using a script written by Martin O'Mullane.
C  If acquired without provenance a user is strongly advised
C  to check its validity by re-generating using the adf11 files from
C  the OPEN-ADAS site.
C
C  Produced by : Timothy Nunn
C  Date        : 29-07-26
C
C-------------------------------------------------------------------------------
