Radiated power per atom (W m3) as a function dwell time.
Temperature :      0.2 - 500000.0 eV
Density     : 1.00e+20 m-3
   600     5  # Te values, dwell time

Source data:
acd : /home/adas/adas/adf11/acd96/acd96_be.dat
scd : /home/adas/adas/adf11/scd96/scd96_be.dat
plt : /home/adas/adas/adf11/plt96/plt96_be.dat
prb : /home/adas/adas/adf11/prb96/prb96_be.dat

Te[eV]
 2.500e-01 2.561e-01 2.624e-01 2.688e-01 2.754e-01 2.822e-01 2.891e-01 2.962e-01
 3.035e-01 3.109e-01 3.185e-01 3.263e-01 3.343e-01 3.425e-01 3.509e-01 3.595e-01
 3.683e-01 3.774e-01 3.866e-01 3.961e-01 4.058e-01 4.158e-01 4.260e-01 4.364e-01
 4.471e-01 4.581e-01 4.693e-01 4.808e-01 4.926e-01 5.047e-01 5.170e-01 5.297e-01
 5.427e-01 5.560e-01 5.696e-01 5.836e-01 5.979e-01 6.126e-01 6.276e-01 6.430e-01
 6.587e-01 6.749e-01 6.914e-01 7.084e-01 7.257e-01 7.435e-01 7.618e-01 7.804e-01
 7.996e-01 8.192e-01 8.393e-01 8.598e-01 8.809e-01 9.025e-01 9.247e-01 9.473e-01
 9.706e-01 9.943e-01 1.019e+00 1.044e+00 1.069e+00 1.096e+00 1.122e+00 1.150e+00
 1.178e+00 1.207e+00 1.237e+00 1.267e+00 1.298e+00 1.330e+00 1.362e+00 1.396e+00
 1.430e+00 1.465e+00 1.501e+00 1.538e+00 1.575e+00 1.614e+00 1.654e+00 1.694e+00
 1.736e+00 1.778e+00 1.822e+00 1.867e+00 1.912e+00 1.959e+00 2.007e+00 2.056e+00
 2.107e+00 2.159e+00 2.211e+00 2.266e+00 2.321e+00 2.378e+00 2.436e+00 2.496e+00
 2.557e+00 2.620e+00 2.684e+00 2.750e+00 2.818e+00 2.887e+00 2.957e+00 3.030e+00
 3.104e+00 3.180e+00 3.258e+00 3.338e+00 3.420e+00 3.504e+00 3.590e+00 3.678e+00
 3.768e+00 3.860e+00 3.955e+00 4.052e+00 4.151e+00 4.253e+00 4.357e+00 4.464e+00
 4.574e+00 4.686e+00 4.801e+00 4.918e+00 5.039e+00 5.162e+00 5.289e+00 5.419e+00
 5.551e+00 5.688e+00 5.827e+00 5.970e+00 6.116e+00 6.266e+00 6.420e+00 6.577e+00
 6.738e+00 6.904e+00 7.073e+00 7.246e+00 7.424e+00 7.606e+00 7.792e+00 7.983e+00
 8.179e+00 8.380e+00 8.585e+00 8.796e+00 9.011e+00 9.232e+00 9.459e+00 9.691e+00
 9.928e+00 1.017e+01 1.042e+01 1.068e+01 1.094e+01 1.121e+01 1.148e+01 1.176e+01
 1.205e+01 1.235e+01 1.265e+01 1.296e+01 1.328e+01 1.360e+01 1.394e+01 1.428e+01
 1.463e+01 1.499e+01 1.535e+01 1.573e+01 1.612e+01 1.651e+01 1.692e+01 1.733e+01
 1.776e+01 1.819e+01 1.864e+01 1.909e+01 1.956e+01 2.004e+01 2.053e+01 2.104e+01
 2.155e+01 2.208e+01 2.262e+01 2.318e+01 2.374e+01 2.433e+01 2.492e+01 2.553e+01
 2.616e+01 2.680e+01 2.746e+01 2.813e+01 2.882e+01 2.953e+01 3.025e+01 3.099e+01
 3.175e+01 3.253e+01 3.333e+01 3.415e+01 3.498e+01 3.584e+01 3.672e+01 3.762e+01
 3.854e+01 3.949e+01 4.046e+01 4.145e+01 4.246e+01 4.351e+01 4.457e+01 4.566e+01
 4.678e+01 4.793e+01 4.911e+01 5.031e+01 5.154e+01 5.281e+01 5.410e+01 5.543e+01
 5.679e+01 5.818e+01 5.961e+01 6.107e+01 6.256e+01 6.410e+01 6.567e+01 6.728e+01
 6.893e+01 7.062e+01 7.235e+01 7.412e+01 7.594e+01 7.780e+01 7.971e+01 8.167e+01
 8.367e+01 8.572e+01 8.782e+01 8.997e+01 9.218e+01 9.444e+01 9.676e+01 9.913e+01
 1.016e+02 1.040e+02 1.066e+02 1.092e+02 1.119e+02 1.146e+02 1.174e+02 1.203e+02
 1.233e+02 1.263e+02 1.294e+02 1.326e+02 1.358e+02 1.391e+02 1.426e+02 1.461e+02
 1.496e+02 1.533e+02 1.571e+02 1.609e+02 1.649e+02 1.689e+02 1.730e+02 1.773e+02
 1.816e+02 1.861e+02 1.906e+02 1.953e+02 2.001e+02 2.050e+02 2.100e+02 2.152e+02
 2.205e+02 2.259e+02 2.314e+02 2.371e+02 2.429e+02 2.488e+02 2.549e+02 2.612e+02
 2.676e+02 2.742e+02 2.809e+02 2.878e+02 2.948e+02 3.021e+02 3.095e+02 3.170e+02
 3.248e+02 3.328e+02 3.409e+02 3.493e+02 3.579e+02 3.666e+02 3.756e+02 3.848e+02
 3.943e+02 4.039e+02 4.138e+02 4.240e+02 4.344e+02 4.450e+02 4.559e+02 4.671e+02
 4.786e+02 4.903e+02 5.023e+02 5.146e+02 5.273e+02 5.402e+02 5.534e+02 5.670e+02
 5.809e+02 5.951e+02 6.097e+02 6.247e+02 6.400e+02 6.557e+02 6.718e+02 6.882e+02
 7.051e+02 7.224e+02 7.401e+02 7.582e+02 7.768e+02 7.959e+02 8.154e+02 8.354e+02
 8.559e+02 8.769e+02 8.984e+02 9.204e+02 9.429e+02 9.661e+02 9.897e+02 1.014e+03
 1.039e+03 1.064e+03 1.090e+03 1.117e+03 1.145e+03 1.173e+03 1.201e+03 1.231e+03
 1.261e+03 1.292e+03 1.324e+03 1.356e+03 1.389e+03 1.423e+03 1.458e+03 1.494e+03
 1.531e+03 1.568e+03 1.607e+03 1.646e+03 1.686e+03 1.728e+03 1.770e+03 1.813e+03
 1.858e+03 1.903e+03 1.950e+03 1.998e+03 2.047e+03 2.097e+03 2.149e+03 2.201e+03
 2.255e+03 2.310e+03 2.367e+03 2.425e+03 2.485e+03 2.546e+03 2.608e+03 2.672e+03
 2.737e+03 2.804e+03 2.873e+03 2.944e+03 3.016e+03 3.090e+03 3.166e+03 3.243e+03
 3.323e+03 3.404e+03 3.488e+03 3.573e+03 3.661e+03 3.750e+03 3.842e+03 3.937e+03
 4.033e+03 4.132e+03 4.233e+03 4.337e+03 4.443e+03 4.552e+03 4.664e+03 4.778e+03
 4.895e+03 5.015e+03 5.138e+03 5.264e+03 5.393e+03 5.526e+03 5.661e+03 5.800e+03
 5.942e+03 6.088e+03 6.237e+03 6.390e+03 6.547e+03 6.707e+03 6.872e+03 7.040e+03
 7.213e+03 7.390e+03 7.571e+03 7.756e+03 7.947e+03 8.141e+03 8.341e+03 8.545e+03
 8.755e+03 8.970e+03 9.190e+03 9.415e+03 9.646e+03 9.882e+03 1.012e+04 1.037e+04
 1.063e+04 1.089e+04 1.115e+04 1.143e+04 1.171e+04 1.200e+04 1.229e+04 1.259e+04
 1.290e+04 1.322e+04 1.354e+04 1.387e+04 1.421e+04 1.456e+04 1.492e+04 1.528e+04
 1.566e+04 1.604e+04 1.643e+04 1.684e+04 1.725e+04 1.767e+04 1.811e+04 1.855e+04
 1.901e+04 1.947e+04 1.995e+04 2.044e+04 2.094e+04 2.145e+04 2.198e+04 2.252e+04
 2.307e+04 2.363e+04 2.421e+04 2.481e+04 2.542e+04 2.604e+04 2.668e+04 2.733e+04
 2.800e+04 2.869e+04 2.939e+04 3.011e+04 3.085e+04 3.161e+04 3.238e+04 3.318e+04
 3.399e+04 3.482e+04 3.568e+04 3.655e+04 3.745e+04 3.836e+04 3.931e+04 4.027e+04
 4.126e+04 4.227e+04 4.330e+04 4.437e+04 4.545e+04 4.657e+04 4.771e+04 4.888e+04
 5.008e+04 5.131e+04 5.256e+04 5.385e+04 5.517e+04 5.652e+04 5.791e+04 5.933e+04
 6.078e+04 6.228e+04 6.380e+04 6.537e+04 6.697e+04 6.861e+04 7.029e+04 7.202e+04
 7.378e+04 7.559e+04 7.744e+04 7.934e+04 8.129e+04 8.328e+04 8.532e+04 8.741e+04
 8.956e+04 9.175e+04 9.400e+04 9.631e+04 9.867e+04 1.011e+05 1.036e+05 1.061e+05
 1.087e+05 1.114e+05 1.141e+05 1.169e+05 1.198e+05 1.227e+05 1.257e+05 1.288e+05
 1.320e+05 1.352e+05 1.385e+05 1.419e+05 1.454e+05 1.489e+05 1.526e+05 1.563e+05
 1.602e+05 1.641e+05 1.681e+05 1.722e+05 1.765e+05 1.808e+05 1.852e+05 1.898e+05
 1.944e+05 1.992e+05 2.041e+05 2.091e+05 2.142e+05 2.194e+05 2.248e+05 2.303e+05
 2.360e+05 2.418e+05 2.477e+05 2.538e+05 2.600e+05 2.664e+05 2.729e+05 2.796e+05
 2.864e+05 2.935e+05 3.007e+05 3.080e+05 3.156e+05 3.233e+05 3.312e+05 3.394e+05
 3.477e+05 3.562e+05 3.649e+05 3.739e+05 3.831e+05 3.924e+05 4.021e+05 4.119e+05
 4.220e+05 4.324e+05 4.430e+05 4.538e+05 4.650e+05 4.764e+05 4.880e+05 5.000e+05
Lz[Wm**3] for tau[ms]=    0.1
 1.369e-40 2.349e-40 3.995e-40 6.726e-40 1.120e-39 1.844e-39 2.998e-39 4.809e-39
 7.604e-39 1.185e-38 1.821e-38 2.760e-38 4.129e-38 6.098e-38 8.899e-38 1.283e-37
 1.830e-37 2.582e-37 3.606e-37 4.987e-37 6.834e-37 9.284e-37 1.251e-36 1.673e-36
 2.221e-36 2.931e-36 3.847e-36 5.023e-36 6.532e-36 8.467e-36 1.095e-35 1.413e-35
 1.822e-35 2.347e-35 3.023e-35 3.897e-35 5.030e-35 6.504e-35 8.427e-35 1.094e-34
 1.422e-34 1.849e-34 2.402e-34 3.113e-34 4.019e-34 5.157e-34 6.569e-34 8.293e-34
 1.036e-33 1.281e-33 1.564e-33 1.888e-33 2.252e-33 2.656e-33 3.099e-33 3.579e-33
 4.096e-33 4.649e-33 5.235e-33 5.856e-33 6.509e-33 7.196e-33 7.915e-33 8.668e-33
 9.454e-33 1.027e-32 1.113e-32 1.201e-32 1.293e-32 1.389e-32 1.487e-32 1.588e-32
 1.692e-32 1.798e-32 1.906e-32 2.015e-32 2.125e-32 2.235e-32 2.344e-32 2.452e-32
 2.556e-32 2.657e-32 2.751e-32 2.839e-32 2.918e-32 2.986e-32 3.043e-32 3.087e-32
 3.117e-32 3.131e-32 3.130e-32 3.113e-32 3.080e-32 3.033e-32 2.971e-32 2.898e-32
 2.813e-32 2.720e-32 2.620e-32 2.514e-32 2.406e-32 2.295e-32 2.184e-32 2.074e-32
 1.967e-32 1.862e-32 1.760e-32 1.663e-32 1.570e-32 1.482e-32 1.398e-32 1.319e-32
 1.245e-32 1.175e-32 1.109e-32 1.047e-32 9.899e-33 9.360e-33 8.857e-33 8.386e-33
 7.947e-33 7.536e-33 7.152e-33 6.794e-33 6.459e-33 6.146e-33 5.853e-33 5.580e-33
 5.324e-33 5.084e-33 4.860e-33 4.651e-33 4.454e-33 4.269e-33 4.096e-33 3.934e-33
 3.781e-33 3.637e-33 3.502e-33 3.375e-33 3.255e-33 3.142e-33 3.035e-33 2.934e-33
 2.839e-33 2.749e-33 2.663e-33 2.583e-33 2.506e-33 2.434e-33 2.365e-33 2.299e-33
 2.237e-33 2.178e-33 2.122e-33 2.068e-33 2.017e-33 1.969e-33 1.923e-33 1.879e-33
 1.837e-33 1.797e-33 1.760e-33 1.724e-33 1.690e-33 1.659e-33 1.629e-33 1.601e-33
 1.575e-33 1.551e-33 1.529e-33 1.510e-33 1.492e-33 1.476e-33 1.463e-33 1.453e-33
 1.444e-33 1.439e-33 1.436e-33 1.436e-33 1.438e-33 1.444e-33 1.454e-33 1.466e-33
 1.482e-33 1.502e-33 1.525e-33 1.552e-33 1.582e-33 1.616e-33 1.654e-33 1.696e-33
 1.741e-33 1.790e-33 1.843e-33 1.898e-33 1.957e-33 2.019e-33 2.083e-33 2.150e-33
 2.220e-33 2.291e-33 2.365e-33 2.440e-33 2.517e-33 2.595e-33 2.675e-33 2.755e-33
 2.837e-33 2.919e-33 3.003e-33 3.087e-33 3.173e-33 3.259e-33 3.347e-33 3.436e-33
 3.526e-33 3.617e-33 3.709e-33 3.802e-33 3.897e-33 3.993e-33 4.089e-33 4.187e-33
 4.286e-33 4.386e-33 4.486e-33 4.587e-33 4.688e-33 4.789e-33 4.890e-33 4.991e-33
 5.091e-33 5.190e-33 5.289e-33 5.386e-33 5.481e-33 5.575e-33 5.666e-33 5.755e-33
 5.841e-33 5.924e-33 6.005e-33 6.082e-33 6.156e-33 6.226e-33 6.292e-33 6.354e-33
 6.413e-33 6.467e-33 6.518e-33 6.564e-33 6.606e-33 6.644e-33 6.678e-33 6.708e-33
 6.734e-33 6.756e-33 6.775e-33 6.789e-33 6.801e-33 6.809e-33 6.814e-33 6.816e-33
 6.815e-33 6.812e-33 6.806e-33 6.798e-33 6.787e-33 6.775e-33 6.761e-33 6.745e-33
 6.728e-33 6.709e-33 6.689e-33 6.668e-33 6.646e-33 6.623e-33 6.600e-33 6.576e-33
 6.551e-33 6.526e-33 6.500e-33 6.475e-33 6.449e-33 6.423e-33 6.397e-33 6.371e-33
 6.345e-33 6.320e-33 6.294e-33 6.269e-33 6.244e-33 6.220e-33 6.196e-33 6.172e-33
 6.148e-33 6.125e-33 6.103e-33 6.080e-33 6.059e-33 6.037e-33 6.016e-33 5.996e-33
 5.976e-33 5.956e-33 5.937e-33 5.919e-33 5.900e-33 5.883e-33 5.865e-33 5.849e-33
 5.832e-33 5.817e-33 5.801e-33 5.786e-33 5.772e-33 5.758e-33 5.745e-33 5.732e-33
 5.720e-33 5.708e-33 5.697e-33 5.686e-33 5.676e-33 5.667e-33 5.658e-33 5.649e-33
 5.641e-33 5.633e-33 5.626e-33 5.620e-33 5.614e-33 5.608e-33 5.602e-33 5.597e-33
 5.593e-33 5.588e-33 5.584e-33 5.581e-33 5.577e-33 5.574e-33 5.571e-33 5.568e-33
 5.565e-33 5.563e-33 5.561e-33 5.559e-33 5.557e-33 5.555e-33 5.553e-33 5.552e-33
 5.551e-33 5.550e-33 5.549e-33 5.549e-33 5.548e-33 5.549e-33 5.549e-33 5.550e-33
 5.551e-33 5.552e-33 5.553e-33 5.555e-33 5.557e-33 5.560e-33 5.563e-33 5.566e-33
 5.569e-33 5.573e-33 5.577e-33 5.581e-33 5.585e-33 5.590e-33 5.594e-33 5.599e-33
 5.604e-33 5.610e-33 5.615e-33 5.620e-33 5.626e-33 5.632e-33 5.637e-33 5.643e-33
 5.649e-33 5.655e-33 5.661e-33 5.667e-33 5.674e-33 5.680e-33 5.686e-33 5.693e-33
 5.700e-33 5.706e-33 5.713e-33 5.720e-33 5.727e-33 5.734e-33 5.741e-33 5.749e-33
 5.756e-33 5.763e-33 5.771e-33 5.779e-33 5.787e-33 5.794e-33 5.802e-33 5.811e-33
 5.819e-33 5.827e-33 5.835e-33 5.844e-33 5.852e-33 5.861e-33 5.869e-33 5.878e-33
 5.887e-33 5.896e-33 5.905e-33 5.914e-33 5.923e-33 5.932e-33 5.941e-33 5.951e-33
 5.960e-33 5.969e-33 5.979e-33 5.988e-33 5.997e-33 6.007e-33 6.016e-33 6.026e-33
 6.035e-33 6.045e-33 6.054e-33 6.064e-33 6.074e-33 6.083e-33 6.093e-33 6.102e-33
 6.112e-33 6.121e-33 6.131e-33 6.140e-33 6.149e-33 6.159e-33 6.168e-33 6.178e-33
 6.187e-33 6.197e-33 6.206e-33 6.215e-33 6.225e-33 6.234e-33 6.243e-33 6.252e-33
 6.262e-33 6.271e-33 6.280e-33 6.290e-33 6.299e-33 6.308e-33 6.317e-33 6.326e-33
 6.335e-33 6.345e-33 6.354e-33 6.363e-33 6.372e-33 6.381e-33 6.390e-33 6.399e-33
 6.408e-33 6.417e-33 6.426e-33 6.435e-33 6.444e-33 6.453e-33 6.462e-33 6.471e-33
 6.479e-33 6.488e-33 6.497e-33 6.506e-33 6.515e-33 6.523e-33 6.532e-33 6.541e-33
 6.550e-33 6.558e-33 6.567e-33 6.576e-33 6.584e-33 6.593e-33 6.601e-33 6.610e-33
 6.618e-33 6.627e-33 6.635e-33 6.644e-33 6.652e-33 6.661e-33 6.669e-33 6.678e-33
 6.686e-33 6.694e-33 6.703e-33 6.711e-33 6.719e-33 6.727e-33 6.736e-33 6.744e-33
 6.752e-33 6.760e-33 6.768e-33 6.776e-33 6.784e-33 6.792e-33 6.800e-33 6.808e-33
 6.816e-33 6.824e-33 6.832e-33 6.840e-33 6.848e-33 6.856e-33 6.864e-33 6.872e-33
 6.879e-33 6.887e-33 6.895e-33 6.902e-33 6.910e-33 6.918e-33 6.925e-33 6.933e-33
 6.941e-33 6.948e-33 6.956e-33 6.963e-33 6.971e-33 6.978e-33 6.985e-33 6.993e-33
 7.000e-33 7.007e-33 7.015e-33 7.022e-33 7.029e-33 7.036e-33 7.044e-33 7.051e-33
 7.058e-33 7.065e-33 7.072e-33 7.079e-33 7.086e-33 7.093e-33 7.100e-33 7.107e-33
 7.114e-33 7.121e-33 7.128e-33 7.135e-33 7.141e-33 7.148e-33 7.155e-33 7.162e-33
 7.168e-33 7.175e-33 7.182e-33 7.188e-33 7.195e-33 7.201e-33 7.208e-33 7.214e-33
 7.221e-33 7.227e-33 7.233e-33 7.240e-33 7.246e-33 7.253e-33 7.259e-33 7.265e-33
 7.271e-33 7.277e-33 7.284e-33 7.290e-33 7.296e-33 7.302e-33 7.308e-33 7.314e-33
 7.320e-33 7.326e-33 7.332e-33 7.338e-33 7.344e-33 7.350e-33 7.355e-33 7.361e-33
Lz[Wm**3] for tau[ms]=    1.0
 1.369e-40 2.349e-40 3.995e-40 6.726e-40 1.120e-39 1.844e-39 2.998e-39 4.809e-39
 7.605e-39 1.185e-38 1.821e-38 2.761e-38 4.130e-38 6.102e-38 8.905e-38 1.285e-37
 1.833e-37 2.587e-37 3.616e-37 5.006e-37 6.870e-37 9.354e-37 1.265e-36 1.699e-36
 2.272e-36 3.026e-36 4.023e-36 5.347e-36 7.121e-36 9.526e-36 1.282e-35 1.740e-35
 2.383e-35 3.295e-35 4.594e-35 6.445e-35 9.070e-35 1.275e-34 1.782e-34 2.464e-34
 3.358e-34 4.494e-34 5.895e-34 7.569e-34 9.518e-34 1.173e-33 1.420e-33 1.692e-33
 1.987e-33 2.305e-33 2.647e-33 3.011e-33 3.400e-33 3.814e-33 4.253e-33 4.718e-33
 5.211e-33 5.733e-33 6.283e-33 6.863e-33 7.473e-33 8.113e-33 8.783e-33 9.483e-33
 1.021e-32 1.097e-32 1.174e-32 1.254e-32 1.335e-32 1.416e-32 1.497e-32 1.576e-32
 1.651e-32 1.721e-32 1.783e-32 1.836e-32 1.876e-32 1.902e-32 1.913e-32 1.906e-32
 1.882e-32 1.840e-32 1.782e-32 1.710e-32 1.627e-32 1.536e-32 1.438e-32 1.338e-32
 1.239e-32 1.141e-32 1.046e-32 9.571e-33 8.734e-33 7.957e-33 7.241e-33 6.587e-33
 5.991e-33 5.450e-33 4.962e-33 4.520e-33 4.123e-33 3.765e-33 3.442e-33 3.152e-33
 2.891e-33 2.655e-33 2.443e-33 2.251e-33 2.078e-33 1.921e-33 1.779e-33 1.651e-33
 1.534e-33 1.428e-33 1.331e-33 1.243e-33 1.162e-33 1.088e-33 1.021e-33 9.589e-34
 9.019e-34 8.495e-34 8.012e-34 7.567e-34 7.156e-34 6.776e-34 6.424e-34 6.098e-34
 5.796e-34 5.515e-34 5.254e-34 5.011e-34 4.785e-34 4.574e-34 4.377e-34 4.193e-34
 4.021e-34 3.860e-34 3.708e-34 3.567e-34 3.434e-34 3.309e-34 3.191e-34 3.080e-34
 2.976e-34 2.877e-34 2.785e-34 2.697e-34 2.615e-34 2.537e-34 2.463e-34 2.393e-34
 2.328e-34 2.266e-34 2.208e-34 2.154e-34 2.103e-34 2.056e-34 2.012e-34 1.973e-34
 1.937e-34 1.906e-34 1.879e-34 1.857e-34 1.841e-34 1.831e-34 1.827e-34 1.830e-34
 1.841e-34 1.860e-34 1.889e-34 1.928e-34 1.977e-34 2.039e-34 2.113e-34 2.200e-34
 2.301e-34 2.417e-34 2.547e-34 2.692e-34 2.852e-34 3.026e-34 3.212e-34 3.411e-34
 3.620e-34 3.839e-34 4.064e-34 4.295e-34 4.530e-34 4.767e-34 5.005e-34 5.244e-34
 5.481e-34 5.719e-34 5.956e-34 6.194e-34 6.434e-34 6.678e-34 6.926e-34 7.181e-34
 7.445e-34 7.720e-34 8.006e-34 8.306e-34 8.620e-34 8.949e-34 9.294e-34 9.653e-34
 1.003e-33 1.041e-33 1.081e-33 1.122e-33 1.163e-33 1.204e-33 1.245e-33 1.286e-33
 1.326e-33 1.365e-33 1.403e-33 1.438e-33 1.471e-33 1.502e-33 1.530e-33 1.556e-33
 1.578e-33 1.597e-33 1.614e-33 1.627e-33 1.637e-33 1.644e-33 1.649e-33 1.650e-33
 1.650e-33 1.647e-33 1.642e-33 1.635e-33 1.626e-33 1.616e-33 1.605e-33 1.592e-33
 1.578e-33 1.563e-33 1.547e-33 1.530e-33 1.513e-33 1.495e-33 1.477e-33 1.458e-33
 1.440e-33 1.421e-33 1.401e-33 1.382e-33 1.363e-33 1.344e-33 1.325e-33 1.306e-33
 1.287e-33 1.268e-33 1.250e-33 1.232e-33 1.214e-33 1.197e-33 1.180e-33 1.163e-33
 1.147e-33 1.131e-33 1.115e-33 1.099e-33 1.085e-33 1.070e-33 1.056e-33 1.042e-33
 1.028e-33 1.015e-33 1.003e-33 9.901e-34 9.781e-34 9.664e-34 9.551e-34 9.441e-34
 9.334e-34 9.230e-34 9.129e-34 9.032e-34 8.937e-34 8.846e-34 8.757e-34 8.671e-34
 8.588e-34 8.508e-34 8.430e-34 8.355e-34 8.282e-34 8.212e-34 8.144e-34 8.078e-34
 8.014e-34 7.953e-34 7.894e-34 7.837e-34 7.781e-34 7.728e-34 7.676e-34 7.627e-34
 7.578e-34 7.532e-34 7.487e-34 7.444e-34 7.402e-34 7.362e-34 7.324e-34 7.286e-34
 7.250e-34 7.216e-34 7.182e-34 7.151e-34 7.120e-34 7.091e-34 7.062e-34 7.036e-34
 7.010e-34 6.985e-34 6.962e-34 6.940e-34 6.919e-34 6.899e-34 6.880e-34 6.862e-34
 6.845e-34 6.829e-34 6.814e-34 6.801e-34 6.787e-34 6.775e-34 6.764e-34 6.753e-34
 6.743e-34 6.734e-34 6.726e-34 6.718e-34 6.710e-34 6.704e-34 6.698e-34 6.692e-34
 6.687e-34 6.682e-34 6.678e-34 6.674e-34 6.670e-34 6.667e-34 6.665e-34 6.663e-34
 6.661e-34 6.660e-34 6.659e-34 6.659e-34 6.659e-34 6.660e-34 6.661e-34 6.663e-34
 6.665e-34 6.668e-34 6.672e-34 6.676e-34 6.680e-34 6.685e-34 6.691e-34 6.697e-34
 6.703e-34 6.710e-34 6.718e-34 6.726e-34 6.734e-34 6.743e-34 6.752e-34 6.761e-34
 6.771e-34 6.781e-34 6.792e-34 6.802e-34 6.813e-34 6.825e-34 6.836e-34 6.848e-34
 6.860e-34 6.872e-34 6.885e-34 6.897e-34 6.910e-34 6.923e-34 6.937e-34 6.951e-34
 6.964e-34 6.979e-34 6.993e-34 7.007e-34 7.022e-34 7.037e-34 7.053e-34 7.068e-34
 7.084e-34 7.100e-34 7.116e-34 7.132e-34 7.149e-34 7.165e-34 7.182e-34 7.199e-34
 7.217e-34 7.234e-34 7.252e-34 7.270e-34 7.288e-34 7.306e-34 7.325e-34 7.344e-34
 7.363e-34 7.382e-34 7.401e-34 7.420e-34 7.440e-34 7.460e-34 7.480e-34 7.500e-34
 7.520e-34 7.540e-34 7.561e-34 7.582e-34 7.603e-34 7.624e-34 7.645e-34 7.666e-34
 7.687e-34 7.708e-34 7.730e-34 7.752e-34 7.773e-34 7.795e-34 7.817e-34 7.839e-34
 7.861e-34 7.883e-34 7.905e-34 7.927e-34 7.949e-34 7.971e-34 7.994e-34 8.016e-34
 8.039e-34 8.061e-34 8.084e-34 8.107e-34 8.129e-34 8.152e-34 8.175e-34 8.198e-34
 8.221e-34 8.244e-34 8.267e-34 8.291e-34 8.314e-34 8.337e-34 8.361e-34 8.384e-34
 8.408e-34 8.432e-34 8.456e-34 8.479e-34 8.503e-34 8.527e-34 8.551e-34 8.576e-34
 8.600e-34 8.624e-34 8.648e-34 8.673e-34 8.697e-34 8.722e-34 8.747e-34 8.771e-34
 8.796e-34 8.821e-34 8.846e-34 8.871e-34 8.896e-34 8.921e-34 8.947e-34 8.972e-34
 8.998e-34 9.023e-34 9.049e-34 9.074e-34 9.100e-34 9.126e-34 9.152e-34 9.178e-34
 9.204e-34 9.230e-34 9.256e-34 9.282e-34 9.309e-34 9.335e-34 9.362e-34 9.388e-34
 9.415e-34 9.442e-34 9.469e-34 9.496e-34 9.523e-34 9.550e-34 9.577e-34 9.604e-34
 9.632e-34 9.659e-34 9.687e-34 9.714e-34 9.742e-34 9.770e-34 9.798e-34 9.825e-34
 9.853e-34 9.882e-34 9.910e-34 9.938e-34 9.966e-34 9.995e-34 1.002e-33 1.005e-33
 1.008e-33 1.011e-33 1.014e-33 1.017e-33 1.020e-33 1.023e-33 1.025e-33 1.028e-33
 1.031e-33 1.034e-33 1.037e-33 1.040e-33 1.043e-33 1.046e-33 1.049e-33 1.052e-33
 1.055e-33 1.058e-33 1.061e-33 1.064e-33 1.067e-33 1.070e-33 1.073e-33 1.077e-33
 1.080e-33 1.083e-33 1.086e-33 1.089e-33 1.092e-33 1.095e-33 1.098e-33 1.101e-33
 1.105e-33 1.108e-33 1.111e-33 1.114e-33 1.117e-33 1.121e-33 1.124e-33 1.127e-33
 1.130e-33 1.133e-33 1.137e-33 1.140e-33 1.143e-33 1.147e-33 1.150e-33 1.153e-33
 1.156e-33 1.160e-33 1.163e-33 1.166e-33 1.170e-33 1.173e-33 1.177e-33 1.180e-33
 1.183e-33 1.187e-33 1.190e-33 1.194e-33 1.197e-33 1.200e-33 1.204e-33 1.207e-33
 1.211e-33 1.214e-33 1.218e-33 1.221e-33 1.225e-33 1.228e-33 1.232e-33 1.235e-33
Lz[Wm**3] for tau[ms]=   10.0
 1.369e-40 2.349e-40 3.995e-40 6.726e-40 1.120e-39 1.844e-39 2.998e-39 4.809e-39
 7.605e-39 1.185e-38 1.821e-38 2.761e-38 4.131e-38 6.103e-38 8.908e-38 1.285e-37
 1.834e-37 2.589e-37 3.620e-37 5.015e-37 6.890e-37 9.394e-37 1.273e-36 1.716e-36
 2.305e-36 3.092e-36 4.154e-36 5.603e-36 7.613e-36 1.046e-35 1.455e-35 2.056e-35
 2.949e-35 4.280e-35 6.262e-35 9.176e-35 1.337e-34 1.922e-34 2.709e-34 3.724e-34
 4.981e-34 6.476e-34 8.197e-34 1.012e-33 1.224e-33 1.455e-33 1.703e-33 1.970e-33
 2.255e-33 2.561e-33 2.888e-33 3.238e-33 3.612e-33 4.011e-33 4.436e-33 4.888e-33
 5.368e-33 5.876e-33 6.413e-33 6.980e-33 7.574e-33 8.196e-33 8.843e-33 9.512e-33
 1.020e-32 1.089e-32 1.158e-32 1.226e-32 1.291e-32 1.349e-32 1.399e-32 1.438e-32
 1.462e-32 1.468e-32 1.455e-32 1.422e-32 1.369e-32 1.298e-32 1.213e-32 1.119e-32
 1.019e-32 9.179e-33 8.195e-33 7.264e-33 6.403e-33 5.620e-33 4.919e-33 4.298e-33
 3.753e-33 3.276e-33 2.862e-33 2.503e-33 2.193e-33 1.924e-33 1.692e-33 1.491e-33
 1.317e-33 1.166e-33 1.035e-33 9.214e-34 8.221e-34 7.353e-34 6.593e-34 5.927e-34
 5.341e-34 4.825e-34 4.369e-34 3.965e-34 3.607e-34 3.289e-34 3.006e-34 2.753e-34
 2.526e-34 2.324e-34 2.141e-34 1.977e-34 1.829e-34 1.696e-34 1.574e-34 1.465e-34
 1.365e-34 1.274e-34 1.191e-34 1.115e-34 1.046e-34 9.821e-35 9.238e-35 8.703e-35
 8.210e-35 7.756e-35 7.338e-35 6.951e-35 6.593e-35 6.261e-35 5.954e-35 5.669e-35
 5.403e-35 5.156e-35 4.926e-35 4.711e-35 4.511e-35 4.324e-35 4.149e-35 3.986e-35
 3.833e-35 3.691e-35 3.558e-35 3.434e-35 3.318e-35 3.212e-35 3.114e-35 3.025e-35
 2.945e-35 2.875e-35 2.815e-35 2.767e-35 2.731e-35 2.710e-35 2.706e-35 2.721e-35
 2.757e-35 2.819e-35 2.910e-35 3.033e-35 3.194e-35 3.396e-35 3.645e-35 3.944e-35
 4.296e-35 4.706e-35 5.173e-35 5.698e-35 6.277e-35 6.906e-35 7.577e-35 8.280e-35
 9.005e-35 9.738e-35 1.047e-34 1.118e-34 1.188e-34 1.255e-34 1.319e-34 1.380e-34
 1.440e-34 1.500e-34 1.559e-34 1.621e-34 1.686e-34 1.756e-34 1.833e-34 1.918e-34
 2.012e-34 2.116e-34 2.232e-34 2.359e-34 2.498e-34 2.648e-34 2.810e-34 2.981e-34
 3.160e-34 3.344e-34 3.532e-34 3.718e-34 3.902e-34 4.077e-34 4.242e-34 4.392e-34
 4.525e-34 4.639e-34 4.731e-34 4.802e-34 4.850e-34 4.876e-34 4.882e-34 4.869e-34
 4.838e-34 4.792e-34 4.733e-34 4.663e-34 4.583e-34 4.496e-34 4.404e-34 4.307e-34
 4.208e-34 4.106e-34 4.004e-34 3.903e-34 3.802e-34 3.702e-34 3.604e-34 3.508e-34
 3.414e-34 3.323e-34 3.234e-34 3.148e-34 3.064e-34 2.984e-34 2.905e-34 2.830e-34
 2.757e-34 2.687e-34 2.619e-34 2.553e-34 2.490e-34 2.428e-34 2.369e-34 2.312e-34
 2.257e-34 2.204e-34 2.152e-34 2.102e-34 2.054e-34 2.008e-34 1.963e-34 1.920e-34
 1.878e-34 1.838e-34 1.799e-34 1.762e-34 1.726e-34 1.691e-34 1.658e-34 1.625e-34
 1.594e-34 1.564e-34 1.535e-34 1.507e-34 1.480e-34 1.454e-34 1.429e-34 1.405e-34
 1.382e-34 1.360e-34 1.338e-34 1.317e-34 1.297e-34 1.278e-34 1.259e-34 1.241e-34
 1.224e-34 1.207e-34 1.191e-34 1.176e-34 1.161e-34 1.146e-34 1.132e-34 1.119e-34
 1.106e-34 1.094e-34 1.082e-34 1.070e-34 1.059e-34 1.048e-34 1.038e-34 1.028e-34
 1.019e-34 1.010e-34 1.001e-34 9.922e-35 9.840e-35 9.761e-35 9.685e-35 9.613e-35
 9.542e-35 9.475e-35 9.411e-35 9.348e-35 9.289e-35 9.232e-35 9.177e-35 9.124e-35
 9.074e-35 9.025e-35 8.979e-35 8.935e-35 8.893e-35 8.853e-35 8.814e-35 8.778e-35
 8.743e-35 8.710e-35 8.679e-35 8.650e-35 8.622e-35 8.596e-35 8.571e-35 8.548e-35
 8.527e-35 8.507e-35 8.488e-35 8.471e-35 8.455e-35 8.440e-35 8.427e-35 8.415e-35
 8.403e-35 8.393e-35 8.384e-35 8.376e-35 8.369e-35 8.363e-35 8.357e-35 8.353e-35
 8.349e-35 8.346e-35 8.343e-35 8.342e-35 8.341e-35 8.341e-35 8.341e-35 8.343e-35
 8.345e-35 8.348e-35 8.351e-35 8.356e-35 8.361e-35 8.367e-35 8.374e-35 8.381e-35
 8.390e-35 8.399e-35 8.409e-35 8.420e-35 8.432e-35 8.445e-35 8.459e-35 8.473e-35
 8.488e-35 8.504e-35 8.521e-35 8.538e-35 8.557e-35 8.575e-35 8.595e-35 8.615e-35
 8.636e-35 8.657e-35 8.679e-35 8.702e-35 8.725e-35 8.748e-35 8.773e-35 8.797e-35
 8.822e-35 8.848e-35 8.874e-35 8.900e-35 8.927e-35 8.954e-35 8.982e-35 9.010e-35
 9.039e-35 9.068e-35 9.098e-35 9.127e-35 9.158e-35 9.188e-35 9.219e-35 9.251e-35
 9.282e-35 9.314e-35 9.347e-35 9.380e-35 9.413e-35 9.446e-35 9.480e-35 9.515e-35
 9.549e-35 9.584e-35 9.620e-35 9.655e-35 9.691e-35 9.728e-35 9.765e-35 9.802e-35
 9.840e-35 9.878e-35 9.916e-35 9.955e-35 9.994e-35 1.003e-34 1.007e-34 1.011e-34
 1.015e-34 1.019e-34 1.024e-34 1.028e-34 1.032e-34 1.036e-34 1.040e-34 1.045e-34
 1.049e-34 1.053e-34 1.058e-34 1.062e-34 1.066e-34 1.071e-34 1.075e-34 1.080e-34
 1.084e-34 1.089e-34 1.093e-34 1.098e-34 1.103e-34 1.107e-34 1.112e-34 1.117e-34
 1.122e-34 1.126e-34 1.131e-34 1.136e-34 1.141e-34 1.146e-34 1.151e-34 1.156e-34
 1.160e-34 1.165e-34 1.171e-34 1.176e-34 1.181e-34 1.186e-34 1.191e-34 1.196e-34
 1.201e-34 1.207e-34 1.212e-34 1.217e-34 1.222e-34 1.228e-34 1.233e-34 1.239e-34
 1.244e-34 1.250e-34 1.255e-34 1.261e-34 1.266e-34 1.272e-34 1.277e-34 1.283e-34
 1.289e-34 1.295e-34 1.300e-34 1.306e-34 1.312e-34 1.318e-34 1.324e-34 1.330e-34
 1.336e-34 1.342e-34 1.348e-34 1.354e-34 1.360e-34 1.366e-34 1.373e-34 1.379e-34
 1.385e-34 1.391e-34 1.398e-34 1.404e-34 1.411e-34 1.417e-34 1.424e-34 1.430e-34
 1.437e-34 1.443e-34 1.450e-34 1.457e-34 1.464e-34 1.470e-34 1.477e-34 1.484e-34
 1.491e-34 1.498e-34 1.505e-34 1.512e-34 1.519e-34 1.526e-34 1.533e-34 1.541e-34
 1.548e-34 1.555e-34 1.563e-34 1.570e-34 1.577e-34 1.585e-34 1.592e-34 1.600e-34
 1.608e-34 1.615e-34 1.623e-34 1.631e-34 1.639e-34 1.646e-34 1.654e-34 1.662e-34
 1.670e-34 1.678e-34 1.686e-34 1.695e-34 1.703e-34 1.711e-34 1.719e-34 1.728e-34
 1.736e-34 1.745e-34 1.753e-34 1.762e-34 1.770e-34 1.779e-34 1.788e-34 1.797e-34
 1.805e-34 1.814e-34 1.823e-34 1.832e-34 1.841e-34 1.850e-34 1.860e-34 1.869e-34
 1.878e-34 1.887e-34 1.897e-34 1.906e-34 1.916e-34 1.925e-34 1.935e-34 1.945e-34
 1.955e-34 1.964e-34 1.974e-34 1.984e-34 1.994e-34 2.004e-34 2.015e-34 2.025e-34
 2.035e-34 2.045e-34 2.056e-34 2.066e-34 2.077e-34 2.087e-34 2.098e-34 2.109e-34
 2.120e-34 2.130e-34 2.141e-34 2.152e-34 2.164e-34 2.175e-34 2.186e-34 2.197e-34
 2.209e-34 2.220e-34 2.232e-34 2.243e-34 2.255e-34 2.267e-34 2.278e-34 2.290e-34
Lz[Wm**3] for tau[ms]=  100.0
 1.369e-40 2.349e-40 3.995e-40 6.726e-40 1.120e-39 1.844e-39 2.998e-39 4.809e-39
 7.605e-39 1.185e-38 1.821e-38 2.761e-38 4.131e-38 6.103e-38 8.908e-38 1.285e-37
 1.834e-37 2.590e-37 3.621e-37 5.017e-37 6.892e-37 9.400e-37 1.274e-36 1.718e-36
 2.310e-36 3.103e-36 4.176e-36 5.647e-36 7.700e-36 1.063e-35 1.488e-35 2.118e-35
 3.061e-35 4.480e-35 6.605e-35 9.741e-35 1.425e-34 2.053e-34 2.891e-34 3.962e-34
 5.272e-34 6.811e-34 8.562e-34 1.051e-33 1.263e-33 1.492e-33 1.739e-33 2.004e-33
 2.287e-33 2.591e-33 2.916e-33 3.263e-33 3.635e-33 4.032e-33 4.455e-33 4.905e-33
 5.383e-33 5.890e-33 6.426e-33 6.990e-33 7.582e-33 8.200e-33 8.841e-33 9.502e-33
 1.017e-32 1.085e-32 1.152e-32 1.216e-32 1.274e-32 1.325e-32 1.365e-32 1.390e-32
 1.398e-32 1.385e-32 1.351e-32 1.295e-32 1.221e-32 1.132e-32 1.033e-32 9.290e-33
 8.255e-33 7.260e-33 6.332e-33 5.489e-33 4.735e-33 4.073e-33 3.497e-33 2.999e-33
 2.573e-33 2.209e-33 1.898e-33 1.634e-33 1.409e-33 1.218e-33 1.055e-33 9.163e-34
 7.977e-34 6.963e-34 6.093e-34 5.346e-34 4.703e-34 4.148e-34 3.668e-34 3.251e-34
 2.889e-34 2.574e-34 2.298e-34 2.057e-34 1.846e-34 1.660e-34 1.496e-34 1.351e-34
 1.223e-34 1.109e-34 1.009e-34 9.186e-35 8.384e-35 7.666e-35 7.023e-35 6.445e-35
 5.926e-35 5.458e-35 5.035e-35 4.653e-35 4.307e-35 3.993e-35 3.708e-35 3.448e-35
 3.212e-35 2.996e-35 2.798e-35 2.617e-35 2.452e-35 2.300e-35 2.160e-35 2.031e-35
 1.912e-35 1.803e-35 1.702e-35 1.608e-35 1.521e-35 1.441e-35 1.367e-35 1.299e-35
 1.235e-35 1.177e-35 1.124e-35 1.076e-35 1.032e-35 9.930e-36 9.593e-36 9.311e-36
 9.089e-36 8.937e-36 8.862e-36 8.878e-36 9.000e-36 9.245e-36 9.636e-36 1.020e-35
 1.096e-35 1.195e-35 1.320e-35 1.475e-35 1.664e-35 1.888e-35 2.151e-35 2.454e-35
 2.795e-35 3.173e-35 3.582e-35 4.015e-35 4.462e-35 4.913e-35 5.356e-35 5.782e-35
 6.182e-35 6.553e-35 6.894e-35 7.208e-35 7.503e-35 7.787e-35 8.071e-35 8.368e-35
 8.691e-35 9.053e-35 9.467e-35 9.944e-35 1.049e-34 1.113e-34 1.185e-34 1.268e-34
 1.360e-34 1.463e-34 1.575e-34 1.697e-34 1.828e-34 1.964e-34 2.105e-34 2.247e-34
 2.388e-34 2.523e-34 2.650e-34 2.765e-34 2.864e-34 2.946e-34 3.009e-34 3.051e-34
 3.072e-34 3.074e-34 3.058e-34 3.025e-34 2.978e-34 2.918e-34 2.849e-34 2.773e-34
 2.691e-34 2.605e-34 2.517e-34 2.428e-34 2.340e-34 2.252e-34 2.166e-34 2.083e-34
 2.001e-34 1.923e-34 1.847e-34 1.775e-34 1.705e-34 1.639e-34 1.575e-34 1.515e-34
 1.457e-34 1.402e-34 1.350e-34 1.300e-34 1.252e-34 1.207e-34 1.164e-34 1.123e-34
 1.084e-34 1.046e-34 1.011e-34 9.770e-35 9.447e-35 9.138e-35 8.843e-35 8.561e-35
 8.291e-35 8.033e-35 7.787e-35 7.551e-35 7.325e-35 7.109e-35 6.903e-35 6.705e-35
 6.516e-35 6.336e-35 6.163e-35 5.997e-35 5.838e-35 5.686e-35 5.541e-35 5.402e-35
 5.268e-35 5.140e-35 5.018e-35 4.901e-35 4.788e-35 4.680e-35 4.577e-35 4.478e-35
 4.383e-35 4.292e-35 4.205e-35 4.121e-35 4.041e-35 3.963e-35 3.889e-35 3.818e-35
 3.750e-35 3.685e-35 3.622e-35 3.562e-35 3.504e-35 3.448e-35 3.395e-35 3.344e-35
 3.295e-35 3.248e-35 3.202e-35 3.159e-35 3.117e-35 3.077e-35 3.039e-35 3.002e-35
 2.967e-35 2.933e-35 2.901e-35 2.870e-35 2.840e-35 2.812e-35 2.785e-35 2.759e-35
 2.734e-35 2.710e-35 2.687e-35 2.666e-35 2.645e-35 2.626e-35 2.607e-35 2.589e-35
 2.573e-35 2.557e-35 2.542e-35 2.527e-35 2.514e-35 2.501e-35 2.489e-35 2.478e-35
 2.467e-35 2.458e-35 2.448e-35 2.440e-35 2.432e-35 2.425e-35 2.418e-35 2.412e-35
 2.406e-35 2.401e-35 2.396e-35 2.392e-35 2.389e-35 2.386e-35 2.383e-35 2.381e-35
 2.379e-35 2.378e-35 2.377e-35 2.377e-35 2.377e-35 2.377e-35 2.378e-35 2.379e-35
 2.380e-35 2.382e-35 2.384e-35 2.386e-35 2.389e-35 2.392e-35 2.396e-35 2.399e-35
 2.403e-35 2.408e-35 2.413e-35 2.418e-35 2.423e-35 2.429e-35 2.435e-35 2.442e-35
 2.449e-35 2.456e-35 2.463e-35 2.471e-35 2.480e-35 2.488e-35 2.498e-35 2.507e-35
 2.517e-35 2.527e-35 2.538e-35 2.549e-35 2.560e-35 2.571e-35 2.583e-35 2.596e-35
 2.608e-35 2.621e-35 2.634e-35 2.648e-35 2.662e-35 2.676e-35 2.690e-35 2.705e-35
 2.720e-35 2.735e-35 2.750e-35 2.766e-35 2.782e-35 2.798e-35 2.814e-35 2.831e-35
 2.847e-35 2.864e-35 2.881e-35 2.899e-35 2.916e-35 2.934e-35 2.952e-35 2.970e-35
 2.988e-35 3.007e-35 3.025e-35 3.044e-35 3.063e-35 3.082e-35 3.101e-35 3.121e-35
 3.140e-35 3.160e-35 3.180e-35 3.200e-35 3.221e-35 3.241e-35 3.262e-35 3.283e-35
 3.304e-35 3.326e-35 3.347e-35 3.369e-35 3.391e-35 3.414e-35 3.436e-35 3.459e-35
 3.482e-35 3.505e-35 3.528e-35 3.551e-35 3.575e-35 3.599e-35 3.623e-35 3.648e-35
 3.672e-35 3.697e-35 3.722e-35 3.747e-35 3.772e-35 3.798e-35 3.824e-35 3.850e-35
 3.876e-35 3.902e-35 3.929e-35 3.956e-35 3.983e-35 4.010e-35 4.038e-35 4.065e-35
 4.093e-35 4.121e-35 4.150e-35 4.178e-35 4.207e-35 4.236e-35 4.266e-35 4.295e-35
 4.325e-35 4.355e-35 4.385e-35 4.415e-35 4.446e-35 4.477e-35 4.508e-35 4.540e-35
 4.571e-35 4.603e-35 4.635e-35 4.668e-35 4.700e-35 4.733e-35 4.766e-35 4.800e-35
 4.833e-35 4.867e-35 4.902e-35 4.936e-35 4.971e-35 5.006e-35 5.041e-35 5.076e-35
 5.112e-35 5.148e-35 5.185e-35 5.221e-35 5.258e-35 5.296e-35 5.333e-35 5.371e-35
 5.409e-35 5.447e-35 5.486e-35 5.525e-35 5.564e-35 5.604e-35 5.644e-35 5.684e-35
 5.724e-35 5.765e-35 5.806e-35 5.848e-35 5.889e-35 5.931e-35 5.974e-35 6.016e-35
 6.059e-35 6.103e-35 6.147e-35 6.191e-35 6.235e-35 6.280e-35 6.325e-35 6.370e-35
 6.416e-35 6.462e-35 6.509e-35 6.555e-35 6.603e-35 6.650e-35 6.698e-35 6.746e-35
 6.795e-35 6.844e-35 6.893e-35 6.943e-35 6.993e-35 7.044e-35 7.095e-35 7.146e-35
 7.198e-35 7.250e-35 7.303e-35 7.356e-35 7.409e-35 7.463e-35 7.517e-35 7.571e-35
 7.626e-35 7.682e-35 7.738e-35 7.794e-35 7.851e-35 7.908e-35 7.965e-35 8.024e-35
 8.082e-35 8.141e-35 8.200e-35 8.260e-35 8.321e-35 8.381e-35 8.443e-35 8.504e-35
 8.566e-35 8.629e-35 8.692e-35 8.756e-35 8.820e-35 8.885e-35 8.950e-35 9.016e-35
 9.082e-35 9.148e-35 9.216e-35 9.283e-35 9.351e-35 9.420e-35 9.489e-35 9.559e-35
 9.630e-35 9.700e-35 9.772e-35 9.844e-35 9.916e-35 9.990e-35 1.006e-34 1.014e-34
 1.021e-34 1.029e-34 1.036e-34 1.044e-34 1.052e-34 1.060e-34 1.067e-34 1.075e-34
 1.083e-34 1.091e-34 1.099e-34 1.107e-34 1.116e-34 1.124e-34 1.132e-34 1.141e-34
 1.149e-34 1.158e-34 1.166e-34 1.175e-34 1.184e-34 1.192e-34 1.201e-34 1.210e-34
Lz[Wm**3] for tau[ms]= 1000.0
 1.369e-40 2.349e-40 3.995e-40 6.726e-40 1.120e-39 1.844e-39 2.998e-39 4.809e-39
 7.605e-39 1.185e-38 1.821e-38 2.761e-38 4.131e-38 6.103e-38 8.908e-38 1.285e-37
 1.834e-37 2.590e-37 3.621e-37 5.017e-37 6.893e-37 9.400e-37 1.274e-36 1.718e-36
 2.311e-36 3.105e-36 4.178e-36 5.652e-36 7.710e-36 1.064e-35 1.492e-35 2.124e-35
 3.073e-35 4.502e-35 6.643e-35 9.803e-35 1.435e-34 2.067e-34 2.911e-34 3.988e-34
 5.303e-34 6.847e-34 8.601e-34 1.055e-33 1.267e-33 1.496e-33 1.743e-33 2.007e-33
 2.290e-33 2.594e-33 2.918e-33 3.266e-33 3.637e-33 4.034e-33 4.457e-33 4.907e-33
 5.385e-33 5.892e-33 6.427e-33 6.991e-33 7.583e-33 8.200e-33 8.841e-33 9.500e-33
 1.017e-32 1.085e-32 1.151e-32 1.214e-32 1.272e-32 1.322e-32 1.361e-32 1.385e-32
 1.390e-32 1.375e-32 1.338e-32 1.280e-32 1.203e-32 1.112e-32 1.012e-32 9.073e-33
 8.037e-33 7.047e-33 6.129e-33 5.297e-33 4.557e-33 3.909e-33 3.347e-33 2.864e-33
 2.451e-33 2.098e-33 1.799e-33 1.545e-33 1.329e-33 1.146e-33 9.905e-34 8.581e-34
 7.452e-34 6.488e-34 5.664e-34 4.957e-34 4.349e-34 3.826e-34 3.374e-34 2.982e-34
 2.643e-34 2.348e-34 2.090e-34 1.866e-34 1.669e-34 1.496e-34 1.344e-34 1.211e-34
 1.092e-34 9.878e-35 8.951e-35 8.126e-35 7.391e-35 6.736e-35 6.150e-35 5.625e-35
 5.153e-35 4.729e-35 4.348e-35 4.003e-35 3.692e-35 3.410e-35 3.154e-35 2.922e-35
 2.711e-35 2.519e-35 2.344e-35 2.184e-35 2.038e-35 1.903e-35 1.780e-35 1.667e-35
 1.563e-35 1.467e-35 1.379e-35 1.297e-35 1.222e-35 1.153e-35 1.089e-35 1.030e-35
 9.757e-36 9.260e-36 8.807e-36 8.397e-36 8.031e-36 7.711e-36 7.438e-36 7.216e-36
 7.053e-36 6.956e-36 6.934e-36 7.000e-36 7.169e-36 7.460e-36 7.895e-36 8.498e-36
 9.297e-36 1.032e-35 1.161e-35 1.319e-35 1.510e-35 1.736e-35 1.998e-35 2.298e-35
 2.633e-35 3.001e-35 3.395e-35 3.806e-35 4.224e-35 4.639e-35 5.039e-35 5.416e-35
 5.765e-35 6.082e-35 6.371e-35 6.637e-35 6.887e-35 7.133e-35 7.387e-35 7.660e-35
 7.966e-35 8.317e-35 8.724e-35 9.198e-35 9.749e-35 1.039e-34 1.112e-34 1.194e-34
 1.287e-34 1.390e-34 1.502e-34 1.623e-34 1.751e-34 1.884e-34 2.021e-34 2.158e-34
 2.291e-34 2.418e-34 2.534e-34 2.637e-34 2.723e-34 2.791e-34 2.839e-34 2.867e-34
 2.874e-34 2.863e-34 2.835e-34 2.791e-34 2.735e-34 2.669e-34 2.594e-34 2.514e-34
 2.430e-34 2.343e-34 2.256e-34 2.168e-34 2.082e-34 1.997e-34 1.915e-34 1.835e-34
 1.758e-34 1.684e-34 1.613e-34 1.545e-34 1.480e-34 1.419e-34 1.360e-34 1.304e-34
 1.251e-34 1.201e-34 1.153e-34 1.107e-34 1.064e-34 1.023e-34 9.839e-35 9.468e-35
 9.115e-35 8.779e-35 8.460e-35 8.156e-35 7.866e-35 7.590e-35 7.327e-35 7.077e-35
 6.837e-35 6.609e-35 6.391e-35 6.183e-35 5.984e-35 5.794e-35 5.613e-35 5.440e-35
 5.275e-35 5.117e-35 4.967e-35 4.823e-35 4.685e-35 4.553e-35 4.427e-35 4.307e-35
 4.192e-35 4.082e-35 3.977e-35 3.876e-35 3.780e-35 3.687e-35 3.599e-35 3.515e-35
 3.434e-35 3.356e-35 3.282e-35 3.211e-35 3.143e-35 3.077e-35 3.015e-35 2.955e-35
 2.897e-35 2.842e-35 2.789e-35 2.739e-35 2.690e-35 2.644e-35 2.599e-35 2.556e-35
 2.515e-35 2.476e-35 2.438e-35 2.402e-35 2.367e-35 2.334e-35 2.303e-35 2.272e-35
 2.243e-35 2.215e-35 2.188e-35 2.163e-35 2.138e-35 2.115e-35 2.093e-35 2.071e-35
 2.051e-35 2.032e-35 2.013e-35 1.996e-35 1.979e-35 1.963e-35 1.948e-35 1.934e-35
 1.921e-35 1.908e-35 1.896e-35 1.885e-35 1.874e-35 1.865e-35 1.855e-35 1.847e-35
 1.838e-35 1.831e-35 1.824e-35 1.817e-35 1.812e-35 1.806e-35 1.801e-35 1.797e-35
 1.793e-35 1.789e-35 1.786e-35 1.783e-35 1.781e-35 1.779e-35 1.778e-35 1.776e-35
 1.776e-35 1.775e-35 1.775e-35 1.776e-35 1.776e-35 1.777e-35 1.779e-35 1.780e-35
 1.782e-35 1.784e-35 1.787e-35 1.790e-35 1.793e-35 1.796e-35 1.800e-35 1.804e-35
 1.808e-35 1.813e-35 1.818e-35 1.823e-35 1.828e-35 1.834e-35 1.840e-35 1.846e-35
 1.853e-35 1.860e-35 1.868e-35 1.875e-35 1.883e-35 1.892e-35 1.900e-35 1.909e-35
 1.919e-35 1.928e-35 1.938e-35 1.948e-35 1.959e-35 1.970e-35 1.981e-35 1.992e-35
 2.004e-35 2.016e-35 2.029e-35 2.041e-35 2.054e-35 2.067e-35 2.080e-35 2.094e-35
 2.108e-35 2.122e-35 2.136e-35 2.151e-35 2.166e-35 2.181e-35 2.196e-35 2.211e-35
 2.227e-35 2.242e-35 2.258e-35 2.275e-35 2.291e-35 2.307e-35 2.324e-35 2.341e-35
 2.357e-35 2.374e-35 2.392e-35 2.409e-35 2.426e-35 2.444e-35 2.462e-35 2.480e-35
 2.498e-35 2.516e-35 2.535e-35 2.553e-35 2.572e-35 2.591e-35 2.610e-35 2.630e-35
 2.649e-35 2.669e-35 2.689e-35 2.709e-35 2.729e-35 2.750e-35 2.771e-35 2.792e-35
 2.813e-35 2.834e-35 2.855e-35 2.877e-35 2.899e-35 2.921e-35 2.943e-35 2.966e-35
 2.989e-35 3.011e-35 3.035e-35 3.058e-35 3.081e-35 3.105e-35 3.129e-35 3.153e-35
 3.177e-35 3.202e-35 3.226e-35 3.251e-35 3.276e-35 3.302e-35 3.327e-35 3.353e-35
 3.379e-35 3.405e-35 3.432e-35 3.458e-35 3.485e-35 3.512e-35 3.539e-35 3.567e-35
 3.595e-35 3.622e-35 3.651e-35 3.679e-35 3.708e-35 3.737e-35 3.766e-35 3.795e-35
 3.825e-35 3.854e-35 3.884e-35 3.915e-35 3.945e-35 3.976e-35 4.007e-35 4.039e-35
 4.070e-35 4.102e-35 4.134e-35 4.166e-35 4.199e-35 4.232e-35 4.265e-35 4.298e-35
 4.332e-35 4.366e-35 4.400e-35 4.434e-35 4.469e-35 4.504e-35 4.539e-35 4.575e-35
 4.611e-35 4.647e-35 4.683e-35 4.720e-35 4.757e-35 4.795e-35 4.832e-35 4.870e-35
 4.908e-35 4.947e-35 4.986e-35 5.025e-35 5.064e-35 5.104e-35 5.144e-35 5.184e-35
 5.225e-35 5.266e-35 5.308e-35 5.349e-35 5.391e-35 5.434e-35 5.476e-35 5.519e-35
 5.563e-35 5.607e-35 5.651e-35 5.695e-35 5.740e-35 5.785e-35 5.830e-35 5.876e-35
 5.923e-35 5.969e-35 6.016e-35 6.063e-35 6.111e-35 6.159e-35 6.208e-35 6.257e-35
 6.306e-35 6.355e-35 6.405e-35 6.456e-35 6.507e-35 6.558e-35 6.610e-35 6.662e-35
 6.714e-35 6.767e-35 6.820e-35 6.874e-35 6.928e-35 6.983e-35 7.038e-35 7.093e-35
 7.149e-35 7.205e-35 7.262e-35 7.319e-35 7.377e-35 7.435e-35 7.494e-35 7.553e-35
 7.612e-35 7.672e-35 7.733e-35 7.794e-35 7.855e-35 7.917e-35 7.980e-35 8.043e-35
 8.106e-35 8.170e-35 8.234e-35 8.299e-35 8.365e-35 8.431e-35 8.497e-35 8.564e-35
 8.632e-35 8.700e-35 8.769e-35 8.838e-35 8.908e-35 8.978e-35 9.049e-35 9.120e-35
 9.192e-35 9.265e-35 9.338e-35 9.411e-35 9.486e-35 9.561e-35 9.636e-35 9.712e-35
 9.789e-35 9.866e-35 9.944e-35 1.002e-34 1.010e-34 1.018e-34 1.026e-34 1.034e-34
 1.042e-34 1.051e-34 1.059e-34 1.067e-34 1.076e-34 1.084e-34 1.093e-34 1.101e-34
Lz[Wm**3] in equilibrium - infinite confinement
 1.369e-40 2.349e-40 3.995e-40 6.726e-40 1.120e-39 1.844e-39 2.998e-39 4.809e-39
 7.605e-39 1.185e-38 1.821e-38 2.761e-38 4.131e-38 6.103e-38 8.908e-38 1.285e-37
 1.834e-37 2.590e-37 3.621e-37 5.017e-37 6.893e-37 9.400e-37 1.274e-36 1.718e-36
 2.311e-36 3.105e-36 4.179e-36 5.652e-36 7.711e-36 1.065e-35 1.492e-35 2.125e-35
 3.075e-35 4.505e-35 6.647e-35 9.810e-35 1.436e-34 2.069e-34 2.913e-34 3.991e-34
 5.306e-34 6.851e-34 8.606e-34 1.055e-33 1.267e-33 1.497e-33 1.743e-33 2.007e-33
 2.291e-33 2.594e-33 2.919e-33 3.266e-33 3.637e-33 4.034e-33 4.457e-33 4.907e-33
 5.385e-33 5.892e-33 6.427e-33 6.991e-33 7.583e-33 8.200e-33 8.841e-33 9.500e-33
 1.017e-32 1.085e-32 1.151e-32 1.214e-32 1.272e-32 1.322e-32 1.361e-32 1.384e-32
 1.389e-32 1.374e-32 1.336e-32 1.278e-32 1.201e-32 1.110e-32 1.009e-32 9.049e-33
 8.013e-33 7.023e-33 6.106e-33 5.275e-33 4.537e-33 3.891e-33 3.330e-33 2.849e-33
 2.437e-33 2.086e-33 1.788e-33 1.535e-33 1.320e-33 1.138e-33 9.833e-34 8.516e-34
 7.394e-34 6.435e-34 5.616e-34 4.913e-34 4.310e-34 3.790e-34 3.341e-34 2.952e-34
 2.616e-34 2.323e-34 2.067e-34 1.844e-34 1.649e-34 1.478e-34 1.328e-34 1.195e-34
 1.078e-34 9.743e-35 8.825e-35 8.008e-35 7.281e-35 6.633e-35 6.053e-35 5.533e-35
 5.067e-35 4.648e-35 4.271e-35 3.931e-35 3.623e-35 3.345e-35 3.093e-35 2.864e-35
 2.656e-35 2.466e-35 2.294e-35 2.136e-35 1.991e-35 1.859e-35 1.738e-35 1.627e-35
 1.524e-35 1.430e-35 1.343e-35 1.263e-35 1.189e-35 1.121e-35 1.058e-35 1.000e-35
 9.468e-36 8.980e-36 8.536e-36 8.135e-36 7.777e-36 7.464e-36 7.198e-36 6.984e-36
 6.827e-36 6.735e-36 6.719e-36 6.791e-36 6.966e-36 7.262e-36 7.701e-36 8.309e-36
 9.113e-36 1.014e-35 1.144e-35 1.302e-35 1.493e-35 1.718e-35 1.981e-35 2.280e-35
 2.615e-35 2.981e-35 3.373e-35 3.782e-35 4.197e-35 4.607e-35 5.002e-35 5.373e-35
 5.716e-35 6.027e-35 6.310e-35 6.570e-35 6.816e-35 7.058e-35 7.308e-35 7.579e-35
 7.883e-35 8.233e-35 8.639e-35 9.114e-35 9.665e-35 1.030e-34 1.103e-34 1.186e-34
 1.279e-34 1.381e-34 1.493e-34 1.614e-34 1.742e-34 1.875e-34 2.011e-34 2.147e-34
 2.280e-34 2.405e-34 2.521e-34 2.622e-34 2.707e-34 2.773e-34 2.819e-34 2.845e-34
 2.851e-34 2.839e-34 2.809e-34 2.765e-34 2.708e-34 2.640e-34 2.565e-34 2.485e-34
 2.400e-34 2.314e-34 2.226e-34 2.139e-34 2.053e-34 1.969e-34 1.887e-34 1.807e-34
 1.731e-34 1.657e-34 1.587e-34 1.519e-34 1.455e-34 1.394e-34 1.336e-34 1.281e-34
 1.228e-34 1.178e-34 1.131e-34 1.086e-34 1.043e-34 1.002e-34 9.638e-35 9.271e-35
 8.923e-35 8.591e-35 8.276e-35 7.976e-35 7.690e-35 7.418e-35 7.159e-35 6.911e-35
 6.676e-35 6.450e-35 6.236e-35 6.031e-35 5.835e-35 5.648e-35 5.470e-35 5.300e-35
 5.137e-35 4.982e-35 4.834e-35 4.692e-35 4.557e-35 4.427e-35 4.304e-35 4.185e-35
 4.072e-35 3.964e-35 3.861e-35 3.762e-35 3.668e-35 3.577e-35 3.490e-35 3.408e-35
 3.328e-35 3.252e-35 3.179e-35 3.110e-35 3.043e-35 2.979e-35 2.918e-35 2.859e-35
 2.803e-35 2.749e-35 2.697e-35 2.647e-35 2.600e-35 2.554e-35 2.511e-35 2.469e-35
 2.429e-35 2.390e-35 2.353e-35 2.318e-35 2.284e-35 2.252e-35 2.221e-35 2.191e-35
 2.162e-35 2.135e-35 2.109e-35 2.084e-35 2.060e-35 2.037e-35 2.016e-35 1.995e-35
 1.975e-35 1.956e-35 1.938e-35 1.921e-35 1.905e-35 1.890e-35 1.875e-35 1.861e-35
 1.848e-35 1.836e-35 1.825e-35 1.814e-35 1.803e-35 1.794e-35 1.785e-35 1.776e-35
 1.769e-35 1.761e-35 1.755e-35 1.748e-35 1.743e-35 1.737e-35 1.733e-35 1.728e-35
 1.725e-35 1.721e-35 1.718e-35 1.716e-35 1.713e-35 1.712e-35 1.710e-35 1.709e-35
 1.709e-35 1.708e-35 1.708e-35 1.709e-35 1.710e-35 1.711e-35 1.712e-35 1.714e-35
 1.716e-35 1.718e-35 1.720e-35 1.723e-35 1.726e-35 1.730e-35 1.734e-35 1.738e-35
 1.742e-35 1.747e-35 1.751e-35 1.757e-35 1.762e-35 1.768e-35 1.774e-35 1.780e-35
 1.787e-35 1.794e-35 1.801e-35 1.809e-35 1.817e-35 1.825e-35 1.834e-35 1.843e-35
 1.852e-35 1.862e-35 1.872e-35 1.882e-35 1.892e-35 1.903e-35 1.914e-35 1.925e-35
 1.937e-35 1.949e-35 1.961e-35 1.974e-35 1.986e-35 1.999e-35 2.013e-35 2.026e-35
 2.040e-35 2.054e-35 2.068e-35 2.083e-35 2.097e-35 2.112e-35 2.127e-35 2.142e-35
 2.158e-35 2.173e-35 2.189e-35 2.205e-35 2.221e-35 2.238e-35 2.254e-35 2.271e-35
 2.287e-35 2.304e-35 2.321e-35 2.338e-35 2.356e-35 2.373e-35 2.391e-35 2.409e-35
 2.427e-35 2.445e-35 2.463e-35 2.481e-35 2.500e-35 2.519e-35 2.538e-35 2.557e-35
 2.576e-35 2.596e-35 2.616e-35 2.636e-35 2.656e-35 2.676e-35 2.697e-35 2.717e-35
 2.738e-35 2.759e-35 2.781e-35 2.802e-35 2.824e-35 2.846e-35 2.868e-35 2.890e-35
 2.913e-35 2.935e-35 2.958e-35 2.981e-35 3.004e-35 3.028e-35 3.052e-35 3.075e-35
 3.100e-35 3.124e-35 3.148e-35 3.173e-35 3.198e-35 3.223e-35 3.248e-35 3.274e-35
 3.300e-35 3.326e-35 3.352e-35 3.378e-35 3.405e-35 3.432e-35 3.459e-35 3.486e-35
 3.513e-35 3.541e-35 3.569e-35 3.597e-35 3.626e-35 3.654e-35 3.683e-35 3.712e-35
 3.742e-35 3.771e-35 3.801e-35 3.831e-35 3.862e-35 3.892e-35 3.923e-35 3.954e-35
 3.985e-35 4.017e-35 4.049e-35 4.081e-35 4.113e-35 4.146e-35 4.179e-35 4.212e-35
 4.245e-35 4.279e-35 4.313e-35 4.347e-35 4.381e-35 4.416e-35 4.451e-35 4.487e-35
 4.522e-35 4.558e-35 4.594e-35 4.631e-35 4.668e-35 4.705e-35 4.742e-35 4.780e-35
 4.818e-35 4.856e-35 4.894e-35 4.933e-35 4.973e-35 5.012e-35 5.052e-35 5.092e-35
 5.132e-35 5.173e-35 5.214e-35 5.256e-35 5.298e-35 5.340e-35 5.382e-35 5.425e-35
 5.468e-35 5.511e-35 5.555e-35 5.599e-35 5.644e-35 5.689e-35 5.734e-35 5.780e-35
 5.826e-35 5.872e-35 5.919e-35 5.966e-35 6.013e-35 6.061e-35 6.109e-35 6.158e-35
 6.207e-35 6.256e-35 6.306e-35 6.356e-35 6.406e-35 6.457e-35 6.509e-35 6.561e-35
 6.613e-35 6.665e-35 6.718e-35 6.772e-35 6.826e-35 6.880e-35 6.935e-35 6.990e-35
 7.045e-35 7.101e-35 7.158e-35 7.215e-35 7.272e-35 7.330e-35 7.388e-35 7.447e-35
 7.506e-35 7.566e-35 7.626e-35 7.687e-35 7.748e-35 7.810e-35 7.872e-35 7.934e-35
 7.998e-35 8.061e-35 8.125e-35 8.190e-35 8.255e-35 8.321e-35 8.387e-35 8.454e-35
 8.521e-35 8.589e-35 8.657e-35 8.726e-35 8.795e-35 8.865e-35 8.936e-35 9.007e-35
 9.079e-35 9.151e-35 9.224e-35 9.297e-35 9.371e-35 9.445e-35 9.521e-35 9.596e-35
 9.673e-35 9.750e-35 9.827e-35 9.905e-35 9.984e-35 1.006e-34 1.014e-34 1.022e-34
 1.031e-34 1.039e-34 1.047e-34 1.055e-34 1.064e-34 1.072e-34 1.081e-34 1.089e-34
C-------------------------------------------------------------------------------
C
C  The fractional abundance and radiated power were generated from the
C  ADAS installation at UKAEA with the named adf11 files. The adf11 data
C  files may be updated in a later release of ADAS and publicly
C  available versions may be found at https://open.adas.ac.uk/.
C
C  The equilibrium balance data was produced with run_adas405.py and
C  the balance with a confinement time with adas4xx_ionbal_tau.py
C  which are functions from the ADAS library. Details on these codes
C  may be found at: https://www.adas.ac.uk/python_lib/index.html
C
C  Copyright (C) 2023 UK Atomic Energy Authority
C
C  This file was generated for use in the UKAEA systems code PROCESS
C  using a script written by Martin O'Mullane.
C  If acquired without provenance a user is strongly advised
C  to check its validity by re-generating using the adf11 files from
C  the OPEN-ADAS site.
C
C  Produced by : Timothy Nunn
C  Date        : 29-07-26
C
C-------------------------------------------------------------------------------
