Mean charge as a function dwell time.
Temperature :      0.2 - 500000.0 eV
Density     : 1.00e+20 m-3
   600     5  # Te values, dwell time

Source data:
acd : /home/adas/adas/adf11/acd96/acd96_be.dat
scd : /home/adas/adas/adf11/scd96/scd96_be.dat
plt : /home/adas/adas/adf11/plt96/plt96_be.dat
prb : /home/adas/adas/adf11/prb96/prb96_be.dat

Te[eV]
 2.500e-01 2.561e-01 2.624e-01 2.688e-01 2.754e-01 2.822e-01 2.891e-01 2.962e-01
 3.035e-01 3.109e-01 3.185e-01 3.263e-01 3.343e-01 3.425e-01 3.509e-01 3.595e-01
 3.683e-01 3.774e-01 3.866e-01 3.961e-01 4.058e-01 4.158e-01 4.260e-01 4.364e-01
 4.471e-01 4.581e-01 4.693e-01 4.808e-01 4.926e-01 5.047e-01 5.170e-01 5.297e-01
 5.427e-01 5.560e-01 5.696e-01 5.836e-01 5.979e-01 6.126e-01 6.276e-01 6.430e-01
 6.587e-01 6.749e-01 6.914e-01 7.084e-01 7.257e-01 7.435e-01 7.618e-01 7.804e-01
 7.996e-01 8.192e-01 8.393e-01 8.598e-01 8.809e-01 9.025e-01 9.247e-01 9.473e-01
 9.706e-01 9.943e-01 1.019e+00 1.044e+00 1.069e+00 1.096e+00 1.122e+00 1.150e+00
 1.178e+00 1.207e+00 1.237e+00 1.267e+00 1.298e+00 1.330e+00 1.362e+00 1.396e+00
 1.430e+00 1.465e+00 1.501e+00 1.538e+00 1.575e+00 1.614e+00 1.654e+00 1.694e+00
 1.736e+00 1.778e+00 1.822e+00 1.867e+00 1.912e+00 1.959e+00 2.007e+00 2.056e+00
 2.107e+00 2.159e+00 2.211e+00 2.266e+00 2.321e+00 2.378e+00 2.436e+00 2.496e+00
 2.557e+00 2.620e+00 2.684e+00 2.750e+00 2.818e+00 2.887e+00 2.957e+00 3.030e+00
 3.104e+00 3.180e+00 3.258e+00 3.338e+00 3.420e+00 3.504e+00 3.590e+00 3.678e+00
 3.768e+00 3.860e+00 3.955e+00 4.052e+00 4.151e+00 4.253e+00 4.357e+00 4.464e+00
 4.574e+00 4.686e+00 4.801e+00 4.918e+00 5.039e+00 5.162e+00 5.289e+00 5.419e+00
 5.551e+00 5.688e+00 5.827e+00 5.970e+00 6.116e+00 6.266e+00 6.420e+00 6.577e+00
 6.738e+00 6.904e+00 7.073e+00 7.246e+00 7.424e+00 7.606e+00 7.792e+00 7.983e+00
 8.179e+00 8.380e+00 8.585e+00 8.796e+00 9.011e+00 9.232e+00 9.459e+00 9.691e+00
 9.928e+00 1.017e+01 1.042e+01 1.068e+01 1.094e+01 1.121e+01 1.148e+01 1.176e+01
 1.205e+01 1.235e+01 1.265e+01 1.296e+01 1.328e+01 1.360e+01 1.394e+01 1.428e+01
 1.463e+01 1.499e+01 1.535e+01 1.573e+01 1.612e+01 1.651e+01 1.692e+01 1.733e+01
 1.776e+01 1.819e+01 1.864e+01 1.909e+01 1.956e+01 2.004e+01 2.053e+01 2.104e+01
 2.155e+01 2.208e+01 2.262e+01 2.318e+01 2.374e+01 2.433e+01 2.492e+01 2.553e+01
 2.616e+01 2.680e+01 2.746e+01 2.813e+01 2.882e+01 2.953e+01 3.025e+01 3.099e+01
 3.175e+01 3.253e+01 3.333e+01 3.415e+01 3.498e+01 3.584e+01 3.672e+01 3.762e+01
 3.854e+01 3.949e+01 4.046e+01 4.145e+01 4.246e+01 4.351e+01 4.457e+01 4.566e+01
 4.678e+01 4.793e+01 4.911e+01 5.031e+01 5.154e+01 5.281e+01 5.410e+01 5.543e+01
 5.679e+01 5.818e+01 5.961e+01 6.107e+01 6.256e+01 6.410e+01 6.567e+01 6.728e+01
 6.893e+01 7.062e+01 7.235e+01 7.412e+01 7.594e+01 7.780e+01 7.971e+01 8.167e+01
 8.367e+01 8.572e+01 8.782e+01 8.997e+01 9.218e+01 9.444e+01 9.676e+01 9.913e+01
 1.016e+02 1.040e+02 1.066e+02 1.092e+02 1.119e+02 1.146e+02 1.174e+02 1.203e+02
 1.233e+02 1.263e+02 1.294e+02 1.326e+02 1.358e+02 1.391e+02 1.426e+02 1.461e+02
 1.496e+02 1.533e+02 1.571e+02 1.609e+02 1.649e+02 1.689e+02 1.730e+02 1.773e+02
 1.816e+02 1.861e+02 1.906e+02 1.953e+02 2.001e+02 2.050e+02 2.100e+02 2.152e+02
 2.205e+02 2.259e+02 2.314e+02 2.371e+02 2.429e+02 2.488e+02 2.549e+02 2.612e+02
 2.676e+02 2.742e+02 2.809e+02 2.878e+02 2.948e+02 3.021e+02 3.095e+02 3.170e+02
 3.248e+02 3.328e+02 3.409e+02 3.493e+02 3.579e+02 3.666e+02 3.756e+02 3.848e+02
 3.943e+02 4.039e+02 4.138e+02 4.240e+02 4.344e+02 4.450e+02 4.559e+02 4.671e+02
 4.786e+02 4.903e+02 5.023e+02 5.146e+02 5.273e+02 5.402e+02 5.534e+02 5.670e+02
 5.809e+02 5.951e+02 6.097e+02 6.247e+02 6.400e+02 6.557e+02 6.718e+02 6.882e+02
 7.051e+02 7.224e+02 7.401e+02 7.582e+02 7.768e+02 7.959e+02 8.154e+02 8.354e+02
 8.559e+02 8.769e+02 8.984e+02 9.204e+02 9.429e+02 9.661e+02 9.897e+02 1.014e+03
 1.039e+03 1.064e+03 1.090e+03 1.117e+03 1.145e+03 1.173e+03 1.201e+03 1.231e+03
 1.261e+03 1.292e+03 1.324e+03 1.356e+03 1.389e+03 1.423e+03 1.458e+03 1.494e+03
 1.531e+03 1.568e+03 1.607e+03 1.646e+03 1.686e+03 1.728e+03 1.770e+03 1.813e+03
 1.858e+03 1.903e+03 1.950e+03 1.998e+03 2.047e+03 2.097e+03 2.149e+03 2.201e+03
 2.255e+03 2.310e+03 2.367e+03 2.425e+03 2.485e+03 2.546e+03 2.608e+03 2.672e+03
 2.737e+03 2.804e+03 2.873e+03 2.944e+03 3.016e+03 3.090e+03 3.166e+03 3.243e+03
 3.323e+03 3.404e+03 3.488e+03 3.573e+03 3.661e+03 3.750e+03 3.842e+03 3.937e+03
 4.033e+03 4.132e+03 4.233e+03 4.337e+03 4.443e+03 4.552e+03 4.664e+03 4.778e+03
 4.895e+03 5.015e+03 5.138e+03 5.264e+03 5.393e+03 5.526e+03 5.661e+03 5.800e+03
 5.942e+03 6.088e+03 6.237e+03 6.390e+03 6.547e+03 6.707e+03 6.872e+03 7.040e+03
 7.213e+03 7.390e+03 7.571e+03 7.756e+03 7.947e+03 8.141e+03 8.341e+03 8.545e+03
 8.755e+03 8.970e+03 9.190e+03 9.415e+03 9.646e+03 9.882e+03 1.012e+04 1.037e+04
 1.063e+04 1.089e+04 1.115e+04 1.143e+04 1.171e+04 1.200e+04 1.229e+04 1.259e+04
 1.290e+04 1.322e+04 1.354e+04 1.387e+04 1.421e+04 1.456e+04 1.492e+04 1.528e+04
 1.566e+04 1.604e+04 1.643e+04 1.684e+04 1.725e+04 1.767e+04 1.811e+04 1.855e+04
 1.901e+04 1.947e+04 1.995e+04 2.044e+04 2.094e+04 2.145e+04 2.198e+04 2.252e+04
 2.307e+04 2.363e+04 2.421e+04 2.481e+04 2.542e+04 2.604e+04 2.668e+04 2.733e+04
 2.800e+04 2.869e+04 2.939e+04 3.011e+04 3.085e+04 3.161e+04 3.238e+04 3.318e+04
 3.399e+04 3.482e+04 3.568e+04 3.655e+04 3.745e+04 3.836e+04 3.931e+04 4.027e+04
 4.126e+04 4.227e+04 4.330e+04 4.437e+04 4.545e+04 4.657e+04 4.771e+04 4.888e+04
 5.008e+04 5.131e+04 5.256e+04 5.385e+04 5.517e+04 5.652e+04 5.791e+04 5.933e+04
 6.078e+04 6.228e+04 6.380e+04 6.537e+04 6.697e+04 6.861e+04 7.029e+04 7.202e+04
 7.378e+04 7.559e+04 7.744e+04 7.934e+04 8.129e+04 8.328e+04 8.532e+04 8.741e+04
 8.956e+04 9.175e+04 9.400e+04 9.631e+04 9.867e+04 1.011e+05 1.036e+05 1.061e+05
 1.087e+05 1.114e+05 1.141e+05 1.169e+05 1.198e+05 1.227e+05 1.257e+05 1.288e+05
 1.320e+05 1.352e+05 1.385e+05 1.419e+05 1.454e+05 1.489e+05 1.526e+05 1.563e+05
 1.602e+05 1.641e+05 1.681e+05 1.722e+05 1.765e+05 1.808e+05 1.852e+05 1.898e+05
 1.944e+05 1.992e+05 2.041e+05 2.091e+05 2.142e+05 2.194e+05 2.248e+05 2.303e+05
 2.360e+05 2.418e+05 2.477e+05 2.538e+05 2.600e+05 2.664e+05 2.729e+05 2.796e+05
 2.864e+05 2.935e+05 3.007e+05 3.080e+05 3.156e+05 3.233e+05 3.312e+05 3.394e+05
 3.477e+05 3.562e+05 3.649e+05 3.739e+05 3.831e+05 3.924e+05 4.021e+05 4.119e+05
 4.220e+05 4.324e+05 4.430e+05 4.538e+05 4.650e+05 4.764e+05 4.880e+05 5.000e+05
<Z> for tau[ms]=    0.1
 2.167e-11 5.398e-11 1.323e-10 3.184e-10 7.518e-10 1.738e-09 3.932e-09 8.684e-09
 1.871e-08 3.929e-08 8.049e-08 1.610e-07 3.146e-07 6.009e-07 1.123e-06 2.056e-06
 3.688e-06 6.488e-06 1.120e-05 1.899e-05 3.166e-05 5.191e-05 8.377e-05 1.332e-04
 2.088e-04 3.230e-04 4.932e-04 7.441e-04 1.110e-03 1.639e-03 2.395e-03 3.465e-03
 4.963e-03 7.037e-03 9.877e-03 1.372e-02 1.886e-02 2.565e-02 3.451e-02 4.589e-02
 6.029e-02 7.822e-02 1.002e-01 1.265e-01 1.574e-01 1.930e-01 2.330e-01 2.769e-01
 3.240e-01 3.732e-01 4.236e-01 4.739e-01 5.231e-01 5.704e-01 6.149e-01 6.563e-01
 6.942e-01 7.286e-01 7.595e-01 7.871e-01 8.115e-01 8.332e-01 8.522e-01 8.691e-01
 8.839e-01 8.970e-01 9.086e-01 9.190e-01 9.284e-01 9.369e-01 9.447e-01 9.521e-01
 9.592e-01 9.661e-01 9.731e-01 9.803e-01 9.880e-01 9.963e-01 1.005e+00 1.015e+00
 1.027e+00 1.040e+00 1.054e+00 1.070e+00 1.089e+00 1.109e+00 1.132e+00 1.157e+00
 1.184e+00 1.213e+00 1.244e+00 1.276e+00 1.310e+00 1.346e+00 1.381e+00 1.417e+00
 1.453e+00 1.488e+00 1.523e+00 1.556e+00 1.588e+00 1.618e+00 1.647e+00 1.674e+00
 1.700e+00 1.723e+00 1.745e+00 1.765e+00 1.784e+00 1.801e+00 1.817e+00 1.831e+00
 1.844e+00 1.856e+00 1.867e+00 1.877e+00 1.886e+00 1.895e+00 1.902e+00 1.909e+00
 1.915e+00 1.921e+00 1.926e+00 1.931e+00 1.936e+00 1.940e+00 1.943e+00 1.947e+00
 1.950e+00 1.953e+00 1.956e+00 1.958e+00 1.960e+00 1.962e+00 1.964e+00 1.966e+00
 1.968e+00 1.970e+00 1.971e+00 1.972e+00 1.974e+00 1.975e+00 1.976e+00 1.977e+00
 1.978e+00 1.979e+00 1.980e+00 1.980e+00 1.981e+00 1.982e+00 1.983e+00 1.983e+00
 1.984e+00 1.984e+00 1.985e+00 1.985e+00 1.986e+00 1.986e+00 1.987e+00 1.987e+00
 1.987e+00 1.988e+00 1.988e+00 1.989e+00 1.989e+00 1.989e+00 1.990e+00 1.990e+00
 1.991e+00 1.991e+00 1.992e+00 1.992e+00 1.993e+00 1.994e+00 1.995e+00 1.996e+00
 1.997e+00 1.998e+00 2.000e+00 2.002e+00 2.004e+00 2.006e+00 2.009e+00 2.012e+00
 2.016e+00 2.020e+00 2.025e+00 2.030e+00 2.036e+00 2.042e+00 2.049e+00 2.057e+00
 2.066e+00 2.075e+00 2.085e+00 2.096e+00 2.108e+00 2.121e+00 2.134e+00 2.148e+00
 2.163e+00 2.179e+00 2.195e+00 2.212e+00 2.229e+00 2.247e+00 2.266e+00 2.284e+00
 2.303e+00 2.323e+00 2.342e+00 2.362e+00 2.382e+00 2.402e+00 2.422e+00 2.442e+00
 2.462e+00 2.481e+00 2.501e+00 2.521e+00 2.540e+00 2.560e+00 2.579e+00 2.598e+00
 2.617e+00 2.637e+00 2.655e+00 2.674e+00 2.693e+00 2.712e+00 2.731e+00 2.750e+00
 2.768e+00 2.787e+00 2.806e+00 2.824e+00 2.843e+00 2.862e+00 2.880e+00 2.899e+00
 2.917e+00 2.936e+00 2.954e+00 2.972e+00 2.990e+00 3.008e+00 3.026e+00 3.044e+00
 3.062e+00 3.079e+00 3.097e+00 3.114e+00 3.131e+00 3.147e+00 3.164e+00 3.180e+00
 3.196e+00 3.212e+00 3.227e+00 3.242e+00 3.257e+00 3.271e+00 3.285e+00 3.299e+00
 3.313e+00 3.326e+00 3.339e+00 3.351e+00 3.363e+00 3.375e+00 3.387e+00 3.398e+00
 3.409e+00 3.419e+00 3.430e+00 3.440e+00 3.449e+00 3.459e+00 3.468e+00 3.476e+00
 3.485e+00 3.493e+00 3.501e+00 3.509e+00 3.516e+00 3.523e+00 3.530e+00 3.537e+00
 3.544e+00 3.550e+00 3.556e+00 3.562e+00 3.568e+00 3.573e+00 3.578e+00 3.583e+00
 3.588e+00 3.593e+00 3.598e+00 3.602e+00 3.606e+00 3.610e+00 3.614e+00 3.618e+00
 3.622e+00 3.626e+00 3.629e+00 3.632e+00 3.635e+00 3.639e+00 3.642e+00 3.644e+00
 3.647e+00 3.650e+00 3.652e+00 3.655e+00 3.657e+00 3.659e+00 3.661e+00 3.663e+00
 3.665e+00 3.667e+00 3.669e+00 3.671e+00 3.672e+00 3.674e+00 3.675e+00 3.677e+00
 3.678e+00 3.679e+00 3.680e+00 3.681e+00 3.682e+00 3.683e+00 3.684e+00 3.685e+00
 3.686e+00 3.686e+00 3.687e+00 3.687e+00 3.688e+00 3.688e+00 3.689e+00 3.689e+00
 3.689e+00 3.690e+00 3.690e+00 3.690e+00 3.690e+00 3.690e+00 3.690e+00 3.690e+00
 3.690e+00 3.690e+00 3.689e+00 3.689e+00 3.689e+00 3.688e+00 3.688e+00 3.688e+00
 3.687e+00 3.687e+00 3.686e+00 3.686e+00 3.685e+00 3.685e+00 3.684e+00 3.683e+00
 3.683e+00 3.682e+00 3.681e+00 3.680e+00 3.680e+00 3.679e+00 3.678e+00 3.677e+00
 3.676e+00 3.675e+00 3.674e+00 3.673e+00 3.672e+00 3.671e+00 3.670e+00 3.669e+00
 3.668e+00 3.666e+00 3.665e+00 3.664e+00 3.663e+00 3.661e+00 3.660e+00 3.659e+00
 3.657e+00 3.656e+00 3.655e+00 3.653e+00 3.652e+00 3.650e+00 3.649e+00 3.647e+00
 3.646e+00 3.645e+00 3.643e+00 3.641e+00 3.640e+00 3.638e+00 3.637e+00 3.635e+00
 3.634e+00 3.632e+00 3.630e+00 3.629e+00 3.627e+00 3.625e+00 3.624e+00 3.622e+00
 3.620e+00 3.619e+00 3.617e+00 3.615e+00 3.614e+00 3.612e+00 3.610e+00 3.608e+00
 3.607e+00 3.605e+00 3.603e+00 3.601e+00 3.599e+00 3.597e+00 3.596e+00 3.594e+00
 3.592e+00 3.590e+00 3.588e+00 3.586e+00 3.584e+00 3.583e+00 3.581e+00 3.579e+00
 3.577e+00 3.575e+00 3.573e+00 3.571e+00 3.569e+00 3.567e+00 3.565e+00 3.563e+00
 3.561e+00 3.559e+00 3.557e+00 3.555e+00 3.553e+00 3.551e+00 3.549e+00 3.547e+00
 3.545e+00 3.543e+00 3.541e+00 3.539e+00 3.537e+00 3.535e+00 3.533e+00 3.531e+00
 3.529e+00 3.526e+00 3.524e+00 3.522e+00 3.520e+00 3.518e+00 3.516e+00 3.514e+00
 3.512e+00 3.509e+00 3.507e+00 3.505e+00 3.503e+00 3.501e+00 3.498e+00 3.496e+00
 3.494e+00 3.492e+00 3.490e+00 3.487e+00 3.485e+00 3.483e+00 3.481e+00 3.478e+00
 3.476e+00 3.474e+00 3.471e+00 3.469e+00 3.467e+00 3.464e+00 3.462e+00 3.460e+00
 3.457e+00 3.455e+00 3.453e+00 3.450e+00 3.448e+00 3.446e+00 3.443e+00 3.441e+00
 3.438e+00 3.436e+00 3.434e+00 3.431e+00 3.429e+00 3.426e+00 3.424e+00 3.421e+00
 3.419e+00 3.416e+00 3.414e+00 3.411e+00 3.409e+00 3.406e+00 3.404e+00 3.401e+00
 3.399e+00 3.396e+00 3.394e+00 3.391e+00 3.389e+00 3.386e+00 3.384e+00 3.381e+00
 3.378e+00 3.376e+00 3.373e+00 3.371e+00 3.368e+00 3.365e+00 3.363e+00 3.360e+00
 3.357e+00 3.355e+00 3.352e+00 3.349e+00 3.347e+00 3.344e+00 3.341e+00 3.339e+00
 3.336e+00 3.333e+00 3.330e+00 3.328e+00 3.325e+00 3.322e+00 3.319e+00 3.317e+00
 3.314e+00 3.311e+00 3.308e+00 3.305e+00 3.303e+00 3.300e+00 3.297e+00 3.294e+00
 3.291e+00 3.288e+00 3.285e+00 3.283e+00 3.280e+00 3.277e+00 3.274e+00 3.271e+00
 3.268e+00 3.265e+00 3.262e+00 3.259e+00 3.256e+00 3.253e+00 3.250e+00 3.247e+00
 3.244e+00 3.241e+00 3.238e+00 3.235e+00 3.232e+00 3.229e+00 3.226e+00 3.223e+00
 3.220e+00 3.217e+00 3.214e+00 3.211e+00 3.208e+00 3.205e+00 3.202e+00 3.199e+00
 3.196e+00 3.193e+00 3.189e+00 3.186e+00 3.183e+00 3.180e+00 3.177e+00 3.174e+00
<Z> for tau[ms]=    1.0
 3.877e-11 9.973e-11 2.526e-10 6.291e-10 1.538e-09 3.686e-09 8.646e-09 1.982e-08
 4.435e-08 9.679e-08 2.062e-07 4.289e-07 8.718e-07 1.733e-06 3.372e-06 6.422e-06
 1.199e-05 2.193e-05 3.938e-05 6.941e-05 1.202e-04 2.046e-04 3.427e-04 5.650e-04
 9.174e-04 1.468e-03 2.318e-03 3.610e-03 5.551e-03 8.431e-03 1.265e-02 1.873e-02
 2.738e-02 3.944e-02 5.596e-02 7.808e-02 1.070e-01 1.436e-01 1.886e-01 2.418e-01
 3.024e-01 3.685e-01 4.377e-01 5.070e-01 5.738e-01 6.361e-01 6.922e-01 7.416e-01
 7.842e-01 8.204e-01 8.506e-01 8.758e-01 8.966e-01 9.137e-01 9.278e-01 9.395e-01
 9.491e-01 9.572e-01 9.639e-01 9.697e-01 9.747e-01 9.792e-01 9.833e-01 9.873e-01
 9.914e-01 9.957e-01 1.001e+00 1.006e+00 1.013e+00 1.021e+00 1.031e+00 1.043e+00
 1.058e+00 1.075e+00 1.097e+00 1.122e+00 1.151e+00 1.185e+00 1.223e+00 1.265e+00
 1.310e+00 1.357e+00 1.406e+00 1.456e+00 1.505e+00 1.553e+00 1.599e+00 1.642e+00
 1.682e+00 1.719e+00 1.752e+00 1.781e+00 1.808e+00 1.831e+00 1.851e+00 1.869e+00
 1.885e+00 1.899e+00 1.911e+00 1.921e+00 1.930e+00 1.938e+00 1.945e+00 1.951e+00
 1.956e+00 1.961e+00 1.965e+00 1.969e+00 1.972e+00 1.974e+00 1.977e+00 1.979e+00
 1.981e+00 1.983e+00 1.984e+00 1.986e+00 1.987e+00 1.988e+00 1.989e+00 1.990e+00
 1.990e+00 1.991e+00 1.992e+00 1.992e+00 1.993e+00 1.993e+00 1.994e+00 1.994e+00
 1.995e+00 1.995e+00 1.995e+00 1.996e+00 1.996e+00 1.996e+00 1.996e+00 1.996e+00
 1.997e+00 1.997e+00 1.997e+00 1.997e+00 1.997e+00 1.997e+00 1.997e+00 1.998e+00
 1.998e+00 1.998e+00 1.998e+00 1.998e+00 1.998e+00 1.998e+00 1.998e+00 1.998e+00
 1.998e+00 1.998e+00 1.999e+00 1.999e+00 1.999e+00 1.999e+00 1.999e+00 1.999e+00
 2.000e+00 2.000e+00 2.001e+00 2.001e+00 2.002e+00 2.003e+00 2.004e+00 2.006e+00
 2.008e+00 2.011e+00 2.014e+00 2.017e+00 2.022e+00 2.027e+00 2.034e+00 2.042e+00
 2.051e+00 2.062e+00 2.074e+00 2.088e+00 2.104e+00 2.122e+00 2.142e+00 2.164e+00
 2.188e+00 2.214e+00 2.242e+00 2.271e+00 2.301e+00 2.333e+00 2.365e+00 2.398e+00
 2.431e+00 2.464e+00 2.497e+00 2.529e+00 2.560e+00 2.591e+00 2.621e+00 2.650e+00
 2.678e+00 2.706e+00 2.732e+00 2.758e+00 2.784e+00 2.809e+00 2.833e+00 2.858e+00
 2.883e+00 2.908e+00 2.933e+00 2.958e+00 2.984e+00 3.011e+00 3.037e+00 3.065e+00
 3.093e+00 3.121e+00 3.150e+00 3.179e+00 3.208e+00 3.237e+00 3.266e+00 3.295e+00
 3.324e+00 3.352e+00 3.380e+00 3.407e+00 3.433e+00 3.459e+00 3.484e+00 3.508e+00
 3.531e+00 3.553e+00 3.574e+00 3.594e+00 3.613e+00 3.632e+00 3.649e+00 3.666e+00
 3.682e+00 3.697e+00 3.711e+00 3.724e+00 3.737e+00 3.749e+00 3.760e+00 3.771e+00
 3.781e+00 3.790e+00 3.799e+00 3.808e+00 3.816e+00 3.824e+00 3.831e+00 3.838e+00
 3.844e+00 3.850e+00 3.856e+00 3.861e+00 3.866e+00 3.871e+00 3.876e+00 3.880e+00
 3.884e+00 3.888e+00 3.892e+00 3.895e+00 3.899e+00 3.902e+00 3.905e+00 3.908e+00
 3.910e+00 3.913e+00 3.915e+00 3.917e+00 3.920e+00 3.922e+00 3.924e+00 3.926e+00
 3.927e+00 3.929e+00 3.931e+00 3.932e+00 3.934e+00 3.935e+00 3.937e+00 3.938e+00
 3.939e+00 3.940e+00 3.941e+00 3.942e+00 3.943e+00 3.944e+00 3.945e+00 3.946e+00
 3.947e+00 3.948e+00 3.949e+00 3.949e+00 3.950e+00 3.951e+00 3.952e+00 3.952e+00
 3.953e+00 3.953e+00 3.954e+00 3.954e+00 3.955e+00 3.955e+00 3.956e+00 3.956e+00
 3.957e+00 3.957e+00 3.958e+00 3.958e+00 3.958e+00 3.959e+00 3.959e+00 3.959e+00
 3.960e+00 3.960e+00 3.960e+00 3.961e+00 3.961e+00 3.961e+00 3.961e+00 3.961e+00
 3.962e+00 3.962e+00 3.962e+00 3.962e+00 3.962e+00 3.962e+00 3.963e+00 3.963e+00
 3.963e+00 3.963e+00 3.963e+00 3.963e+00 3.963e+00 3.963e+00 3.963e+00 3.963e+00
 3.963e+00 3.964e+00 3.964e+00 3.964e+00 3.964e+00 3.964e+00 3.964e+00 3.964e+00
 3.964e+00 3.964e+00 3.964e+00 3.964e+00 3.964e+00 3.964e+00 3.963e+00 3.963e+00
 3.963e+00 3.963e+00 3.963e+00 3.963e+00 3.963e+00 3.963e+00 3.963e+00 3.963e+00
 3.963e+00 3.963e+00 3.963e+00 3.963e+00 3.962e+00 3.962e+00 3.962e+00 3.962e+00
 3.962e+00 3.962e+00 3.962e+00 3.962e+00 3.961e+00 3.961e+00 3.961e+00 3.961e+00
 3.961e+00 3.961e+00 3.960e+00 3.960e+00 3.960e+00 3.960e+00 3.960e+00 3.960e+00
 3.959e+00 3.959e+00 3.959e+00 3.959e+00 3.959e+00 3.958e+00 3.958e+00 3.958e+00
 3.958e+00 3.958e+00 3.957e+00 3.957e+00 3.957e+00 3.957e+00 3.956e+00 3.956e+00
 3.956e+00 3.956e+00 3.956e+00 3.955e+00 3.955e+00 3.955e+00 3.955e+00 3.954e+00
 3.954e+00 3.954e+00 3.954e+00 3.953e+00 3.953e+00 3.953e+00 3.953e+00 3.952e+00
 3.952e+00 3.952e+00 3.951e+00 3.951e+00 3.951e+00 3.951e+00 3.950e+00 3.950e+00
 3.950e+00 3.949e+00 3.949e+00 3.949e+00 3.949e+00 3.948e+00 3.948e+00 3.948e+00
 3.947e+00 3.947e+00 3.947e+00 3.947e+00 3.946e+00 3.946e+00 3.946e+00 3.945e+00
 3.945e+00 3.945e+00 3.944e+00 3.944e+00 3.944e+00 3.943e+00 3.943e+00 3.943e+00
 3.942e+00 3.942e+00 3.942e+00 3.941e+00 3.941e+00 3.941e+00 3.940e+00 3.940e+00
 3.940e+00 3.939e+00 3.939e+00 3.939e+00 3.938e+00 3.938e+00 3.938e+00 3.937e+00
 3.937e+00 3.937e+00 3.936e+00 3.936e+00 3.935e+00 3.935e+00 3.935e+00 3.934e+00
 3.934e+00 3.934e+00 3.933e+00 3.933e+00 3.932e+00 3.932e+00 3.932e+00 3.931e+00
 3.931e+00 3.930e+00 3.930e+00 3.930e+00 3.929e+00 3.929e+00 3.928e+00 3.928e+00
 3.928e+00 3.927e+00 3.927e+00 3.926e+00 3.926e+00 3.926e+00 3.925e+00 3.925e+00
 3.924e+00 3.924e+00 3.923e+00 3.923e+00 3.922e+00 3.922e+00 3.922e+00 3.921e+00
 3.921e+00 3.920e+00 3.920e+00 3.919e+00 3.919e+00 3.918e+00 3.918e+00 3.917e+00
 3.917e+00 3.916e+00 3.916e+00 3.915e+00 3.915e+00 3.914e+00 3.914e+00 3.913e+00
 3.913e+00 3.912e+00 3.912e+00 3.911e+00 3.911e+00 3.910e+00 3.910e+00 3.909e+00
 3.909e+00 3.908e+00 3.908e+00 3.907e+00 3.907e+00 3.906e+00 3.906e+00 3.905e+00
 3.904e+00 3.904e+00 3.903e+00 3.903e+00 3.902e+00 3.902e+00 3.901e+00 3.901e+00
 3.900e+00 3.899e+00 3.899e+00 3.898e+00 3.898e+00 3.897e+00 3.896e+00 3.896e+00
 3.895e+00 3.895e+00 3.894e+00 3.893e+00 3.893e+00 3.892e+00 3.892e+00 3.891e+00
 3.890e+00 3.890e+00 3.889e+00 3.888e+00 3.888e+00 3.887e+00 3.886e+00 3.886e+00
 3.885e+00 3.884e+00 3.884e+00 3.883e+00 3.882e+00 3.882e+00 3.881e+00 3.880e+00
 3.880e+00 3.879e+00 3.878e+00 3.877e+00 3.877e+00 3.876e+00 3.875e+00 3.875e+00
 3.874e+00 3.873e+00 3.872e+00 3.872e+00 3.871e+00 3.870e+00 3.869e+00 3.869e+00
<Z> for tau[ms]=   10.0
 4.209e-11 1.090e-10 2.779e-10 6.971e-10 1.718e-09 4.151e-09 9.824e-09 2.274e-08
 5.140e-08 1.134e-07 2.443e-07 5.145e-07 1.060e-06 2.136e-06 4.215e-06 8.153e-06
 1.547e-05 2.879e-05 5.262e-05 9.450e-05 1.669e-04 2.900e-04 4.960e-04 8.359e-04
 1.389e-03 2.275e-03 3.678e-03 5.870e-03 9.251e-03 1.440e-02 2.211e-02 3.349e-02
 4.993e-02 7.312e-02 1.049e-01 1.471e-01 2.007e-01 2.658e-01 3.407e-01 4.220e-01
 5.053e-01 5.860e-01 6.601e-01 7.252e-01 7.803e-01 8.257e-01 8.622e-01 8.913e-01
 9.141e-01 9.320e-01 9.460e-01 9.570e-01 9.656e-01 9.723e-01 9.777e-01 9.821e-01
 9.857e-01 9.888e-01 9.915e-01 9.941e-01 9.968e-01 9.998e-01 1.003e+00 1.008e+00
 1.013e+00 1.020e+00 1.030e+00 1.042e+00 1.058e+00 1.078e+00 1.103e+00 1.135e+00
 1.173e+00 1.217e+00 1.268e+00 1.324e+00 1.385e+00 1.447e+00 1.510e+00 1.571e+00
 1.628e+00 1.681e+00 1.728e+00 1.770e+00 1.806e+00 1.837e+00 1.864e+00 1.886e+00
 1.904e+00 1.920e+00 1.933e+00 1.943e+00 1.952e+00 1.959e+00 1.966e+00 1.971e+00
 1.975e+00 1.979e+00 1.982e+00 1.984e+00 1.986e+00 1.988e+00 1.990e+00 1.991e+00
 1.992e+00 1.993e+00 1.994e+00 1.995e+00 1.995e+00 1.996e+00 1.996e+00 1.997e+00
 1.997e+00 1.997e+00 1.998e+00 1.998e+00 1.998e+00 1.998e+00 1.998e+00 1.998e+00
 1.999e+00 1.999e+00 1.999e+00 1.999e+00 1.999e+00 1.999e+00 1.999e+00 1.999e+00
 1.999e+00 1.999e+00 1.999e+00 1.999e+00 1.999e+00 1.999e+00 2.000e+00 2.000e+00
 2.000e+00 2.000e+00 2.000e+00 2.000e+00 2.000e+00 2.000e+00 2.000e+00 2.000e+00
 2.000e+00 2.000e+00 2.000e+00 2.000e+00 2.000e+00 2.000e+00 2.000e+00 2.000e+00
 2.000e+00 2.000e+00 2.001e+00 2.001e+00 2.001e+00 2.002e+00 2.003e+00 2.004e+00
 2.006e+00 2.008e+00 2.011e+00 2.015e+00 2.019e+00 2.025e+00 2.033e+00 2.043e+00
 2.055e+00 2.069e+00 2.087e+00 2.108e+00 2.132e+00 2.160e+00 2.192e+00 2.228e+00
 2.267e+00 2.308e+00 2.352e+00 2.398e+00 2.444e+00 2.489e+00 2.534e+00 2.577e+00
 2.619e+00 2.658e+00 2.694e+00 2.728e+00 2.760e+00 2.789e+00 2.816e+00 2.842e+00
 2.866e+00 2.890e+00 2.912e+00 2.935e+00 2.958e+00 2.981e+00 3.005e+00 3.031e+00
 3.058e+00 3.087e+00 3.117e+00 3.149e+00 3.183e+00 3.219e+00 3.256e+00 3.295e+00
 3.334e+00 3.373e+00 3.413e+00 3.452e+00 3.490e+00 3.527e+00 3.563e+00 3.597e+00
 3.629e+00 3.659e+00 3.687e+00 3.713e+00 3.737e+00 3.759e+00 3.779e+00 3.798e+00
 3.815e+00 3.830e+00 3.844e+00 3.857e+00 3.868e+00 3.879e+00 3.888e+00 3.897e+00
 3.905e+00 3.912e+00 3.918e+00 3.924e+00 3.930e+00 3.935e+00 3.939e+00 3.943e+00
 3.947e+00 3.950e+00 3.954e+00 3.956e+00 3.959e+00 3.962e+00 3.964e+00 3.966e+00
 3.968e+00 3.970e+00 3.971e+00 3.973e+00 3.974e+00 3.976e+00 3.977e+00 3.978e+00
 3.979e+00 3.980e+00 3.981e+00 3.982e+00 3.983e+00 3.983e+00 3.984e+00 3.985e+00
 3.985e+00 3.986e+00 3.987e+00 3.987e+00 3.988e+00 3.988e+00 3.988e+00 3.989e+00
 3.989e+00 3.990e+00 3.990e+00 3.990e+00 3.991e+00 3.991e+00 3.991e+00 3.991e+00
 3.992e+00 3.992e+00 3.992e+00 3.992e+00 3.992e+00 3.993e+00 3.993e+00 3.993e+00
 3.993e+00 3.993e+00 3.993e+00 3.994e+00 3.994e+00 3.994e+00 3.994e+00 3.994e+00
 3.994e+00 3.994e+00 3.994e+00 3.994e+00 3.995e+00 3.995e+00 3.995e+00 3.995e+00
 3.995e+00 3.995e+00 3.995e+00 3.995e+00 3.995e+00 3.995e+00 3.995e+00 3.995e+00
 3.995e+00 3.995e+00 3.995e+00 3.996e+00 3.996e+00 3.996e+00 3.996e+00 3.996e+00
 3.996e+00 3.996e+00 3.996e+00 3.996e+00 3.996e+00 3.996e+00 3.996e+00 3.996e+00
 3.996e+00 3.996e+00 3.996e+00 3.996e+00 3.996e+00 3.996e+00 3.996e+00 3.996e+00
 3.996e+00 3.996e+00 3.996e+00 3.996e+00 3.996e+00 3.996e+00 3.996e+00 3.996e+00
 3.996e+00 3.996e+00 3.996e+00 3.996e+00 3.996e+00 3.996e+00 3.996e+00 3.996e+00
 3.996e+00 3.996e+00 3.996e+00 3.996e+00 3.996e+00 3.996e+00 3.996e+00 3.996e+00
 3.996e+00 3.996e+00 3.996e+00 3.996e+00 3.996e+00 3.996e+00 3.996e+00 3.996e+00
 3.996e+00 3.996e+00 3.996e+00 3.996e+00 3.996e+00 3.996e+00 3.996e+00 3.996e+00
 3.996e+00 3.996e+00 3.996e+00 3.996e+00 3.996e+00 3.996e+00 3.996e+00 3.996e+00
 3.996e+00 3.996e+00 3.996e+00 3.996e+00 3.996e+00 3.996e+00 3.996e+00 3.996e+00
 3.996e+00 3.996e+00 3.996e+00 3.996e+00 3.996e+00 3.996e+00 3.996e+00 3.996e+00
 3.996e+00 3.996e+00 3.996e+00 3.996e+00 3.996e+00 3.996e+00 3.996e+00 3.996e+00
 3.995e+00 3.995e+00 3.995e+00 3.995e+00 3.995e+00 3.995e+00 3.995e+00 3.995e+00
 3.995e+00 3.995e+00 3.995e+00 3.995e+00 3.995e+00 3.995e+00 3.995e+00 3.995e+00
 3.995e+00 3.995e+00 3.995e+00 3.995e+00 3.995e+00 3.995e+00 3.995e+00 3.995e+00
 3.995e+00 3.995e+00 3.995e+00 3.995e+00 3.995e+00 3.995e+00 3.995e+00 3.995e+00
 3.995e+00 3.995e+00 3.995e+00 3.995e+00 3.994e+00 3.994e+00 3.994e+00 3.994e+00
 3.994e+00 3.994e+00 3.994e+00 3.994e+00 3.994e+00 3.994e+00 3.994e+00 3.994e+00
 3.994e+00 3.994e+00 3.994e+00 3.994e+00 3.994e+00 3.994e+00 3.994e+00 3.994e+00
 3.994e+00 3.994e+00 3.994e+00 3.994e+00 3.994e+00 3.994e+00 3.994e+00 3.994e+00
 3.993e+00 3.993e+00 3.993e+00 3.993e+00 3.993e+00 3.993e+00 3.993e+00 3.993e+00
 3.993e+00 3.993e+00 3.993e+00 3.993e+00 3.993e+00 3.993e+00 3.993e+00 3.993e+00
 3.993e+00 3.993e+00 3.993e+00 3.993e+00 3.993e+00 3.993e+00 3.993e+00 3.993e+00
 3.992e+00 3.992e+00 3.992e+00 3.992e+00 3.992e+00 3.992e+00 3.992e+00 3.992e+00
 3.992e+00 3.992e+00 3.992e+00 3.992e+00 3.992e+00 3.992e+00 3.992e+00 3.992e+00
 3.992e+00 3.992e+00 3.992e+00 3.992e+00 3.992e+00 3.991e+00 3.991e+00 3.991e+00
 3.991e+00 3.991e+00 3.991e+00 3.991e+00 3.991e+00 3.991e+00 3.991e+00 3.991e+00
 3.991e+00 3.991e+00 3.991e+00 3.991e+00 3.991e+00 3.991e+00 3.991e+00 3.991e+00
 3.990e+00 3.990e+00 3.990e+00 3.990e+00 3.990e+00 3.990e+00 3.990e+00 3.990e+00
 3.990e+00 3.990e+00 3.990e+00 3.990e+00 3.990e+00 3.990e+00 3.990e+00 3.990e+00
 3.989e+00 3.989e+00 3.989e+00 3.989e+00 3.989e+00 3.989e+00 3.989e+00 3.989e+00
 3.989e+00 3.989e+00 3.989e+00 3.989e+00 3.989e+00 3.989e+00 3.989e+00 3.988e+00
 3.988e+00 3.988e+00 3.988e+00 3.988e+00 3.988e+00 3.988e+00 3.988e+00 3.988e+00
 3.988e+00 3.988e+00 3.988e+00 3.988e+00 3.988e+00 3.987e+00 3.987e+00 3.987e+00
 3.987e+00 3.987e+00 3.987e+00 3.987e+00 3.987e+00 3.987e+00 3.987e+00 3.987e+00
 3.987e+00 3.986e+00 3.986e+00 3.986e+00 3.986e+00 3.986e+00 3.986e+00 3.986e+00
<Z> for tau[ms]=  100.0
 4.246e-11 1.100e-10 2.807e-10 7.047e-10 1.738e-09 4.204e-09 9.960e-09 2.308e-08
 5.223e-08 1.154e-07 2.489e-07 5.250e-07 1.083e-06 2.186e-06 4.323e-06 8.379e-06
 1.593e-05 2.972e-05 5.445e-05 9.804e-05 1.736e-04 3.026e-04 5.192e-04 8.780e-04
 1.464e-03 2.407e-03 3.908e-03 6.262e-03 9.911e-03 1.549e-02 2.390e-02 3.635e-02
 5.441e-02 7.994e-02 1.150e-01 1.613e-01 2.200e-01 2.905e-01 3.705e-01 4.560e-01
 5.417e-01 6.228e-01 6.955e-01 7.578e-01 8.094e-01 8.510e-01 8.839e-01 9.096e-01
 9.295e-01 9.449e-01 9.568e-01 9.659e-01 9.730e-01 9.786e-01 9.830e-01 9.866e-01
 9.896e-01 9.921e-01 9.945e-01 9.969e-01 9.994e-01 1.002e+00 1.006e+00 1.011e+00
 1.017e+00 1.026e+00 1.037e+00 1.051e+00 1.071e+00 1.095e+00 1.126e+00 1.164e+00
 1.210e+00 1.262e+00 1.321e+00 1.385e+00 1.452e+00 1.518e+00 1.583e+00 1.644e+00
 1.699e+00 1.748e+00 1.790e+00 1.827e+00 1.857e+00 1.882e+00 1.903e+00 1.920e+00
 1.935e+00 1.946e+00 1.955e+00 1.963e+00 1.969e+00 1.974e+00 1.979e+00 1.982e+00
 1.985e+00 1.987e+00 1.989e+00 1.991e+00 1.992e+00 1.993e+00 1.994e+00 1.995e+00
 1.996e+00 1.996e+00 1.997e+00 1.997e+00 1.998e+00 1.998e+00 1.998e+00 1.998e+00
 1.999e+00 1.999e+00 1.999e+00 1.999e+00 1.999e+00 1.999e+00 1.999e+00 1.999e+00
 1.999e+00 1.999e+00 2.000e+00 2.000e+00 2.000e+00 2.000e+00 2.000e+00 2.000e+00
 2.000e+00 2.000e+00 2.000e+00 2.000e+00 2.000e+00 2.000e+00 2.000e+00 2.000e+00
 2.000e+00 2.000e+00 2.000e+00 2.000e+00 2.000e+00 2.000e+00 2.000e+00 2.000e+00
 2.000e+00 2.000e+00 2.000e+00 2.000e+00 2.000e+00 2.000e+00 2.000e+00 2.000e+00
 2.001e+00 2.001e+00 2.001e+00 2.002e+00 2.003e+00 2.004e+00 2.006e+00 2.009e+00
 2.012e+00 2.016e+00 2.022e+00 2.029e+00 2.039e+00 2.052e+00 2.067e+00 2.087e+00
 2.111e+00 2.139e+00 2.172e+00 2.211e+00 2.253e+00 2.301e+00 2.351e+00 2.403e+00
 2.457e+00 2.509e+00 2.561e+00 2.610e+00 2.656e+00 2.698e+00 2.736e+00 2.771e+00
 2.803e+00 2.831e+00 2.856e+00 2.879e+00 2.901e+00 2.921e+00 2.940e+00 2.959e+00
 2.979e+00 2.998e+00 3.020e+00 3.042e+00 3.067e+00 3.094e+00 3.123e+00 3.155e+00
 3.190e+00 3.228e+00 3.268e+00 3.310e+00 3.353e+00 3.397e+00 3.442e+00 3.486e+00
 3.529e+00 3.571e+00 3.610e+00 3.647e+00 3.682e+00 3.714e+00 3.744e+00 3.770e+00
 3.795e+00 3.816e+00 3.836e+00 3.853e+00 3.869e+00 3.883e+00 3.895e+00 3.906e+00
 3.915e+00 3.924e+00 3.931e+00 3.938e+00 3.944e+00 3.950e+00 3.954e+00 3.959e+00
 3.962e+00 3.966e+00 3.969e+00 3.972e+00 3.974e+00 3.976e+00 3.978e+00 3.980e+00
 3.982e+00 3.983e+00 3.984e+00 3.985e+00 3.987e+00 3.988e+00 3.988e+00 3.989e+00
 3.990e+00 3.991e+00 3.991e+00 3.992e+00 3.992e+00 3.993e+00 3.993e+00 3.994e+00
 3.994e+00 3.995e+00 3.995e+00 3.995e+00 3.995e+00 3.996e+00 3.996e+00 3.996e+00
 3.996e+00 3.997e+00 3.997e+00 3.997e+00 3.997e+00 3.997e+00 3.997e+00 3.997e+00
 3.998e+00 3.998e+00 3.998e+00 3.998e+00 3.998e+00 3.998e+00 3.998e+00 3.998e+00
 3.998e+00 3.998e+00 3.998e+00 3.998e+00 3.999e+00 3.999e+00 3.999e+00 3.999e+00
 3.999e+00 3.999e+00 3.999e+00 3.999e+00 3.999e+00 3.999e+00 3.999e+00 3.999e+00
 3.999e+00 3.999e+00 3.999e+00 3.999e+00 3.999e+00 3.999e+00 3.999e+00 3.999e+00
 3.999e+00 3.999e+00 3.999e+00 3.999e+00 3.999e+00 3.999e+00 3.999e+00 3.999e+00
 3.999e+00 3.999e+00 3.999e+00 3.999e+00 3.999e+00 3.999e+00 3.999e+00 3.999e+00
 3.999e+00 3.999e+00 3.999e+00 3.999e+00 3.999e+00 3.999e+00 3.999e+00 3.999e+00
 3.999e+00 3.999e+00 3.999e+00 3.999e+00 3.999e+00 3.999e+00 4.000e+00 4.000e+00
 4.000e+00 4.000e+00 4.000e+00 4.000e+00 4.000e+00 4.000e+00 4.000e+00 4.000e+00
 4.000e+00 4.000e+00 4.000e+00 4.000e+00 4.000e+00 4.000e+00 4.000e+00 4.000e+00
 4.000e+00 4.000e+00 4.000e+00 4.000e+00 4.000e+00 4.000e+00 4.000e+00 4.000e+00
 4.000e+00 4.000e+00 4.000e+00 4.000e+00 4.000e+00 4.000e+00 4.000e+00 4.000e+00
 4.000e+00 4.000e+00 4.000e+00 4.000e+00 4.000e+00 4.000e+00 4.000e+00 4.000e+00
 4.000e+00 4.000e+00 4.000e+00 4.000e+00 4.000e+00 4.000e+00 4.000e+00 4.000e+00
 4.000e+00 4.000e+00 4.000e+00 4.000e+00 4.000e+00 4.000e+00 4.000e+00 4.000e+00
 4.000e+00 4.000e+00 4.000e+00 4.000e+00 4.000e+00 4.000e+00 4.000e+00 4.000e+00
 4.000e+00 4.000e+00 4.000e+00 4.000e+00 4.000e+00 4.000e+00 4.000e+00 4.000e+00
 4.000e+00 4.000e+00 4.000e+00 4.000e+00 4.000e+00 4.000e+00 4.000e+00 4.000e+00
 4.000e+00 4.000e+00 4.000e+00 4.000e+00 4.000e+00 4.000e+00 4.000e+00 3.999e+00
 3.999e+00 3.999e+00 3.999e+00 3.999e+00 3.999e+00 3.999e+00 3.999e+00 3.999e+00
 3.999e+00 3.999e+00 3.999e+00 3.999e+00 3.999e+00 3.999e+00 3.999e+00 3.999e+00
 3.999e+00 3.999e+00 3.999e+00 3.999e+00 3.999e+00 3.999e+00 3.999e+00 3.999e+00
 3.999e+00 3.999e+00 3.999e+00 3.999e+00 3.999e+00 3.999e+00 3.999e+00 3.999e+00
 3.999e+00 3.999e+00 3.999e+00 3.999e+00 3.999e+00 3.999e+00 3.999e+00 3.999e+00
 3.999e+00 3.999e+00 3.999e+00 3.999e+00 3.999e+00 3.999e+00 3.999e+00 3.999e+00
 3.999e+00 3.999e+00 3.999e+00 3.999e+00 3.999e+00 3.999e+00 3.999e+00 3.999e+00
 3.999e+00 3.999e+00 3.999e+00 3.999e+00 3.999e+00 3.999e+00 3.999e+00 3.999e+00
 3.999e+00 3.999e+00 3.999e+00 3.999e+00 3.999e+00 3.999e+00 3.999e+00 3.999e+00
 3.999e+00 3.999e+00 3.999e+00 3.999e+00 3.999e+00 3.999e+00 3.999e+00 3.999e+00
 3.999e+00 3.999e+00 3.999e+00 3.999e+00 3.999e+00 3.999e+00 3.999e+00 3.999e+00
 3.999e+00 3.999e+00 3.999e+00 3.999e+00 3.999e+00 3.999e+00 3.999e+00 3.999e+00
 3.999e+00 3.999e+00 3.999e+00 3.999e+00 3.999e+00 3.999e+00 3.999e+00 3.999e+00
 3.999e+00 3.999e+00 3.999e+00 3.999e+00 3.999e+00 3.999e+00 3.999e+00 3.999e+00
 3.999e+00 3.999e+00 3.999e+00 3.999e+00 3.999e+00 3.999e+00 3.999e+00 3.999e+00
 3.999e+00 3.999e+00 3.999e+00 3.999e+00 3.999e+00 3.999e+00 3.999e+00 3.999e+00
 3.999e+00 3.999e+00 3.999e+00 3.999e+00 3.999e+00 3.999e+00 3.999e+00 3.999e+00
 3.999e+00 3.999e+00 3.999e+00 3.999e+00 3.999e+00 3.999e+00 3.999e+00 3.999e+00
 3.999e+00 3.999e+00 3.999e+00 3.999e+00 3.999e+00 3.999e+00 3.999e+00 3.999e+00
 3.999e+00 3.999e+00 3.999e+00 3.999e+00 3.999e+00 3.999e+00 3.999e+00 3.999e+00
 3.999e+00 3.999e+00 3.999e+00 3.999e+00 3.999e+00 3.999e+00 3.999e+00 3.999e+00
 3.999e+00 3.999e+00 3.999e+00 3.999e+00 3.999e+00 3.999e+00 3.999e+00 3.999e+00
<Z> for tau[ms]= 1000.0
 4.249e-11 1.101e-10 2.810e-10 7.054e-10 1.740e-09 4.209e-09 9.974e-09 2.311e-08
 5.231e-08 1.156e-07 2.494e-07 5.260e-07 1.085e-06 2.191e-06 4.334e-06 8.402e-06
 1.598e-05 2.981e-05 5.464e-05 9.841e-05 1.743e-04 3.039e-04 5.217e-04 8.824e-04
 1.472e-03 2.421e-03 3.932e-03 6.304e-03 9.983e-03 1.561e-02 2.410e-02 3.666e-02
 5.490e-02 8.070e-02 1.161e-01 1.629e-01 2.221e-01 2.932e-01 3.738e-01 4.597e-01
 5.456e-01 6.267e-01 6.992e-01 7.612e-01 8.124e-01 8.536e-01 8.862e-01 9.115e-01
 9.311e-01 9.462e-01 9.578e-01 9.668e-01 9.738e-01 9.793e-01 9.836e-01 9.871e-01
 9.900e-01 9.925e-01 9.948e-01 9.972e-01 9.997e-01 1.003e+00 1.006e+00 1.011e+00
 1.018e+00 1.026e+00 1.038e+00 1.053e+00 1.072e+00 1.097e+00 1.129e+00 1.168e+00
 1.214e+00 1.268e+00 1.328e+00 1.392e+00 1.460e+00 1.527e+00 1.592e+00 1.652e+00
 1.707e+00 1.755e+00 1.797e+00 1.833e+00 1.862e+00 1.887e+00 1.907e+00 1.924e+00
 1.938e+00 1.949e+00 1.958e+00 1.965e+00 1.971e+00 1.976e+00 1.980e+00 1.983e+00
 1.986e+00 1.988e+00 1.990e+00 1.992e+00 1.993e+00 1.994e+00 1.995e+00 1.995e+00
 1.996e+00 1.997e+00 1.997e+00 1.997e+00 1.998e+00 1.998e+00 1.998e+00 1.999e+00
 1.999e+00 1.999e+00 1.999e+00 1.999e+00 1.999e+00 1.999e+00 1.999e+00 1.999e+00
 1.999e+00 2.000e+00 2.000e+00 2.000e+00 2.000e+00 2.000e+00 2.000e+00 2.000e+00
 2.000e+00 2.000e+00 2.000e+00 2.000e+00 2.000e+00 2.000e+00 2.000e+00 2.000e+00
 2.000e+00 2.000e+00 2.000e+00 2.000e+00 2.000e+00 2.000e+00 2.000e+00 2.000e+00
 2.000e+00 2.000e+00 2.000e+00 2.000e+00 2.000e+00 2.000e+00 2.000e+00 2.000e+00
 2.001e+00 2.001e+00 2.002e+00 2.002e+00 2.003e+00 2.005e+00 2.007e+00 2.009e+00
 2.013e+00 2.018e+00 2.024e+00 2.033e+00 2.044e+00 2.058e+00 2.075e+00 2.097e+00
 2.123e+00 2.154e+00 2.191e+00 2.233e+00 2.279e+00 2.329e+00 2.382e+00 2.437e+00
 2.491e+00 2.545e+00 2.596e+00 2.644e+00 2.689e+00 2.729e+00 2.765e+00 2.798e+00
 2.827e+00 2.853e+00 2.877e+00 2.898e+00 2.918e+00 2.937e+00 2.956e+00 2.974e+00
 2.993e+00 3.013e+00 3.034e+00 3.057e+00 3.082e+00 3.110e+00 3.141e+00 3.175e+00
 3.211e+00 3.250e+00 3.292e+00 3.335e+00 3.380e+00 3.425e+00 3.470e+00 3.514e+00
 3.558e+00 3.599e+00 3.638e+00 3.674e+00 3.708e+00 3.739e+00 3.767e+00 3.792e+00
 3.815e+00 3.835e+00 3.854e+00 3.870e+00 3.884e+00 3.897e+00 3.908e+00 3.918e+00
 3.927e+00 3.934e+00 3.941e+00 3.947e+00 3.952e+00 3.957e+00 3.961e+00 3.965e+00
 3.968e+00 3.971e+00 3.974e+00 3.976e+00 3.979e+00 3.980e+00 3.982e+00 3.984e+00
 3.985e+00 3.986e+00 3.987e+00 3.988e+00 3.989e+00 3.990e+00 3.991e+00 3.992e+00
 3.992e+00 3.993e+00 3.993e+00 3.994e+00 3.994e+00 3.995e+00 3.995e+00 3.995e+00
 3.996e+00 3.996e+00 3.996e+00 3.997e+00 3.997e+00 3.997e+00 3.997e+00 3.997e+00
 3.997e+00 3.998e+00 3.998e+00 3.998e+00 3.998e+00 3.998e+00 3.998e+00 3.998e+00
 3.998e+00 3.998e+00 3.999e+00 3.999e+00 3.999e+00 3.999e+00 3.999e+00 3.999e+00
 3.999e+00 3.999e+00 3.999e+00 3.999e+00 3.999e+00 3.999e+00 3.999e+00 3.999e+00
 3.999e+00 3.999e+00 3.999e+00 3.999e+00 3.999e+00 3.999e+00 3.999e+00 3.999e+00
 3.999e+00 4.000e+00 4.000e+00 4.000e+00 4.000e+00 4.000e+00 4.000e+00 4.000e+00
 4.000e+00 4.000e+00 4.000e+00 4.000e+00 4.000e+00 4.000e+00 4.000e+00 4.000e+00
 4.000e+00 4.000e+00 4.000e+00 4.000e+00 4.000e+00 4.000e+00 4.000e+00 4.000e+00
 4.000e+00 4.000e+00 4.000e+00 4.000e+00 4.000e+00 4.000e+00 4.000e+00 4.000e+00
 4.000e+00 4.000e+00 4.000e+00 4.000e+00 4.000e+00 4.000e+00 4.000e+00 4.000e+00
 4.000e+00 4.000e+00 4.000e+00 4.000e+00 4.000e+00 4.000e+00 4.000e+00 4.000e+00
 4.000e+00 4.000e+00 4.000e+00 4.000e+00 4.000e+00 4.000e+00 4.000e+00 4.000e+00
 4.000e+00 4.000e+00 4.000e+00 4.000e+00 4.000e+00 4.000e+00 4.000e+00 4.000e+00
 4.000e+00 4.000e+00 4.000e+00 4.000e+00 4.000e+00 4.000e+00 4.000e+00 4.000e+00
 4.000e+00 4.000e+00 4.000e+00 4.000e+00 4.000e+00 4.000e+00 4.000e+00 4.000e+00
 4.000e+00 4.000e+00 4.000e+00 4.000e+00 4.000e+00 4.000e+00 4.000e+00 4.000e+00
 4.000e+00 4.000e+00 4.000e+00 4.000e+00 4.000e+00 4.000e+00 4.000e+00 4.000e+00
 4.000e+00 4.000e+00 4.000e+00 4.000e+00 4.000e+00 4.000e+00 4.000e+00 4.000e+00
 4.000e+00 4.000e+00 4.000e+00 4.000e+00 4.000e+00 4.000e+00 4.000e+00 4.000e+00
 4.000e+00 4.000e+00 4.000e+00 4.000e+00 4.000e+00 4.000e+00 4.000e+00 4.000e+00
 4.000e+00 4.000e+00 4.000e+00 4.000e+00 4.000e+00 4.000e+00 4.000e+00 4.000e+00
 4.000e+00 4.000e+00 4.000e+00 4.000e+00 4.000e+00 4.000e+00 4.000e+00 4.000e+00
 4.000e+00 4.000e+00 4.000e+00 4.000e+00 4.000e+00 4.000e+00 4.000e+00 4.000e+00
 4.000e+00 4.000e+00 4.000e+00 4.000e+00 4.000e+00 4.000e+00 4.000e+00 4.000e+00
 4.000e+00 4.000e+00 4.000e+00 4.000e+00 4.000e+00 4.000e+00 4.000e+00 4.000e+00
 4.000e+00 4.000e+00 4.000e+00 4.000e+00 4.000e+00 4.000e+00 4.000e+00 4.000e+00
 4.000e+00 4.000e+00 4.000e+00 4.000e+00 4.000e+00 4.000e+00 4.000e+00 4.000e+00
 4.000e+00 4.000e+00 4.000e+00 4.000e+00 4.000e+00 4.000e+00 4.000e+00 4.000e+00
 4.000e+00 4.000e+00 4.000e+00 4.000e+00 4.000e+00 4.000e+00 4.000e+00 4.000e+00
 4.000e+00 4.000e+00 4.000e+00 4.000e+00 4.000e+00 4.000e+00 4.000e+00 4.000e+00
 4.000e+00 4.000e+00 4.000e+00 4.000e+00 4.000e+00 4.000e+00 4.000e+00 4.000e+00
 4.000e+00 4.000e+00 4.000e+00 4.000e+00 4.000e+00 4.000e+00 4.000e+00 4.000e+00
 4.000e+00 4.000e+00 4.000e+00 4.000e+00 4.000e+00 4.000e+00 4.000e+00 4.000e+00
 4.000e+00 4.000e+00 4.000e+00 4.000e+00 4.000e+00 4.000e+00 4.000e+00 4.000e+00
 4.000e+00 4.000e+00 4.000e+00 4.000e+00 4.000e+00 4.000e+00 4.000e+00 4.000e+00
 4.000e+00 4.000e+00 4.000e+00 4.000e+00 4.000e+00 4.000e+00 4.000e+00 4.000e+00
 4.000e+00 4.000e+00 4.000e+00 4.000e+00 4.000e+00 4.000e+00 4.000e+00 4.000e+00
 4.000e+00 4.000e+00 4.000e+00 4.000e+00 4.000e+00 4.000e+00 4.000e+00 4.000e+00
 4.000e+00 4.000e+00 4.000e+00 4.000e+00 4.000e+00 4.000e+00 4.000e+00 4.000e+00
 4.000e+00 4.000e+00 4.000e+00 4.000e+00 4.000e+00 4.000e+00 4.000e+00 4.000e+00
 4.000e+00 4.000e+00 4.000e+00 4.000e+00 4.000e+00 4.000e+00 4.000e+00 4.000e+00
 4.000e+00 4.000e+00 4.000e+00 4.000e+00 4.000e+00 4.000e+00 4.000e+00 4.000e+00
 4.000e+00 4.000e+00 4.000e+00 4.000e+00 4.000e+00 4.000e+00 4.000e+00 4.000e+00
<Z> in equilibrium - infinite confinement
 4.250e-11 1.101e-10 2.810e-10 7.055e-10 1.740e-09 4.210e-09 9.975e-09 2.312e-08
 5.232e-08 1.156e-07 2.494e-07 5.261e-07 1.086e-06 2.192e-06 4.336e-06 8.405e-06
 1.598e-05 2.982e-05 5.466e-05 9.845e-05 1.744e-04 3.040e-04 5.220e-04 8.829e-04
 1.473e-03 2.423e-03 3.935e-03 6.309e-03 9.990e-03 1.562e-02 2.412e-02 3.670e-02
 5.495e-02 8.078e-02 1.162e-01 1.631e-01 2.224e-01 2.935e-01 3.742e-01 4.601e-01
 5.461e-01 6.271e-01 6.996e-01 7.616e-01 8.128e-01 8.539e-01 8.864e-01 9.117e-01
 9.313e-01 9.463e-01 9.580e-01 9.669e-01 9.739e-01 9.793e-01 9.836e-01 9.871e-01
 9.900e-01 9.925e-01 9.948e-01 9.972e-01 9.997e-01 1.003e+00 1.007e+00 1.011e+00
 1.018e+00 1.026e+00 1.038e+00 1.053e+00 1.072e+00 1.098e+00 1.129e+00 1.168e+00
 1.215e+00 1.268e+00 1.329e+00 1.393e+00 1.461e+00 1.528e+00 1.593e+00 1.653e+00
 1.708e+00 1.756e+00 1.798e+00 1.833e+00 1.863e+00 1.888e+00 1.908e+00 1.924e+00
 1.938e+00 1.949e+00 1.958e+00 1.965e+00 1.971e+00 1.976e+00 1.980e+00 1.983e+00
 1.986e+00 1.988e+00 1.990e+00 1.992e+00 1.993e+00 1.994e+00 1.995e+00 1.996e+00
 1.996e+00 1.997e+00 1.997e+00 1.998e+00 1.998e+00 1.998e+00 1.998e+00 1.999e+00
 1.999e+00 1.999e+00 1.999e+00 1.999e+00 1.999e+00 1.999e+00 1.999e+00 1.999e+00
 2.000e+00 2.000e+00 2.000e+00 2.000e+00 2.000e+00 2.000e+00 2.000e+00 2.000e+00
 2.000e+00 2.000e+00 2.000e+00 2.000e+00 2.000e+00 2.000e+00 2.000e+00 2.000e+00
 2.000e+00 2.000e+00 2.000e+00 2.000e+00 2.000e+00 2.000e+00 2.000e+00 2.000e+00
 2.000e+00 2.000e+00 2.000e+00 2.000e+00 2.000e+00 2.000e+00 2.000e+00 2.000e+00
 2.001e+00 2.001e+00 2.002e+00 2.002e+00 2.003e+00 2.005e+00 2.007e+00 2.010e+00
 2.013e+00 2.018e+00 2.025e+00 2.033e+00 2.044e+00 2.058e+00 2.076e+00 2.098e+00
 2.125e+00 2.156e+00 2.193e+00 2.235e+00 2.282e+00 2.333e+00 2.386e+00 2.441e+00
 2.496e+00 2.549e+00 2.600e+00 2.648e+00 2.692e+00 2.733e+00 2.769e+00 2.801e+00
 2.830e+00 2.856e+00 2.879e+00 2.900e+00 2.920e+00 2.939e+00 2.957e+00 2.976e+00
 2.994e+00 3.014e+00 3.035e+00 3.059e+00 3.084e+00 3.112e+00 3.143e+00 3.177e+00
 3.213e+00 3.253e+00 3.294e+00 3.338e+00 3.383e+00 3.428e+00 3.473e+00 3.518e+00
 3.561e+00 3.602e+00 3.641e+00 3.677e+00 3.711e+00 3.742e+00 3.770e+00 3.795e+00
 3.817e+00 3.838e+00 3.856e+00 3.872e+00 3.886e+00 3.898e+00 3.909e+00 3.919e+00
 3.928e+00 3.935e+00 3.942e+00 3.948e+00 3.953e+00 3.958e+00 3.962e+00 3.966e+00
 3.969e+00 3.972e+00 3.975e+00 3.977e+00 3.979e+00 3.981e+00 3.983e+00 3.984e+00
 3.985e+00 3.987e+00 3.988e+00 3.989e+00 3.990e+00 3.990e+00 3.991e+00 3.992e+00
 3.993e+00 3.993e+00 3.994e+00 3.994e+00 3.994e+00 3.995e+00 3.995e+00 3.996e+00
 3.996e+00 3.996e+00 3.996e+00 3.997e+00 3.997e+00 3.997e+00 3.997e+00 3.997e+00
 3.998e+00 3.998e+00 3.998e+00 3.998e+00 3.998e+00 3.998e+00 3.998e+00 3.998e+00
 3.999e+00 3.999e+00 3.999e+00 3.999e+00 3.999e+00 3.999e+00 3.999e+00 3.999e+00
 3.999e+00 3.999e+00 3.999e+00 3.999e+00 3.999e+00 3.999e+00 3.999e+00 3.999e+00
 3.999e+00 3.999e+00 3.999e+00 3.999e+00 3.999e+00 3.999e+00 3.999e+00 4.000e+00
 4.000e+00 4.000e+00 4.000e+00 4.000e+00 4.000e+00 4.000e+00 4.000e+00 4.000e+00
 4.000e+00 4.000e+00 4.000e+00 4.000e+00 4.000e+00 4.000e+00 4.000e+00 4.000e+00
 4.000e+00 4.000e+00 4.000e+00 4.000e+00 4.000e+00 4.000e+00 4.000e+00 4.000e+00
 4.000e+00 4.000e+00 4.000e+00 4.000e+00 4.000e+00 4.000e+00 4.000e+00 4.000e+00
 4.000e+00 4.000e+00 4.000e+00 4.000e+00 4.000e+00 4.000e+00 4.000e+00 4.000e+00
 4.000e+00 4.000e+00 4.000e+00 4.000e+00 4.000e+00 4.000e+00 4.000e+00 4.000e+00
 4.000e+00 4.000e+00 4.000e+00 4.000e+00 4.000e+00 4.000e+00 4.000e+00 4.000e+00
 4.000e+00 4.000e+00 4.000e+00 4.000e+00 4.000e+00 4.000e+00 4.000e+00 4.000e+00
 4.000e+00 4.000e+00 4.000e+00 4.000e+00 4.000e+00 4.000e+00 4.000e+00 4.000e+00
 4.000e+00 4.000e+00 4.000e+00 4.000e+00 4.000e+00 4.000e+00 4.000e+00 4.000e+00
 4.000e+00 4.000e+00 4.000e+00 4.000e+00 4.000e+00 4.000e+00 4.000e+00 4.000e+00
 4.000e+00 4.000e+00 4.000e+00 4.000e+00 4.000e+00 4.000e+00 4.000e+00 4.000e+00
 4.000e+00 4.000e+00 4.000e+00 4.000e+00 4.000e+00 4.000e+00 4.000e+00 4.000e+00
 4.000e+00 4.000e+00 4.000e+00 4.000e+00 4.000e+00 4.000e+00 4.000e+00 4.000e+00
 4.000e+00 4.000e+00 4.000e+00 4.000e+00 4.000e+00 4.000e+00 4.000e+00 4.000e+00
 4.000e+00 4.000e+00 4.000e+00 4.000e+00 4.000e+00 4.000e+00 4.000e+00 4.000e+00
 4.000e+00 4.000e+00 4.000e+00 4.000e+00 4.000e+00 4.000e+00 4.000e+00 4.000e+00
 4.000e+00 4.000e+00 4.000e+00 4.000e+00 4.000e+00 4.000e+00 4.000e+00 4.000e+00
 4.000e+00 4.000e+00 4.000e+00 4.000e+00 4.000e+00 4.000e+00 4.000e+00 4.000e+00
 4.000e+00 4.000e+00 4.000e+00 4.000e+00 4.000e+00 4.000e+00 4.000e+00 4.000e+00
 4.000e+00 4.000e+00 4.000e+00 4.000e+00 4.000e+00 4.000e+00 4.000e+00 4.000e+00
 4.000e+00 4.000e+00 4.000e+00 4.000e+00 4.000e+00 4.000e+00 4.000e+00 4.000e+00
 4.000e+00 4.000e+00 4.000e+00 4.000e+00 4.000e+00 4.000e+00 4.000e+00 4.000e+00
 4.000e+00 4.000e+00 4.000e+00 4.000e+00 4.000e+00 4.000e+00 4.000e+00 4.000e+00
 4.000e+00 4.000e+00 4.000e+00 4.000e+00 4.000e+00 4.000e+00 4.000e+00 4.000e+00
 4.000e+00 4.000e+00 4.000e+00 4.000e+00 4.000e+00 4.000e+00 4.000e+00 4.000e+00
 4.000e+00 4.000e+00 4.000e+00 4.000e+00 4.000e+00 4.000e+00 4.000e+00 4.000e+00
 4.000e+00 4.000e+00 4.000e+00 4.000e+00 4.000e+00 4.000e+00 4.000e+00 4.000e+00
 4.000e+00 4.000e+00 4.000e+00 4.000e+00 4.000e+00 4.000e+00 4.000e+00 4.000e+00
 4.000e+00 4.000e+00 4.000e+00 4.000e+00 4.000e+00 4.000e+00 4.000e+00 4.000e+00
 4.000e+00 4.000e+00 4.000e+00 4.000e+00 4.000e+00 4.000e+00 4.000e+00 4.000e+00
 4.000e+00 4.000e+00 4.000e+00 4.000e+00 4.000e+00 4.000e+00 4.000e+00 4.000e+00
 4.000e+00 4.000e+00 4.000e+00 4.000e+00 4.000e+00 4.000e+00 4.000e+00 4.000e+00
 4.000e+00 4.000e+00 4.000e+00 4.000e+00 4.000e+00 4.000e+00 4.000e+00 4.000e+00
 4.000e+00 4.000e+00 4.000e+00 4.000e+00 4.000e+00 4.000e+00 4.000e+00 4.000e+00
 4.000e+00 4.000e+00 4.000e+00 4.000e+00 4.000e+00 4.000e+00 4.000e+00 4.000e+00
 4.000e+00 4.000e+00 4.000e+00 4.000e+00 4.000e+00 4.000e+00 4.000e+00 4.000e+00
 4.000e+00 4.000e+00 4.000e+00 4.000e+00 4.000e+00 4.000e+00 4.000e+00 4.000e+00
C-------------------------------------------------------------------------------
C
C  The fractional abundance and radiated power were generated from the
C  ADAS installation at UKAEA with the named adf11 files. The adf11 data
C  files may be updated in a later release of ADAS and publicly
C  available versions may be found at https://open.adas.ac.uk/.
C
C  The equilibrium balance data was produced with run_adas405.py and
C  the balance with a confinement time with adas4xx_ionbal_tau.py
C  which are functions from the ADAS library. Details on these codes
C  may be found at: https://www.adas.ac.uk/python_lib/index.html
C
C  Copyright (C) 2023 UK Atomic Energy Authority
C
C  This file was generated for use in the UKAEA systems code PROCESS
C  using a script written by Martin O'Mullane.
C  If acquired without provenance a user is strongly advised
C  to check its validity by re-generating using the adf11 files from
C  the OPEN-ADAS site.
C
C  Produced by : Timothy Nunn
C  Date        : 29-07-26
C
C-------------------------------------------------------------------------------
