Mean quadratic charge as a function dwell time.
Temperature :      0.2 - 500000.0 eV
Density     : 1.00e+20 m-3
   600     5  # Te values, dwell time

Source data:
acd : /home/adas/adas/adf11/acd96/acd96_be.dat
scd : /home/adas/adas/adf11/scd96/scd96_be.dat
plt : /home/adas/adas/adf11/plt96/plt96_be.dat
prb : /home/adas/adas/adf11/prb96/prb96_be.dat

Te[eV]
 2.500e-01 2.561e-01 2.624e-01 2.688e-01 2.754e-01 2.822e-01 2.891e-01 2.962e-01
 3.035e-01 3.109e-01 3.185e-01 3.263e-01 3.343e-01 3.425e-01 3.509e-01 3.595e-01
 3.683e-01 3.774e-01 3.866e-01 3.961e-01 4.058e-01 4.158e-01 4.260e-01 4.364e-01
 4.471e-01 4.581e-01 4.693e-01 4.808e-01 4.926e-01 5.047e-01 5.170e-01 5.297e-01
 5.427e-01 5.560e-01 5.696e-01 5.836e-01 5.979e-01 6.126e-01 6.276e-01 6.430e-01
 6.587e-01 6.749e-01 6.914e-01 7.084e-01 7.257e-01 7.435e-01 7.618e-01 7.804e-01
 7.996e-01 8.192e-01 8.393e-01 8.598e-01 8.809e-01 9.025e-01 9.247e-01 9.473e-01
 9.706e-01 9.943e-01 1.019e+00 1.044e+00 1.069e+00 1.096e+00 1.122e+00 1.150e+00
 1.178e+00 1.207e+00 1.237e+00 1.267e+00 1.298e+00 1.330e+00 1.362e+00 1.396e+00
 1.430e+00 1.465e+00 1.501e+00 1.538e+00 1.575e+00 1.614e+00 1.654e+00 1.694e+00
 1.736e+00 1.778e+00 1.822e+00 1.867e+00 1.912e+00 1.959e+00 2.007e+00 2.056e+00
 2.107e+00 2.159e+00 2.211e+00 2.266e+00 2.321e+00 2.378e+00 2.436e+00 2.496e+00
 2.557e+00 2.620e+00 2.684e+00 2.750e+00 2.818e+00 2.887e+00 2.957e+00 3.030e+00
 3.104e+00 3.180e+00 3.258e+00 3.338e+00 3.420e+00 3.504e+00 3.590e+00 3.678e+00
 3.768e+00 3.860e+00 3.955e+00 4.052e+00 4.151e+00 4.253e+00 4.357e+00 4.464e+00
 4.574e+00 4.686e+00 4.801e+00 4.918e+00 5.039e+00 5.162e+00 5.289e+00 5.419e+00
 5.551e+00 5.688e+00 5.827e+00 5.970e+00 6.116e+00 6.266e+00 6.420e+00 6.577e+00
 6.738e+00 6.904e+00 7.073e+00 7.246e+00 7.424e+00 7.606e+00 7.792e+00 7.983e+00
 8.179e+00 8.380e+00 8.585e+00 8.796e+00 9.011e+00 9.232e+00 9.459e+00 9.691e+00
 9.928e+00 1.017e+01 1.042e+01 1.068e+01 1.094e+01 1.121e+01 1.148e+01 1.176e+01
 1.205e+01 1.235e+01 1.265e+01 1.296e+01 1.328e+01 1.360e+01 1.394e+01 1.428e+01
 1.463e+01 1.499e+01 1.535e+01 1.573e+01 1.612e+01 1.651e+01 1.692e+01 1.733e+01
 1.776e+01 1.819e+01 1.864e+01 1.909e+01 1.956e+01 2.004e+01 2.053e+01 2.104e+01
 2.155e+01 2.208e+01 2.262e+01 2.318e+01 2.374e+01 2.433e+01 2.492e+01 2.553e+01
 2.616e+01 2.680e+01 2.746e+01 2.813e+01 2.882e+01 2.953e+01 3.025e+01 3.099e+01
 3.175e+01 3.253e+01 3.333e+01 3.415e+01 3.498e+01 3.584e+01 3.672e+01 3.762e+01
 3.854e+01 3.949e+01 4.046e+01 4.145e+01 4.246e+01 4.351e+01 4.457e+01 4.566e+01
 4.678e+01 4.793e+01 4.911e+01 5.031e+01 5.154e+01 5.281e+01 5.410e+01 5.543e+01
 5.679e+01 5.818e+01 5.961e+01 6.107e+01 6.256e+01 6.410e+01 6.567e+01 6.728e+01
 6.893e+01 7.062e+01 7.235e+01 7.412e+01 7.594e+01 7.780e+01 7.971e+01 8.167e+01
 8.367e+01 8.572e+01 8.782e+01 8.997e+01 9.218e+01 9.444e+01 9.676e+01 9.913e+01
 1.016e+02 1.040e+02 1.066e+02 1.092e+02 1.119e+02 1.146e+02 1.174e+02 1.203e+02
 1.233e+02 1.263e+02 1.294e+02 1.326e+02 1.358e+02 1.391e+02 1.426e+02 1.461e+02
 1.496e+02 1.533e+02 1.571e+02 1.609e+02 1.649e+02 1.689e+02 1.730e+02 1.773e+02
 1.816e+02 1.861e+02 1.906e+02 1.953e+02 2.001e+02 2.050e+02 2.100e+02 2.152e+02
 2.205e+02 2.259e+02 2.314e+02 2.371e+02 2.429e+02 2.488e+02 2.549e+02 2.612e+02
 2.676e+02 2.742e+02 2.809e+02 2.878e+02 2.948e+02 3.021e+02 3.095e+02 3.170e+02
 3.248e+02 3.328e+02 3.409e+02 3.493e+02 3.579e+02 3.666e+02 3.756e+02 3.848e+02
 3.943e+02 4.039e+02 4.138e+02 4.240e+02 4.344e+02 4.450e+02 4.559e+02 4.671e+02
 4.786e+02 4.903e+02 5.023e+02 5.146e+02 5.273e+02 5.402e+02 5.534e+02 5.670e+02
 5.809e+02 5.951e+02 6.097e+02 6.247e+02 6.400e+02 6.557e+02 6.718e+02 6.882e+02
 7.051e+02 7.224e+02 7.401e+02 7.582e+02 7.768e+02 7.959e+02 8.154e+02 8.354e+02
 8.559e+02 8.769e+02 8.984e+02 9.204e+02 9.429e+02 9.661e+02 9.897e+02 1.014e+03
 1.039e+03 1.064e+03 1.090e+03 1.117e+03 1.145e+03 1.173e+03 1.201e+03 1.231e+03
 1.261e+03 1.292e+03 1.324e+03 1.356e+03 1.389e+03 1.423e+03 1.458e+03 1.494e+03
 1.531e+03 1.568e+03 1.607e+03 1.646e+03 1.686e+03 1.728e+03 1.770e+03 1.813e+03
 1.858e+03 1.903e+03 1.950e+03 1.998e+03 2.047e+03 2.097e+03 2.149e+03 2.201e+03
 2.255e+03 2.310e+03 2.367e+03 2.425e+03 2.485e+03 2.546e+03 2.608e+03 2.672e+03
 2.737e+03 2.804e+03 2.873e+03 2.944e+03 3.016e+03 3.090e+03 3.166e+03 3.243e+03
 3.323e+03 3.404e+03 3.488e+03 3.573e+03 3.661e+03 3.750e+03 3.842e+03 3.937e+03
 4.033e+03 4.132e+03 4.233e+03 4.337e+03 4.443e+03 4.552e+03 4.664e+03 4.778e+03
 4.895e+03 5.015e+03 5.138e+03 5.264e+03 5.393e+03 5.526e+03 5.661e+03 5.800e+03
 5.942e+03 6.088e+03 6.237e+03 6.390e+03 6.547e+03 6.707e+03 6.872e+03 7.040e+03
 7.213e+03 7.390e+03 7.571e+03 7.756e+03 7.947e+03 8.141e+03 8.341e+03 8.545e+03
 8.755e+03 8.970e+03 9.190e+03 9.415e+03 9.646e+03 9.882e+03 1.012e+04 1.037e+04
 1.063e+04 1.089e+04 1.115e+04 1.143e+04 1.171e+04 1.200e+04 1.229e+04 1.259e+04
 1.290e+04 1.322e+04 1.354e+04 1.387e+04 1.421e+04 1.456e+04 1.492e+04 1.528e+04
 1.566e+04 1.604e+04 1.643e+04 1.684e+04 1.725e+04 1.767e+04 1.811e+04 1.855e+04
 1.901e+04 1.947e+04 1.995e+04 2.044e+04 2.094e+04 2.145e+04 2.198e+04 2.252e+04
 2.307e+04 2.363e+04 2.421e+04 2.481e+04 2.542e+04 2.604e+04 2.668e+04 2.733e+04
 2.800e+04 2.869e+04 2.939e+04 3.011e+04 3.085e+04 3.161e+04 3.238e+04 3.318e+04
 3.399e+04 3.482e+04 3.568e+04 3.655e+04 3.745e+04 3.836e+04 3.931e+04 4.027e+04
 4.126e+04 4.227e+04 4.330e+04 4.437e+04 4.545e+04 4.657e+04 4.771e+04 4.888e+04
 5.008e+04 5.131e+04 5.256e+04 5.385e+04 5.517e+04 5.652e+04 5.791e+04 5.933e+04
 6.078e+04 6.228e+04 6.380e+04 6.537e+04 6.697e+04 6.861e+04 7.029e+04 7.202e+04
 7.378e+04 7.559e+04 7.744e+04 7.934e+04 8.129e+04 8.328e+04 8.532e+04 8.741e+04
 8.956e+04 9.175e+04 9.400e+04 9.631e+04 9.867e+04 1.011e+05 1.036e+05 1.061e+05
 1.087e+05 1.114e+05 1.141e+05 1.169e+05 1.198e+05 1.227e+05 1.257e+05 1.288e+05
 1.320e+05 1.352e+05 1.385e+05 1.419e+05 1.454e+05 1.489e+05 1.526e+05 1.563e+05
 1.602e+05 1.641e+05 1.681e+05 1.722e+05 1.765e+05 1.808e+05 1.852e+05 1.898e+05
 1.944e+05 1.992e+05 2.041e+05 2.091e+05 2.142e+05 2.194e+05 2.248e+05 2.303e+05
 2.360e+05 2.418e+05 2.477e+05 2.538e+05 2.600e+05 2.664e+05 2.729e+05 2.796e+05
 2.864e+05 2.935e+05 3.007e+05 3.080e+05 3.156e+05 3.233e+05 3.312e+05 3.394e+05
 3.477e+05 3.562e+05 3.649e+05 3.739e+05 3.831e+05 3.924e+05 4.021e+05 4.119e+05
 4.220e+05 4.324e+05 4.430e+05 4.538e+05 4.650e+05 4.764e+05 4.880e+05 5.000e+05
sqrt(<Z^2>) for tau[ms]=    0.1
 4.655e-06 7.347e-06 1.150e-05 1.784e-05 2.742e-05 4.169e-05 6.270e-05 9.319e-05
 1.368e-04 1.982e-04 2.837e-04 4.012e-04 5.608e-04 7.752e-04 1.060e-03 1.434e-03
 1.921e-03 2.547e-03 3.347e-03 4.358e-03 5.627e-03 7.205e-03 9.153e-03 1.154e-02
 1.445e-02 1.797e-02 2.221e-02 2.728e-02 3.332e-02 4.048e-02 4.894e-02 5.887e-02
 7.045e-02 8.389e-02 9.938e-02 1.171e-01 1.373e-01 1.602e-01 1.858e-01 2.142e-01
 2.455e-01 2.797e-01 3.165e-01 3.556e-01 3.967e-01 4.393e-01 4.827e-01 5.262e-01
 5.692e-01 6.109e-01 6.508e-01 6.884e-01 7.233e-01 7.552e-01 7.842e-01 8.102e-01
 8.333e-01 8.537e-01 8.716e-01 8.873e-01 9.011e-01 9.131e-01 9.236e-01 9.329e-01
 9.410e-01 9.483e-01 9.549e-01 9.609e-01 9.664e-01 9.718e-01 9.770e-01 9.823e-01
 9.878e-01 9.936e-01 1.000e+00 1.007e+00 1.015e+00 1.025e+00 1.036e+00 1.048e+00
 1.062e+00 1.078e+00 1.097e+00 1.118e+00 1.141e+00 1.166e+00 1.194e+00 1.224e+00
 1.256e+00 1.290e+00 1.325e+00 1.361e+00 1.397e+00 1.434e+00 1.470e+00 1.506e+00
 1.541e+00 1.575e+00 1.607e+00 1.638e+00 1.666e+00 1.693e+00 1.719e+00 1.742e+00
 1.763e+00 1.783e+00 1.801e+00 1.818e+00 1.833e+00 1.847e+00 1.860e+00 1.871e+00
 1.882e+00 1.891e+00 1.900e+00 1.907e+00 1.914e+00 1.921e+00 1.927e+00 1.932e+00
 1.937e+00 1.941e+00 1.945e+00 1.949e+00 1.952e+00 1.955e+00 1.958e+00 1.961e+00
 1.963e+00 1.965e+00 1.967e+00 1.969e+00 1.971e+00 1.973e+00 1.974e+00 1.975e+00
 1.977e+00 1.978e+00 1.979e+00 1.980e+00 1.981e+00 1.982e+00 1.983e+00 1.983e+00
 1.984e+00 1.985e+00 1.985e+00 1.986e+00 1.986e+00 1.987e+00 1.987e+00 1.988e+00
 1.988e+00 1.989e+00 1.989e+00 1.990e+00 1.990e+00 1.990e+00 1.991e+00 1.991e+00
 1.991e+00 1.991e+00 1.992e+00 1.992e+00 1.992e+00 1.993e+00 1.993e+00 1.994e+00
 1.994e+00 1.994e+00 1.995e+00 1.996e+00 1.996e+00 1.997e+00 1.998e+00 2.000e+00
 2.001e+00 2.003e+00 2.005e+00 2.007e+00 2.009e+00 2.012e+00 2.016e+00 2.020e+00
 2.024e+00 2.029e+00 2.035e+00 2.041e+00 2.048e+00 2.056e+00 2.064e+00 2.074e+00
 2.084e+00 2.095e+00 2.107e+00 2.120e+00 2.134e+00 2.149e+00 2.164e+00 2.181e+00
 2.198e+00 2.215e+00 2.234e+00 2.253e+00 2.272e+00 2.292e+00 2.312e+00 2.332e+00
 2.353e+00 2.374e+00 2.395e+00 2.416e+00 2.437e+00 2.458e+00 2.478e+00 2.499e+00
 2.520e+00 2.540e+00 2.560e+00 2.581e+00 2.601e+00 2.621e+00 2.641e+00 2.660e+00
 2.680e+00 2.700e+00 2.719e+00 2.739e+00 2.758e+00 2.778e+00 2.797e+00 2.816e+00
 2.836e+00 2.855e+00 2.874e+00 2.894e+00 2.913e+00 2.932e+00 2.952e+00 2.971e+00
 2.990e+00 3.009e+00 3.028e+00 3.046e+00 3.065e+00 3.084e+00 3.102e+00 3.120e+00
 3.138e+00 3.156e+00 3.173e+00 3.191e+00 3.208e+00 3.224e+00 3.241e+00 3.257e+00
 3.273e+00 3.289e+00 3.304e+00 3.319e+00 3.333e+00 3.347e+00 3.361e+00 3.375e+00
 3.388e+00 3.401e+00 3.413e+00 3.425e+00 3.437e+00 3.448e+00 3.459e+00 3.470e+00
 3.480e+00 3.490e+00 3.500e+00 3.510e+00 3.519e+00 3.528e+00 3.536e+00 3.544e+00
 3.552e+00 3.560e+00 3.567e+00 3.575e+00 3.581e+00 3.588e+00 3.595e+00 3.601e+00
 3.607e+00 3.613e+00 3.618e+00 3.624e+00 3.629e+00 3.634e+00 3.639e+00 3.644e+00
 3.648e+00 3.652e+00 3.657e+00 3.661e+00 3.665e+00 3.668e+00 3.672e+00 3.675e+00
 3.679e+00 3.682e+00 3.685e+00 3.688e+00 3.691e+00 3.694e+00 3.697e+00 3.699e+00
 3.702e+00 3.704e+00 3.707e+00 3.709e+00 3.711e+00 3.713e+00 3.715e+00 3.717e+00
 3.719e+00 3.720e+00 3.722e+00 3.723e+00 3.725e+00 3.726e+00 3.728e+00 3.729e+00
 3.730e+00 3.731e+00 3.732e+00 3.733e+00 3.734e+00 3.735e+00 3.736e+00 3.737e+00
 3.738e+00 3.738e+00 3.739e+00 3.739e+00 3.740e+00 3.740e+00 3.741e+00 3.741e+00
 3.741e+00 3.742e+00 3.742e+00 3.742e+00 3.742e+00 3.742e+00 3.742e+00 3.742e+00
 3.742e+00 3.742e+00 3.742e+00 3.742e+00 3.742e+00 3.741e+00 3.741e+00 3.741e+00
 3.741e+00 3.740e+00 3.740e+00 3.739e+00 3.739e+00 3.739e+00 3.738e+00 3.738e+00
 3.737e+00 3.736e+00 3.736e+00 3.735e+00 3.735e+00 3.734e+00 3.733e+00 3.733e+00
 3.732e+00 3.731e+00 3.730e+00 3.729e+00 3.729e+00 3.728e+00 3.727e+00 3.726e+00
 3.725e+00 3.724e+00 3.723e+00 3.722e+00 3.721e+00 3.720e+00 3.719e+00 3.717e+00
 3.716e+00 3.715e+00 3.714e+00 3.713e+00 3.712e+00 3.710e+00 3.709e+00 3.708e+00
 3.707e+00 3.705e+00 3.704e+00 3.703e+00 3.702e+00 3.700e+00 3.699e+00 3.698e+00
 3.696e+00 3.695e+00 3.694e+00 3.692e+00 3.691e+00 3.689e+00 3.688e+00 3.687e+00
 3.685e+00 3.684e+00 3.682e+00 3.681e+00 3.679e+00 3.678e+00 3.676e+00 3.675e+00
 3.673e+00 3.672e+00 3.670e+00 3.669e+00 3.667e+00 3.666e+00 3.664e+00 3.662e+00
 3.661e+00 3.659e+00 3.658e+00 3.656e+00 3.654e+00 3.653e+00 3.651e+00 3.650e+00
 3.648e+00 3.646e+00 3.645e+00 3.643e+00 3.641e+00 3.640e+00 3.638e+00 3.636e+00
 3.635e+00 3.633e+00 3.631e+00 3.630e+00 3.628e+00 3.626e+00 3.624e+00 3.623e+00
 3.621e+00 3.619e+00 3.617e+00 3.616e+00 3.614e+00 3.612e+00 3.610e+00 3.609e+00
 3.607e+00 3.605e+00 3.603e+00 3.601e+00 3.599e+00 3.598e+00 3.596e+00 3.594e+00
 3.592e+00 3.590e+00 3.588e+00 3.587e+00 3.585e+00 3.583e+00 3.581e+00 3.579e+00
 3.577e+00 3.575e+00 3.573e+00 3.571e+00 3.569e+00 3.568e+00 3.566e+00 3.564e+00
 3.562e+00 3.560e+00 3.558e+00 3.556e+00 3.554e+00 3.552e+00 3.550e+00 3.548e+00
 3.546e+00 3.544e+00 3.542e+00 3.540e+00 3.538e+00 3.536e+00 3.534e+00 3.532e+00
 3.530e+00 3.527e+00 3.525e+00 3.523e+00 3.521e+00 3.519e+00 3.517e+00 3.515e+00
 3.513e+00 3.511e+00 3.509e+00 3.506e+00 3.504e+00 3.502e+00 3.500e+00 3.498e+00
 3.496e+00 3.493e+00 3.491e+00 3.489e+00 3.487e+00 3.485e+00 3.482e+00 3.480e+00
 3.478e+00 3.476e+00 3.473e+00 3.471e+00 3.469e+00 3.467e+00 3.464e+00 3.462e+00
 3.460e+00 3.458e+00 3.455e+00 3.453e+00 3.451e+00 3.448e+00 3.446e+00 3.444e+00
 3.441e+00 3.439e+00 3.437e+00 3.434e+00 3.432e+00 3.430e+00 3.427e+00 3.425e+00
 3.422e+00 3.420e+00 3.418e+00 3.415e+00 3.413e+00 3.410e+00 3.408e+00 3.405e+00
 3.403e+00 3.401e+00 3.398e+00 3.396e+00 3.393e+00 3.391e+00 3.388e+00 3.386e+00
 3.383e+00 3.381e+00 3.378e+00 3.376e+00 3.373e+00 3.371e+00 3.368e+00 3.365e+00
 3.363e+00 3.360e+00 3.358e+00 3.355e+00 3.353e+00 3.350e+00 3.347e+00 3.345e+00
 3.342e+00 3.340e+00 3.337e+00 3.334e+00 3.332e+00 3.329e+00 3.326e+00 3.324e+00
 3.321e+00 3.318e+00 3.316e+00 3.313e+00 3.310e+00 3.307e+00 3.305e+00 3.302e+00
sqrt(<Z^2>) for tau[ms]=    1.0
 6.227e-06 9.987e-06 1.589e-05 2.508e-05 3.922e-05 6.071e-05 9.298e-05 1.408e-04
 2.106e-04 3.111e-04 4.541e-04 6.549e-04 9.337e-04 1.317e-03 1.836e-03 2.534e-03
 3.462e-03 4.683e-03 6.275e-03 8.332e-03 1.096e-02 1.431e-02 1.851e-02 2.377e-02
 3.029e-02 3.832e-02 4.814e-02 6.008e-02 7.450e-02 9.182e-02 1.125e-01 1.369e-01
 1.655e-01 1.986e-01 2.366e-01 2.794e-01 3.270e-01 3.789e-01 4.342e-01 4.917e-01
 5.499e-01 6.071e-01 6.616e-01 7.120e-01 7.575e-01 7.975e-01 8.320e-01 8.612e-01
 8.856e-01 9.058e-01 9.223e-01 9.359e-01 9.469e-01 9.560e-01 9.634e-01 9.695e-01
 9.746e-01 9.789e-01 9.826e-01 9.860e-01 9.890e-01 9.920e-01 9.951e-01 9.984e-01
 1.002e+00 1.007e+00 1.012e+00 1.019e+00 1.028e+00 1.039e+00 1.052e+00 1.068e+00
 1.088e+00 1.112e+00 1.140e+00 1.172e+00 1.209e+00 1.250e+00 1.294e+00 1.341e+00
 1.391e+00 1.441e+00 1.491e+00 1.540e+00 1.587e+00 1.632e+00 1.674e+00 1.712e+00
 1.746e+00 1.777e+00 1.805e+00 1.829e+00 1.851e+00 1.869e+00 1.886e+00 1.900e+00
 1.912e+00 1.923e+00 1.932e+00 1.940e+00 1.947e+00 1.953e+00 1.959e+00 1.963e+00
 1.967e+00 1.971e+00 1.974e+00 1.977e+00 1.979e+00 1.981e+00 1.983e+00 1.984e+00
 1.986e+00 1.987e+00 1.988e+00 1.989e+00 1.990e+00 1.991e+00 1.992e+00 1.992e+00
 1.993e+00 1.994e+00 1.994e+00 1.994e+00 1.995e+00 1.995e+00 1.995e+00 1.996e+00
 1.996e+00 1.996e+00 1.997e+00 1.997e+00 1.997e+00 1.997e+00 1.997e+00 1.997e+00
 1.998e+00 1.998e+00 1.998e+00 1.998e+00 1.998e+00 1.998e+00 1.998e+00 1.998e+00
 1.998e+00 1.998e+00 1.998e+00 1.999e+00 1.999e+00 1.999e+00 1.999e+00 1.999e+00
 1.999e+00 1.999e+00 1.999e+00 1.999e+00 1.999e+00 1.999e+00 2.000e+00 2.000e+00
 2.000e+00 2.001e+00 2.001e+00 2.002e+00 2.003e+00 2.004e+00 2.006e+00 2.008e+00
 2.011e+00 2.014e+00 2.017e+00 2.022e+00 2.028e+00 2.034e+00 2.043e+00 2.052e+00
 2.063e+00 2.076e+00 2.091e+00 2.107e+00 2.126e+00 2.147e+00 2.171e+00 2.196e+00
 2.223e+00 2.252e+00 2.283e+00 2.314e+00 2.347e+00 2.381e+00 2.415e+00 2.449e+00
 2.482e+00 2.516e+00 2.548e+00 2.580e+00 2.611e+00 2.641e+00 2.670e+00 2.698e+00
 2.725e+00 2.752e+00 2.778e+00 2.803e+00 2.828e+00 2.852e+00 2.877e+00 2.901e+00
 2.926e+00 2.952e+00 2.977e+00 3.003e+00 3.030e+00 3.057e+00 3.085e+00 3.113e+00
 3.142e+00 3.172e+00 3.201e+00 3.231e+00 3.261e+00 3.290e+00 3.320e+00 3.349e+00
 3.377e+00 3.405e+00 3.433e+00 3.459e+00 3.485e+00 3.510e+00 3.534e+00 3.557e+00
 3.579e+00 3.600e+00 3.620e+00 3.639e+00 3.657e+00 3.674e+00 3.690e+00 3.705e+00
 3.720e+00 3.734e+00 3.746e+00 3.759e+00 3.770e+00 3.781e+00 3.791e+00 3.801e+00
 3.810e+00 3.818e+00 3.826e+00 3.834e+00 3.841e+00 3.848e+00 3.854e+00 3.860e+00
 3.866e+00 3.871e+00 3.877e+00 3.881e+00 3.886e+00 3.890e+00 3.894e+00 3.898e+00
 3.902e+00 3.905e+00 3.908e+00 3.911e+00 3.914e+00 3.917e+00 3.919e+00 3.922e+00
 3.924e+00 3.926e+00 3.928e+00 3.930e+00 3.932e+00 3.934e+00 3.936e+00 3.937e+00
 3.939e+00 3.940e+00 3.942e+00 3.943e+00 3.945e+00 3.946e+00 3.947e+00 3.948e+00
 3.949e+00 3.950e+00 3.951e+00 3.952e+00 3.953e+00 3.954e+00 3.954e+00 3.955e+00
 3.956e+00 3.957e+00 3.957e+00 3.958e+00 3.959e+00 3.959e+00 3.960e+00 3.960e+00
 3.961e+00 3.961e+00 3.962e+00 3.962e+00 3.963e+00 3.963e+00 3.964e+00 3.964e+00
 3.964e+00 3.965e+00 3.965e+00 3.965e+00 3.966e+00 3.966e+00 3.966e+00 3.967e+00
 3.967e+00 3.967e+00 3.967e+00 3.968e+00 3.968e+00 3.968e+00 3.968e+00 3.968e+00
 3.969e+00 3.969e+00 3.969e+00 3.969e+00 3.969e+00 3.969e+00 3.969e+00 3.970e+00
 3.970e+00 3.970e+00 3.970e+00 3.970e+00 3.970e+00 3.970e+00 3.970e+00 3.970e+00
 3.970e+00 3.970e+00 3.970e+00 3.970e+00 3.970e+00 3.970e+00 3.970e+00 3.970e+00
 3.970e+00 3.970e+00 3.970e+00 3.970e+00 3.970e+00 3.970e+00 3.970e+00 3.970e+00
 3.970e+00 3.970e+00 3.970e+00 3.970e+00 3.970e+00 3.970e+00 3.970e+00 3.970e+00
 3.970e+00 3.970e+00 3.970e+00 3.970e+00 3.969e+00 3.969e+00 3.969e+00 3.969e+00
 3.969e+00 3.969e+00 3.969e+00 3.969e+00 3.969e+00 3.969e+00 3.968e+00 3.968e+00
 3.968e+00 3.968e+00 3.968e+00 3.968e+00 3.968e+00 3.967e+00 3.967e+00 3.967e+00
 3.967e+00 3.967e+00 3.967e+00 3.967e+00 3.966e+00 3.966e+00 3.966e+00 3.966e+00
 3.966e+00 3.966e+00 3.965e+00 3.965e+00 3.965e+00 3.965e+00 3.965e+00 3.964e+00
 3.964e+00 3.964e+00 3.964e+00 3.964e+00 3.964e+00 3.963e+00 3.963e+00 3.963e+00
 3.963e+00 3.963e+00 3.962e+00 3.962e+00 3.962e+00 3.962e+00 3.961e+00 3.961e+00
 3.961e+00 3.961e+00 3.961e+00 3.960e+00 3.960e+00 3.960e+00 3.960e+00 3.959e+00
 3.959e+00 3.959e+00 3.959e+00 3.959e+00 3.958e+00 3.958e+00 3.958e+00 3.958e+00
 3.957e+00 3.957e+00 3.957e+00 3.957e+00 3.956e+00 3.956e+00 3.956e+00 3.956e+00
 3.955e+00 3.955e+00 3.955e+00 3.955e+00 3.954e+00 3.954e+00 3.954e+00 3.954e+00
 3.953e+00 3.953e+00 3.953e+00 3.952e+00 3.952e+00 3.952e+00 3.952e+00 3.951e+00
 3.951e+00 3.951e+00 3.950e+00 3.950e+00 3.950e+00 3.950e+00 3.949e+00 3.949e+00
 3.949e+00 3.948e+00 3.948e+00 3.948e+00 3.948e+00 3.947e+00 3.947e+00 3.947e+00
 3.946e+00 3.946e+00 3.946e+00 3.945e+00 3.945e+00 3.945e+00 3.944e+00 3.944e+00
 3.944e+00 3.943e+00 3.943e+00 3.943e+00 3.942e+00 3.942e+00 3.942e+00 3.941e+00
 3.941e+00 3.941e+00 3.940e+00 3.940e+00 3.940e+00 3.939e+00 3.939e+00 3.939e+00
 3.938e+00 3.938e+00 3.938e+00 3.937e+00 3.937e+00 3.937e+00 3.936e+00 3.936e+00
 3.935e+00 3.935e+00 3.935e+00 3.934e+00 3.934e+00 3.934e+00 3.933e+00 3.933e+00
 3.932e+00 3.932e+00 3.932e+00 3.931e+00 3.931e+00 3.930e+00 3.930e+00 3.930e+00
 3.929e+00 3.929e+00 3.928e+00 3.928e+00 3.928e+00 3.927e+00 3.927e+00 3.926e+00
 3.926e+00 3.925e+00 3.925e+00 3.925e+00 3.924e+00 3.924e+00 3.923e+00 3.923e+00
 3.922e+00 3.922e+00 3.921e+00 3.921e+00 3.920e+00 3.920e+00 3.920e+00 3.919e+00
 3.919e+00 3.918e+00 3.918e+00 3.917e+00 3.917e+00 3.916e+00 3.916e+00 3.915e+00
 3.915e+00 3.914e+00 3.914e+00 3.913e+00 3.913e+00 3.912e+00 3.912e+00 3.911e+00
 3.911e+00 3.910e+00 3.910e+00 3.909e+00 3.909e+00 3.908e+00 3.907e+00 3.907e+00
 3.906e+00 3.906e+00 3.905e+00 3.905e+00 3.904e+00 3.904e+00 3.903e+00 3.903e+00
 3.902e+00 3.901e+00 3.901e+00 3.900e+00 3.900e+00 3.899e+00 3.898e+00 3.898e+00
 3.897e+00 3.897e+00 3.896e+00 3.895e+00 3.895e+00 3.894e+00 3.894e+00 3.893e+00
sqrt(<Z^2>) for tau[ms]=   10.0
 6.488e-06 1.044e-05 1.667e-05 2.640e-05 4.144e-05 6.443e-05 9.912e-05 1.508e-04
 2.267e-04 3.367e-04 4.943e-04 7.173e-04 1.029e-03 1.461e-03 2.053e-03 2.855e-03
 3.933e-03 5.365e-03 7.254e-03 9.721e-03 1.292e-02 1.703e-02 2.227e-02 2.891e-02
 3.726e-02 4.770e-02 6.065e-02 7.662e-02 9.618e-02 1.200e-01 1.487e-01 1.830e-01
 2.234e-01 2.704e-01 3.239e-01 3.835e-01 4.480e-01 5.155e-01 5.837e-01 6.496e-01
 7.109e-01 7.655e-01 8.125e-01 8.516e-01 8.833e-01 9.087e-01 9.286e-01 9.441e-01
 9.561e-01 9.655e-01 9.727e-01 9.783e-01 9.828e-01 9.863e-01 9.892e-01 9.916e-01
 9.937e-01 9.956e-01 9.976e-01 9.998e-01 1.002e+00 1.006e+00 1.010e+00 1.016e+00
 1.023e+00 1.033e+00 1.046e+00 1.063e+00 1.085e+00 1.112e+00 1.146e+00 1.186e+00
 1.233e+00 1.286e+00 1.344e+00 1.405e+00 1.468e+00 1.530e+00 1.591e+00 1.647e+00
 1.699e+00 1.745e+00 1.785e+00 1.820e+00 1.849e+00 1.874e+00 1.895e+00 1.912e+00
 1.927e+00 1.939e+00 1.949e+00 1.957e+00 1.964e+00 1.969e+00 1.974e+00 1.978e+00
 1.981e+00 1.984e+00 1.986e+00 1.988e+00 1.990e+00 1.991e+00 1.992e+00 1.993e+00
 1.994e+00 1.995e+00 1.995e+00 1.996e+00 1.996e+00 1.997e+00 1.997e+00 1.997e+00
 1.998e+00 1.998e+00 1.998e+00 1.998e+00 1.998e+00 1.999e+00 1.999e+00 1.999e+00
 1.999e+00 1.999e+00 1.999e+00 1.999e+00 1.999e+00 1.999e+00 1.999e+00 1.999e+00
 1.999e+00 1.999e+00 2.000e+00 2.000e+00 2.000e+00 2.000e+00 2.000e+00 2.000e+00
 2.000e+00 2.000e+00 2.000e+00 2.000e+00 2.000e+00 2.000e+00 2.000e+00 2.000e+00
 2.000e+00 2.000e+00 2.000e+00 2.000e+00 2.000e+00 2.000e+00 2.000e+00 2.000e+00
 2.000e+00 2.001e+00 2.001e+00 2.001e+00 2.002e+00 2.003e+00 2.004e+00 2.005e+00
 2.007e+00 2.010e+00 2.014e+00 2.018e+00 2.024e+00 2.032e+00 2.041e+00 2.053e+00
 2.067e+00 2.085e+00 2.106e+00 2.131e+00 2.159e+00 2.191e+00 2.228e+00 2.267e+00
 2.310e+00 2.354e+00 2.400e+00 2.447e+00 2.494e+00 2.539e+00 2.583e+00 2.625e+00
 2.664e+00 2.701e+00 2.735e+00 2.767e+00 2.796e+00 2.823e+00 2.848e+00 2.872e+00
 2.895e+00 2.917e+00 2.940e+00 2.962e+00 2.985e+00 3.008e+00 3.033e+00 3.060e+00
 3.088e+00 3.118e+00 3.151e+00 3.185e+00 3.220e+00 3.258e+00 3.296e+00 3.336e+00
 3.376e+00 3.416e+00 3.455e+00 3.494e+00 3.532e+00 3.568e+00 3.602e+00 3.635e+00
 3.665e+00 3.693e+00 3.719e+00 3.743e+00 3.766e+00 3.786e+00 3.804e+00 3.821e+00
 3.836e+00 3.850e+00 3.863e+00 3.874e+00 3.885e+00 3.894e+00 3.902e+00 3.910e+00
 3.917e+00 3.923e+00 3.929e+00 3.934e+00 3.939e+00 3.943e+00 3.947e+00 3.951e+00
 3.954e+00 3.957e+00 3.960e+00 3.962e+00 3.965e+00 3.967e+00 3.969e+00 3.971e+00
 3.972e+00 3.974e+00 3.975e+00 3.977e+00 3.978e+00 3.979e+00 3.980e+00 3.981e+00
 3.982e+00 3.983e+00 3.984e+00 3.985e+00 3.985e+00 3.986e+00 3.987e+00 3.987e+00
 3.988e+00 3.988e+00 3.989e+00 3.989e+00 3.989e+00 3.990e+00 3.990e+00 3.991e+00
 3.991e+00 3.991e+00 3.991e+00 3.992e+00 3.992e+00 3.992e+00 3.992e+00 3.993e+00
 3.993e+00 3.993e+00 3.993e+00 3.993e+00 3.994e+00 3.994e+00 3.994e+00 3.994e+00
 3.994e+00 3.994e+00 3.994e+00 3.995e+00 3.995e+00 3.995e+00 3.995e+00 3.995e+00
 3.995e+00 3.995e+00 3.995e+00 3.995e+00 3.995e+00 3.996e+00 3.996e+00 3.996e+00
 3.996e+00 3.996e+00 3.996e+00 3.996e+00 3.996e+00 3.996e+00 3.996e+00 3.996e+00
 3.996e+00 3.996e+00 3.996e+00 3.996e+00 3.996e+00 3.996e+00 3.996e+00 3.996e+00
 3.996e+00 3.997e+00 3.997e+00 3.997e+00 3.997e+00 3.997e+00 3.997e+00 3.997e+00
 3.997e+00 3.997e+00 3.997e+00 3.997e+00 3.997e+00 3.997e+00 3.997e+00 3.997e+00
 3.997e+00 3.997e+00 3.997e+00 3.997e+00 3.997e+00 3.997e+00 3.997e+00 3.997e+00
 3.997e+00 3.997e+00 3.997e+00 3.997e+00 3.997e+00 3.997e+00 3.997e+00 3.997e+00
 3.997e+00 3.997e+00 3.997e+00 3.997e+00 3.997e+00 3.997e+00 3.997e+00 3.997e+00
 3.997e+00 3.997e+00 3.997e+00 3.997e+00 3.997e+00 3.997e+00 3.997e+00 3.997e+00
 3.997e+00 3.997e+00 3.997e+00 3.997e+00 3.997e+00 3.997e+00 3.997e+00 3.997e+00
 3.997e+00 3.997e+00 3.997e+00 3.997e+00 3.997e+00 3.997e+00 3.997e+00 3.997e+00
 3.997e+00 3.997e+00 3.997e+00 3.997e+00 3.997e+00 3.997e+00 3.997e+00 3.997e+00
 3.997e+00 3.997e+00 3.997e+00 3.997e+00 3.997e+00 3.997e+00 3.997e+00 3.997e+00
 3.996e+00 3.996e+00 3.996e+00 3.996e+00 3.996e+00 3.996e+00 3.996e+00 3.996e+00
 3.996e+00 3.996e+00 3.996e+00 3.996e+00 3.996e+00 3.996e+00 3.996e+00 3.996e+00
 3.996e+00 3.996e+00 3.996e+00 3.996e+00 3.996e+00 3.996e+00 3.996e+00 3.996e+00
 3.996e+00 3.996e+00 3.996e+00 3.996e+00 3.996e+00 3.996e+00 3.996e+00 3.996e+00
 3.996e+00 3.996e+00 3.996e+00 3.996e+00 3.996e+00 3.996e+00 3.996e+00 3.996e+00
 3.996e+00 3.996e+00 3.996e+00 3.996e+00 3.996e+00 3.996e+00 3.995e+00 3.995e+00
 3.995e+00 3.995e+00 3.995e+00 3.995e+00 3.995e+00 3.995e+00 3.995e+00 3.995e+00
 3.995e+00 3.995e+00 3.995e+00 3.995e+00 3.995e+00 3.995e+00 3.995e+00 3.995e+00
 3.995e+00 3.995e+00 3.995e+00 3.995e+00 3.995e+00 3.995e+00 3.995e+00 3.995e+00
 3.995e+00 3.995e+00 3.995e+00 3.995e+00 3.995e+00 3.995e+00 3.995e+00 3.995e+00
 3.994e+00 3.994e+00 3.994e+00 3.994e+00 3.994e+00 3.994e+00 3.994e+00 3.994e+00
 3.994e+00 3.994e+00 3.994e+00 3.994e+00 3.994e+00 3.994e+00 3.994e+00 3.994e+00
 3.994e+00 3.994e+00 3.994e+00 3.994e+00 3.994e+00 3.994e+00 3.994e+00 3.994e+00
 3.994e+00 3.994e+00 3.994e+00 3.994e+00 3.993e+00 3.993e+00 3.993e+00 3.993e+00
 3.993e+00 3.993e+00 3.993e+00 3.993e+00 3.993e+00 3.993e+00 3.993e+00 3.993e+00
 3.993e+00 3.993e+00 3.993e+00 3.993e+00 3.993e+00 3.993e+00 3.993e+00 3.993e+00
 3.993e+00 3.993e+00 3.993e+00 3.993e+00 3.992e+00 3.992e+00 3.992e+00 3.992e+00
 3.992e+00 3.992e+00 3.992e+00 3.992e+00 3.992e+00 3.992e+00 3.992e+00 3.992e+00
 3.992e+00 3.992e+00 3.992e+00 3.992e+00 3.992e+00 3.992e+00 3.992e+00 3.992e+00
 3.991e+00 3.991e+00 3.991e+00 3.991e+00 3.991e+00 3.991e+00 3.991e+00 3.991e+00
 3.991e+00 3.991e+00 3.991e+00 3.991e+00 3.991e+00 3.991e+00 3.991e+00 3.991e+00
 3.991e+00 3.991e+00 3.990e+00 3.990e+00 3.990e+00 3.990e+00 3.990e+00 3.990e+00
 3.990e+00 3.990e+00 3.990e+00 3.990e+00 3.990e+00 3.990e+00 3.990e+00 3.990e+00
 3.990e+00 3.990e+00 3.990e+00 3.989e+00 3.989e+00 3.989e+00 3.989e+00 3.989e+00
 3.989e+00 3.989e+00 3.989e+00 3.989e+00 3.989e+00 3.989e+00 3.989e+00 3.989e+00
sqrt(<Z^2>) for tau[ms]=  100.0
 6.516e-06 1.049e-05 1.675e-05 2.655e-05 4.169e-05 6.484e-05 9.980e-05 1.519e-04
 2.285e-04 3.397e-04 4.989e-04 7.245e-04 1.041e-03 1.479e-03 2.079e-03 2.895e-03
 3.991e-03 5.451e-03 7.379e-03 9.902e-03 1.318e-02 1.739e-02 2.279e-02 2.963e-02
 3.826e-02 4.906e-02 6.251e-02 7.913e-02 9.956e-02 1.245e-01 1.546e-01 1.907e-01
 2.333e-01 2.827e-01 3.391e-01 4.017e-01 4.690e-01 5.390e-01 6.087e-01 6.753e-01
 7.360e-01 7.891e-01 8.339e-01 8.705e-01 8.997e-01 9.225e-01 9.402e-01 9.537e-01
 9.641e-01 9.721e-01 9.782e-01 9.829e-01 9.866e-01 9.895e-01 9.919e-01 9.939e-01
 9.957e-01 9.975e-01 9.994e-01 1.002e+00 1.004e+00 1.008e+00 1.013e+00 1.019e+00
 1.028e+00 1.040e+00 1.055e+00 1.076e+00 1.102e+00 1.135e+00 1.175e+00 1.222e+00
 1.277e+00 1.337e+00 1.402e+00 1.468e+00 1.535e+00 1.599e+00 1.658e+00 1.712e+00
 1.760e+00 1.801e+00 1.836e+00 1.865e+00 1.890e+00 1.910e+00 1.926e+00 1.939e+00
 1.950e+00 1.959e+00 1.966e+00 1.972e+00 1.977e+00 1.981e+00 1.984e+00 1.987e+00
 1.989e+00 1.990e+00 1.992e+00 1.993e+00 1.994e+00 1.995e+00 1.996e+00 1.996e+00
 1.997e+00 1.997e+00 1.998e+00 1.998e+00 1.998e+00 1.998e+00 1.999e+00 1.999e+00
 1.999e+00 1.999e+00 1.999e+00 1.999e+00 1.999e+00 1.999e+00 1.999e+00 2.000e+00
 2.000e+00 2.000e+00 2.000e+00 2.000e+00 2.000e+00 2.000e+00 2.000e+00 2.000e+00
 2.000e+00 2.000e+00 2.000e+00 2.000e+00 2.000e+00 2.000e+00 2.000e+00 2.000e+00
 2.000e+00 2.000e+00 2.000e+00 2.000e+00 2.000e+00 2.000e+00 2.000e+00 2.000e+00
 2.000e+00 2.000e+00 2.000e+00 2.000e+00 2.000e+00 2.000e+00 2.000e+00 2.001e+00
 2.001e+00 2.001e+00 2.002e+00 2.003e+00 2.004e+00 2.005e+00 2.008e+00 2.011e+00
 2.015e+00 2.020e+00 2.027e+00 2.037e+00 2.048e+00 2.064e+00 2.083e+00 2.106e+00
 2.134e+00 2.167e+00 2.205e+00 2.248e+00 2.295e+00 2.346e+00 2.399e+00 2.453e+00
 2.507e+00 2.559e+00 2.609e+00 2.655e+00 2.698e+00 2.738e+00 2.773e+00 2.804e+00
 2.833e+00 2.858e+00 2.881e+00 2.903e+00 2.922e+00 2.941e+00 2.960e+00 2.978e+00
 2.998e+00 3.018e+00 3.040e+00 3.064e+00 3.090e+00 3.119e+00 3.150e+00 3.185e+00
 3.222e+00 3.261e+00 3.303e+00 3.347e+00 3.391e+00 3.436e+00 3.480e+00 3.524e+00
 3.566e+00 3.607e+00 3.645e+00 3.680e+00 3.713e+00 3.743e+00 3.770e+00 3.795e+00
 3.817e+00 3.837e+00 3.854e+00 3.870e+00 3.884e+00 3.896e+00 3.907e+00 3.917e+00
 3.925e+00 3.933e+00 3.940e+00 3.946e+00 3.951e+00 3.956e+00 3.960e+00 3.964e+00
 3.967e+00 3.970e+00 3.973e+00 3.975e+00 3.977e+00 3.979e+00 3.981e+00 3.982e+00
 3.984e+00 3.985e+00 3.986e+00 3.987e+00 3.988e+00 3.989e+00 3.990e+00 3.991e+00
 3.991e+00 3.992e+00 3.992e+00 3.993e+00 3.993e+00 3.994e+00 3.994e+00 3.995e+00
 3.995e+00 3.995e+00 3.996e+00 3.996e+00 3.996e+00 3.996e+00 3.996e+00 3.997e+00
 3.997e+00 3.997e+00 3.997e+00 3.997e+00 3.997e+00 3.998e+00 3.998e+00 3.998e+00
 3.998e+00 3.998e+00 3.998e+00 3.998e+00 3.998e+00 3.998e+00 3.998e+00 3.998e+00
 3.999e+00 3.999e+00 3.999e+00 3.999e+00 3.999e+00 3.999e+00 3.999e+00 3.999e+00
 3.999e+00 3.999e+00 3.999e+00 3.999e+00 3.999e+00 3.999e+00 3.999e+00 3.999e+00
 3.999e+00 3.999e+00 3.999e+00 3.999e+00 3.999e+00 3.999e+00 3.999e+00 3.999e+00
 3.999e+00 3.999e+00 3.999e+00 3.999e+00 3.999e+00 3.999e+00 3.999e+00 3.999e+00
 3.999e+00 3.999e+00 3.999e+00 3.999e+00 3.999e+00 3.999e+00 3.999e+00 3.999e+00
 3.999e+00 4.000e+00 4.000e+00 4.000e+00 4.000e+00 4.000e+00 4.000e+00 4.000e+00
 4.000e+00 4.000e+00 4.000e+00 4.000e+00 4.000e+00 4.000e+00 4.000e+00 4.000e+00
 4.000e+00 4.000e+00 4.000e+00 4.000e+00 4.000e+00 4.000e+00 4.000e+00 4.000e+00
 4.000e+00 4.000e+00 4.000e+00 4.000e+00 4.000e+00 4.000e+00 4.000e+00 4.000e+00
 4.000e+00 4.000e+00 4.000e+00 4.000e+00 4.000e+00 4.000e+00 4.000e+00 4.000e+00
 4.000e+00 4.000e+00 4.000e+00 4.000e+00 4.000e+00 4.000e+00 4.000e+00 4.000e+00
 4.000e+00 4.000e+00 4.000e+00 4.000e+00 4.000e+00 4.000e+00 4.000e+00 4.000e+00
 4.000e+00 4.000e+00 4.000e+00 4.000e+00 4.000e+00 4.000e+00 4.000e+00 4.000e+00
 4.000e+00 4.000e+00 4.000e+00 4.000e+00 4.000e+00 4.000e+00 4.000e+00 4.000e+00
 4.000e+00 4.000e+00 4.000e+00 4.000e+00 4.000e+00 4.000e+00 4.000e+00 4.000e+00
 4.000e+00 4.000e+00 4.000e+00 4.000e+00 4.000e+00 4.000e+00 4.000e+00 4.000e+00
 4.000e+00 4.000e+00 4.000e+00 4.000e+00 4.000e+00 4.000e+00 4.000e+00 4.000e+00
 4.000e+00 4.000e+00 4.000e+00 4.000e+00 4.000e+00 4.000e+00 4.000e+00 4.000e+00
 4.000e+00 4.000e+00 4.000e+00 4.000e+00 4.000e+00 4.000e+00 4.000e+00 4.000e+00
 4.000e+00 4.000e+00 4.000e+00 4.000e+00 4.000e+00 4.000e+00 4.000e+00 4.000e+00
 4.000e+00 4.000e+00 4.000e+00 4.000e+00 4.000e+00 4.000e+00 4.000e+00 4.000e+00
 4.000e+00 4.000e+00 4.000e+00 4.000e+00 4.000e+00 4.000e+00 4.000e+00 4.000e+00
 4.000e+00 4.000e+00 4.000e+00 4.000e+00 4.000e+00 4.000e+00 3.999e+00 3.999e+00
 3.999e+00 3.999e+00 3.999e+00 3.999e+00 3.999e+00 3.999e+00 3.999e+00 3.999e+00
 3.999e+00 3.999e+00 3.999e+00 3.999e+00 3.999e+00 3.999e+00 3.999e+00 3.999e+00
 3.999e+00 3.999e+00 3.999e+00 3.999e+00 3.999e+00 3.999e+00 3.999e+00 3.999e+00
 3.999e+00 3.999e+00 3.999e+00 3.999e+00 3.999e+00 3.999e+00 3.999e+00 3.999e+00
 3.999e+00 3.999e+00 3.999e+00 3.999e+00 3.999e+00 3.999e+00 3.999e+00 3.999e+00
 3.999e+00 3.999e+00 3.999e+00 3.999e+00 3.999e+00 3.999e+00 3.999e+00 3.999e+00
 3.999e+00 3.999e+00 3.999e+00 3.999e+00 3.999e+00 3.999e+00 3.999e+00 3.999e+00
 3.999e+00 3.999e+00 3.999e+00 3.999e+00 3.999e+00 3.999e+00 3.999e+00 3.999e+00
 3.999e+00 3.999e+00 3.999e+00 3.999e+00 3.999e+00 3.999e+00 3.999e+00 3.999e+00
 3.999e+00 3.999e+00 3.999e+00 3.999e+00 3.999e+00 3.999e+00 3.999e+00 3.999e+00
 3.999e+00 3.999e+00 3.999e+00 3.999e+00 3.999e+00 3.999e+00 3.999e+00 3.999e+00
 3.999e+00 3.999e+00 3.999e+00 3.999e+00 3.999e+00 3.999e+00 3.999e+00 3.999e+00
 3.999e+00 3.999e+00 3.999e+00 3.999e+00 3.999e+00 3.999e+00 3.999e+00 3.999e+00
 3.999e+00 3.999e+00 3.999e+00 3.999e+00 3.999e+00 3.999e+00 3.999e+00 3.999e+00
 3.999e+00 3.999e+00 3.999e+00 3.999e+00 3.999e+00 3.999e+00 3.999e+00 3.999e+00
 3.999e+00 3.999e+00 3.999e+00 3.999e+00 3.999e+00 3.999e+00 3.999e+00 3.999e+00
 3.999e+00 3.999e+00 3.999e+00 3.999e+00 3.999e+00 3.999e+00 3.999e+00 3.999e+00
sqrt(<Z^2>) for tau[ms]= 1000.0
 6.519e-06 1.049e-05 1.676e-05 2.656e-05 4.171e-05 6.488e-05 9.987e-05 1.520e-04
 2.287e-04 3.399e-04 4.994e-04 7.253e-04 1.042e-03 1.480e-03 2.082e-03 2.899e-03
 3.997e-03 5.460e-03 7.392e-03 9.920e-03 1.320e-02 1.743e-02 2.284e-02 2.971e-02
 3.836e-02 4.921e-02 6.271e-02 7.940e-02 9.991e-02 1.249e-01 1.552e-01 1.915e-01
 2.343e-01 2.841e-01 3.407e-01 4.036e-01 4.713e-01 5.415e-01 6.114e-01 6.780e-01
 7.387e-01 7.916e-01 8.362e-01 8.725e-01 9.014e-01 9.239e-01 9.414e-01 9.547e-01
 9.650e-01 9.728e-01 9.788e-01 9.834e-01 9.870e-01 9.898e-01 9.922e-01 9.941e-01
 9.959e-01 9.977e-01 9.996e-01 1.002e+00 1.005e+00 1.008e+00 1.013e+00 1.020e+00
 1.029e+00 1.041e+00 1.057e+00 1.077e+00 1.104e+00 1.138e+00 1.178e+00 1.227e+00
 1.282e+00 1.343e+00 1.409e+00 1.476e+00 1.543e+00 1.607e+00 1.666e+00 1.720e+00
 1.767e+00 1.807e+00 1.842e+00 1.870e+00 1.894e+00 1.913e+00 1.929e+00 1.942e+00
 1.953e+00 1.961e+00 1.968e+00 1.974e+00 1.978e+00 1.982e+00 1.985e+00 1.987e+00
 1.989e+00 1.991e+00 1.992e+00 1.994e+00 1.995e+00 1.995e+00 1.996e+00 1.997e+00
 1.997e+00 1.997e+00 1.998e+00 1.998e+00 1.998e+00 1.999e+00 1.999e+00 1.999e+00
 1.999e+00 1.999e+00 1.999e+00 1.999e+00 1.999e+00 1.999e+00 2.000e+00 2.000e+00
 2.000e+00 2.000e+00 2.000e+00 2.000e+00 2.000e+00 2.000e+00 2.000e+00 2.000e+00
 2.000e+00 2.000e+00 2.000e+00 2.000e+00 2.000e+00 2.000e+00 2.000e+00 2.000e+00
 2.000e+00 2.000e+00 2.000e+00 2.000e+00 2.000e+00 2.000e+00 2.000e+00 2.000e+00
 2.000e+00 2.000e+00 2.000e+00 2.000e+00 2.000e+00 2.000e+00 2.000e+00 2.001e+00
 2.001e+00 2.001e+00 2.002e+00 2.003e+00 2.004e+00 2.006e+00 2.008e+00 2.012e+00
 2.016e+00 2.022e+00 2.030e+00 2.041e+00 2.054e+00 2.071e+00 2.092e+00 2.117e+00
 2.148e+00 2.185e+00 2.226e+00 2.272e+00 2.323e+00 2.376e+00 2.431e+00 2.487e+00
 2.541e+00 2.593e+00 2.642e+00 2.688e+00 2.729e+00 2.766e+00 2.799e+00 2.828e+00
 2.855e+00 2.878e+00 2.900e+00 2.919e+00 2.938e+00 2.956e+00 2.973e+00 2.992e+00
 3.011e+00 3.031e+00 3.054e+00 3.078e+00 3.105e+00 3.135e+00 3.168e+00 3.204e+00
 3.243e+00 3.284e+00 3.327e+00 3.372e+00 3.417e+00 3.463e+00 3.508e+00 3.552e+00
 3.594e+00 3.633e+00 3.671e+00 3.705e+00 3.737e+00 3.765e+00 3.791e+00 3.814e+00
 3.835e+00 3.854e+00 3.870e+00 3.885e+00 3.897e+00 3.909e+00 3.919e+00 3.928e+00
 3.935e+00 3.942e+00 3.948e+00 3.954e+00 3.958e+00 3.962e+00 3.966e+00 3.969e+00
 3.972e+00 3.975e+00 3.977e+00 3.979e+00 3.981e+00 3.983e+00 3.984e+00 3.986e+00
 3.987e+00 3.988e+00 3.989e+00 3.990e+00 3.991e+00 3.991e+00 3.992e+00 3.993e+00
 3.993e+00 3.994e+00 3.994e+00 3.995e+00 3.995e+00 3.995e+00 3.996e+00 3.996e+00
 3.996e+00 3.997e+00 3.997e+00 3.997e+00 3.997e+00 3.997e+00 3.997e+00 3.998e+00
 3.998e+00 3.998e+00 3.998e+00 3.998e+00 3.998e+00 3.998e+00 3.998e+00 3.999e+00
 3.999e+00 3.999e+00 3.999e+00 3.999e+00 3.999e+00 3.999e+00 3.999e+00 3.999e+00
 3.999e+00 3.999e+00 3.999e+00 3.999e+00 3.999e+00 3.999e+00 3.999e+00 3.999e+00
 3.999e+00 3.999e+00 3.999e+00 3.999e+00 3.999e+00 3.999e+00 4.000e+00 4.000e+00
 4.000e+00 4.000e+00 4.000e+00 4.000e+00 4.000e+00 4.000e+00 4.000e+00 4.000e+00
 4.000e+00 4.000e+00 4.000e+00 4.000e+00 4.000e+00 4.000e+00 4.000e+00 4.000e+00
 4.000e+00 4.000e+00 4.000e+00 4.000e+00 4.000e+00 4.000e+00 4.000e+00 4.000e+00
 4.000e+00 4.000e+00 4.000e+00 4.000e+00 4.000e+00 4.000e+00 4.000e+00 4.000e+00
 4.000e+00 4.000e+00 4.000e+00 4.000e+00 4.000e+00 4.000e+00 4.000e+00 4.000e+00
 4.000e+00 4.000e+00 4.000e+00 4.000e+00 4.000e+00 4.000e+00 4.000e+00 4.000e+00
 4.000e+00 4.000e+00 4.000e+00 4.000e+00 4.000e+00 4.000e+00 4.000e+00 4.000e+00
 4.000e+00 4.000e+00 4.000e+00 4.000e+00 4.000e+00 4.000e+00 4.000e+00 4.000e+00
 4.000e+00 4.000e+00 4.000e+00 4.000e+00 4.000e+00 4.000e+00 4.000e+00 4.000e+00
 4.000e+00 4.000e+00 4.000e+00 4.000e+00 4.000e+00 4.000e+00 4.000e+00 4.000e+00
 4.000e+00 4.000e+00 4.000e+00 4.000e+00 4.000e+00 4.000e+00 4.000e+00 4.000e+00
 4.000e+00 4.000e+00 4.000e+00 4.000e+00 4.000e+00 4.000e+00 4.000e+00 4.000e+00
 4.000e+00 4.000e+00 4.000e+00 4.000e+00 4.000e+00 4.000e+00 4.000e+00 4.000e+00
 4.000e+00 4.000e+00 4.000e+00 4.000e+00 4.000e+00 4.000e+00 4.000e+00 4.000e+00
 4.000e+00 4.000e+00 4.000e+00 4.000e+00 4.000e+00 4.000e+00 4.000e+00 4.000e+00
 4.000e+00 4.000e+00 4.000e+00 4.000e+00 4.000e+00 4.000e+00 4.000e+00 4.000e+00
 4.000e+00 4.000e+00 4.000e+00 4.000e+00 4.000e+00 4.000e+00 4.000e+00 4.000e+00
 4.000e+00 4.000e+00 4.000e+00 4.000e+00 4.000e+00 4.000e+00 4.000e+00 4.000e+00
 4.000e+00 4.000e+00 4.000e+00 4.000e+00 4.000e+00 4.000e+00 4.000e+00 4.000e+00
 4.000e+00 4.000e+00 4.000e+00 4.000e+00 4.000e+00 4.000e+00 4.000e+00 4.000e+00
 4.000e+00 4.000e+00 4.000e+00 4.000e+00 4.000e+00 4.000e+00 4.000e+00 4.000e+00
 4.000e+00 4.000e+00 4.000e+00 4.000e+00 4.000e+00 4.000e+00 4.000e+00 4.000e+00
 4.000e+00 4.000e+00 4.000e+00 4.000e+00 4.000e+00 4.000e+00 4.000e+00 4.000e+00
 4.000e+00 4.000e+00 4.000e+00 4.000e+00 4.000e+00 4.000e+00 4.000e+00 4.000e+00
 4.000e+00 4.000e+00 4.000e+00 4.000e+00 4.000e+00 4.000e+00 4.000e+00 4.000e+00
 4.000e+00 4.000e+00 4.000e+00 4.000e+00 4.000e+00 4.000e+00 4.000e+00 4.000e+00
 4.000e+00 4.000e+00 4.000e+00 4.000e+00 4.000e+00 4.000e+00 4.000e+00 4.000e+00
 4.000e+00 4.000e+00 4.000e+00 4.000e+00 4.000e+00 4.000e+00 4.000e+00 4.000e+00
 4.000e+00 4.000e+00 4.000e+00 4.000e+00 4.000e+00 4.000e+00 4.000e+00 4.000e+00
 4.000e+00 4.000e+00 4.000e+00 4.000e+00 4.000e+00 4.000e+00 4.000e+00 4.000e+00
 4.000e+00 4.000e+00 4.000e+00 4.000e+00 4.000e+00 4.000e+00 4.000e+00 4.000e+00
 4.000e+00 4.000e+00 4.000e+00 4.000e+00 4.000e+00 4.000e+00 4.000e+00 4.000e+00
 4.000e+00 4.000e+00 4.000e+00 4.000e+00 4.000e+00 4.000e+00 4.000e+00 4.000e+00
 4.000e+00 4.000e+00 4.000e+00 4.000e+00 4.000e+00 4.000e+00 4.000e+00 4.000e+00
 4.000e+00 4.000e+00 4.000e+00 4.000e+00 4.000e+00 4.000e+00 4.000e+00 4.000e+00
 4.000e+00 4.000e+00 4.000e+00 4.000e+00 4.000e+00 4.000e+00 4.000e+00 4.000e+00
 4.000e+00 4.000e+00 4.000e+00 4.000e+00 4.000e+00 4.000e+00 4.000e+00 4.000e+00
 4.000e+00 4.000e+00 4.000e+00 4.000e+00 4.000e+00 4.000e+00 4.000e+00 4.000e+00
sqrt(<Z^2>) in equilibrium - infinite confinement
 6.519e-06 1.049e-05 1.676e-05 2.656e-05 4.172e-05 6.489e-05 9.988e-05 1.520e-04
 2.287e-04 3.400e-04 4.994e-04 7.254e-04 1.042e-03 1.481e-03 2.082e-03 2.899e-03
 3.998e-03 5.461e-03 7.393e-03 9.922e-03 1.321e-02 1.744e-02 2.285e-02 2.971e-02
 3.837e-02 4.922e-02 6.273e-02 7.943e-02 9.995e-02 1.250e-01 1.553e-01 1.916e-01
 2.344e-01 2.842e-01 3.409e-01 4.038e-01 4.715e-01 5.418e-01 6.117e-01 6.783e-01
 7.390e-01 7.919e-01 8.364e-01 8.727e-01 9.015e-01 9.241e-01 9.415e-01 9.548e-01
 9.650e-01 9.728e-01 9.788e-01 9.834e-01 9.870e-01 9.899e-01 9.922e-01 9.942e-01
 9.959e-01 9.977e-01 9.996e-01 1.002e+00 1.005e+00 1.008e+00 1.013e+00 1.020e+00
 1.029e+00 1.041e+00 1.057e+00 1.078e+00 1.104e+00 1.138e+00 1.179e+00 1.227e+00
 1.283e+00 1.344e+00 1.409e+00 1.477e+00 1.543e+00 1.607e+00 1.667e+00 1.720e+00
 1.767e+00 1.808e+00 1.842e+00 1.871e+00 1.895e+00 1.914e+00 1.930e+00 1.943e+00
 1.953e+00 1.961e+00 1.968e+00 1.974e+00 1.978e+00 1.982e+00 1.985e+00 1.987e+00
 1.990e+00 1.991e+00 1.993e+00 1.994e+00 1.995e+00 1.995e+00 1.996e+00 1.997e+00
 1.997e+00 1.998e+00 1.998e+00 1.998e+00 1.998e+00 1.999e+00 1.999e+00 1.999e+00
 1.999e+00 1.999e+00 1.999e+00 1.999e+00 1.999e+00 1.999e+00 2.000e+00 2.000e+00
 2.000e+00 2.000e+00 2.000e+00 2.000e+00 2.000e+00 2.000e+00 2.000e+00 2.000e+00
 2.000e+00 2.000e+00 2.000e+00 2.000e+00 2.000e+00 2.000e+00 2.000e+00 2.000e+00
 2.000e+00 2.000e+00 2.000e+00 2.000e+00 2.000e+00 2.000e+00 2.000e+00 2.000e+00
 2.000e+00 2.000e+00 2.000e+00 2.000e+00 2.000e+00 2.000e+00 2.000e+00 2.001e+00
 2.001e+00 2.001e+00 2.002e+00 2.003e+00 2.004e+00 2.006e+00 2.009e+00 2.012e+00
 2.016e+00 2.023e+00 2.031e+00 2.041e+00 2.055e+00 2.072e+00 2.093e+00 2.119e+00
 2.150e+00 2.187e+00 2.229e+00 2.275e+00 2.326e+00 2.380e+00 2.435e+00 2.491e+00
 2.545e+00 2.598e+00 2.646e+00 2.691e+00 2.732e+00 2.769e+00 2.802e+00 2.831e+00
 2.857e+00 2.881e+00 2.902e+00 2.921e+00 2.940e+00 2.957e+00 2.975e+00 2.993e+00
 3.012e+00 3.033e+00 3.055e+00 3.080e+00 3.107e+00 3.137e+00 3.170e+00 3.206e+00
 3.245e+00 3.287e+00 3.330e+00 3.375e+00 3.420e+00 3.466e+00 3.511e+00 3.555e+00
 3.597e+00 3.637e+00 3.674e+00 3.708e+00 3.739e+00 3.768e+00 3.794e+00 3.817e+00
 3.837e+00 3.856e+00 3.872e+00 3.886e+00 3.899e+00 3.910e+00 3.920e+00 3.929e+00
 3.936e+00 3.943e+00 3.949e+00 3.954e+00 3.959e+00 3.963e+00 3.967e+00 3.970e+00
 3.973e+00 3.975e+00 3.978e+00 3.980e+00 3.982e+00 3.983e+00 3.985e+00 3.986e+00
 3.987e+00 3.988e+00 3.989e+00 3.990e+00 3.991e+00 3.992e+00 3.992e+00 3.993e+00
 3.993e+00 3.994e+00 3.994e+00 3.995e+00 3.995e+00 3.996e+00 3.996e+00 3.996e+00
 3.996e+00 3.997e+00 3.997e+00 3.997e+00 3.997e+00 3.997e+00 3.998e+00 3.998e+00
 3.998e+00 3.998e+00 3.998e+00 3.998e+00 3.998e+00 3.998e+00 3.999e+00 3.999e+00
 3.999e+00 3.999e+00 3.999e+00 3.999e+00 3.999e+00 3.999e+00 3.999e+00 3.999e+00
 3.999e+00 3.999e+00 3.999e+00 3.999e+00 3.999e+00 3.999e+00 3.999e+00 3.999e+00
 3.999e+00 3.999e+00 3.999e+00 3.999e+00 4.000e+00 4.000e+00 4.000e+00 4.000e+00
 4.000e+00 4.000e+00 4.000e+00 4.000e+00 4.000e+00 4.000e+00 4.000e+00 4.000e+00
 4.000e+00 4.000e+00 4.000e+00 4.000e+00 4.000e+00 4.000e+00 4.000e+00 4.000e+00
 4.000e+00 4.000e+00 4.000e+00 4.000e+00 4.000e+00 4.000e+00 4.000e+00 4.000e+00
 4.000e+00 4.000e+00 4.000e+00 4.000e+00 4.000e+00 4.000e+00 4.000e+00 4.000e+00
 4.000e+00 4.000e+00 4.000e+00 4.000e+00 4.000e+00 4.000e+00 4.000e+00 4.000e+00
 4.000e+00 4.000e+00 4.000e+00 4.000e+00 4.000e+00 4.000e+00 4.000e+00 4.000e+00
 4.000e+00 4.000e+00 4.000e+00 4.000e+00 4.000e+00 4.000e+00 4.000e+00 4.000e+00
 4.000e+00 4.000e+00 4.000e+00 4.000e+00 4.000e+00 4.000e+00 4.000e+00 4.000e+00
 4.000e+00 4.000e+00 4.000e+00 4.000e+00 4.000e+00 4.000e+00 4.000e+00 4.000e+00
 4.000e+00 4.000e+00 4.000e+00 4.000e+00 4.000e+00 4.000e+00 4.000e+00 4.000e+00
 4.000e+00 4.000e+00 4.000e+00 4.000e+00 4.000e+00 4.000e+00 4.000e+00 4.000e+00
 4.000e+00 4.000e+00 4.000e+00 4.000e+00 4.000e+00 4.000e+00 4.000e+00 4.000e+00
 4.000e+00 4.000e+00 4.000e+00 4.000e+00 4.000e+00 4.000e+00 4.000e+00 4.000e+00
 4.000e+00 4.000e+00 4.000e+00 4.000e+00 4.000e+00 4.000e+00 4.000e+00 4.000e+00
 4.000e+00 4.000e+00 4.000e+00 4.000e+00 4.000e+00 4.000e+00 4.000e+00 4.000e+00
 4.000e+00 4.000e+00 4.000e+00 4.000e+00 4.000e+00 4.000e+00 4.000e+00 4.000e+00
 4.000e+00 4.000e+00 4.000e+00 4.000e+00 4.000e+00 4.000e+00 4.000e+00 4.000e+00
 4.000e+00 4.000e+00 4.000e+00 4.000e+00 4.000e+00 4.000e+00 4.000e+00 4.000e+00
 4.000e+00 4.000e+00 4.000e+00 4.000e+00 4.000e+00 4.000e+00 4.000e+00 4.000e+00
 4.000e+00 4.000e+00 4.000e+00 4.000e+00 4.000e+00 4.000e+00 4.000e+00 4.000e+00
 4.000e+00 4.000e+00 4.000e+00 4.000e+00 4.000e+00 4.000e+00 4.000e+00 4.000e+00
 4.000e+00 4.000e+00 4.000e+00 4.000e+00 4.000e+00 4.000e+00 4.000e+00 4.000e+00
 4.000e+00 4.000e+00 4.000e+00 4.000e+00 4.000e+00 4.000e+00 4.000e+00 4.000e+00
 4.000e+00 4.000e+00 4.000e+00 4.000e+00 4.000e+00 4.000e+00 4.000e+00 4.000e+00
 4.000e+00 4.000e+00 4.000e+00 4.000e+00 4.000e+00 4.000e+00 4.000e+00 4.000e+00
 4.000e+00 4.000e+00 4.000e+00 4.000e+00 4.000e+00 4.000e+00 4.000e+00 4.000e+00
 4.000e+00 4.000e+00 4.000e+00 4.000e+00 4.000e+00 4.000e+00 4.000e+00 4.000e+00
 4.000e+00 4.000e+00 4.000e+00 4.000e+00 4.000e+00 4.000e+00 4.000e+00 4.000e+00
 4.000e+00 4.000e+00 4.000e+00 4.000e+00 4.000e+00 4.000e+00 4.000e+00 4.000e+00
 4.000e+00 4.000e+00 4.000e+00 4.000e+00 4.000e+00 4.000e+00 4.000e+00 4.000e+00
 4.000e+00 4.000e+00 4.000e+00 4.000e+00 4.000e+00 4.000e+00 4.000e+00 4.000e+00
 4.000e+00 4.000e+00 4.000e+00 4.000e+00 4.000e+00 4.000e+00 4.000e+00 4.000e+00
 4.000e+00 4.000e+00 4.000e+00 4.000e+00 4.000e+00 4.000e+00 4.000e+00 4.000e+00
 4.000e+00 4.000e+00 4.000e+00 4.000e+00 4.000e+00 4.000e+00 4.000e+00 4.000e+00
 4.000e+00 4.000e+00 4.000e+00 4.000e+00 4.000e+00 4.000e+00 4.000e+00 4.000e+00
 4.000e+00 4.000e+00 4.000e+00 4.000e+00 4.000e+00 4.000e+00 4.000e+00 4.000e+00
 4.000e+00 4.000e+00 4.000e+00 4.000e+00 4.000e+00 4.000e+00 4.000e+00 4.000e+00
 4.000e+00 4.000e+00 4.000e+00 4.000e+00 4.000e+00 4.000e+00 4.000e+00 4.000e+00
C-------------------------------------------------------------------------------
C
C  The fractional abundance and radiated power were generated from the
C  ADAS installation at UKAEA with the named adf11 files. The adf11 data
C  files may be updated in a later release of ADAS and publicly
C  available versions may be found at https://open.adas.ac.uk/.
C
C  The equilibrium balance data was produced with run_adas405.py and
C  the balance with a confinement time with adas4xx_ionbal_tau.py
C  which are functions from the ADAS library. Details on these codes
C  may be found at: https://www.adas.ac.uk/python_lib/index.html
C
C  Copyright (C) 2023 UK Atomic Energy Authority
C
C  This file was generated for use in the UKAEA systems code PROCESS
C  using a script written by Martin O'Mullane.
C  If acquired without provenance a user is strongly advised
C  to check its validity by re-generating using the adf11 files from
C  the OPEN-ADAS site.
C
C  Produced by : Timothy Nunn
C  Date        : 29-07-26
C
C-------------------------------------------------------------------------------
