Radiated power per atom (W m3) as a function dwell time.
Temperature :      0.2 - 500000.0 eV
Density     : 1.00e+20 m-3
   600     5  # Te values, dwell time

Source data:
acd : /home/adas/adas/adf11/acd96/acd96_c.dat
scd : /home/adas/adas/adf11/scd96/scd96_c.dat
plt : /home/adas/adas/adf11/plt96/plt96_c.dat
prb : /home/adas/adas/adf11/prb96/prb96_c.dat

Te[eV]
 2.500e-01 2.561e-01 2.624e-01 2.688e-01 2.754e-01 2.822e-01 2.891e-01 2.962e-01
 3.035e-01 3.109e-01 3.185e-01 3.263e-01 3.343e-01 3.425e-01 3.509e-01 3.595e-01
 3.683e-01 3.774e-01 3.866e-01 3.961e-01 4.058e-01 4.158e-01 4.260e-01 4.364e-01
 4.471e-01 4.581e-01 4.693e-01 4.808e-01 4.926e-01 5.047e-01 5.170e-01 5.297e-01
 5.427e-01 5.560e-01 5.696e-01 5.836e-01 5.979e-01 6.126e-01 6.276e-01 6.430e-01
 6.587e-01 6.749e-01 6.914e-01 7.084e-01 7.257e-01 7.435e-01 7.618e-01 7.804e-01
 7.996e-01 8.192e-01 8.393e-01 8.598e-01 8.809e-01 9.025e-01 9.247e-01 9.473e-01
 9.706e-01 9.943e-01 1.019e+00 1.044e+00 1.069e+00 1.096e+00 1.122e+00 1.150e+00
 1.178e+00 1.207e+00 1.237e+00 1.267e+00 1.298e+00 1.330e+00 1.362e+00 1.396e+00
 1.430e+00 1.465e+00 1.501e+00 1.538e+00 1.575e+00 1.614e+00 1.654e+00 1.694e+00
 1.736e+00 1.778e+00 1.822e+00 1.867e+00 1.912e+00 1.959e+00 2.007e+00 2.056e+00
 2.107e+00 2.159e+00 2.211e+00 2.266e+00 2.321e+00 2.378e+00 2.436e+00 2.496e+00
 2.557e+00 2.620e+00 2.684e+00 2.750e+00 2.818e+00 2.887e+00 2.957e+00 3.030e+00
 3.104e+00 3.180e+00 3.258e+00 3.338e+00 3.420e+00 3.504e+00 3.590e+00 3.678e+00
 3.768e+00 3.860e+00 3.955e+00 4.052e+00 4.151e+00 4.253e+00 4.357e+00 4.464e+00
 4.574e+00 4.686e+00 4.801e+00 4.918e+00 5.039e+00 5.162e+00 5.289e+00 5.419e+00
 5.551e+00 5.688e+00 5.827e+00 5.970e+00 6.116e+00 6.266e+00 6.420e+00 6.577e+00
 6.738e+00 6.904e+00 7.073e+00 7.246e+00 7.424e+00 7.606e+00 7.792e+00 7.983e+00
 8.179e+00 8.380e+00 8.585e+00 8.796e+00 9.011e+00 9.232e+00 9.459e+00 9.691e+00
 9.928e+00 1.017e+01 1.042e+01 1.068e+01 1.094e+01 1.121e+01 1.148e+01 1.176e+01
 1.205e+01 1.235e+01 1.265e+01 1.296e+01 1.328e+01 1.360e+01 1.394e+01 1.428e+01
 1.463e+01 1.499e+01 1.535e+01 1.573e+01 1.612e+01 1.651e+01 1.692e+01 1.733e+01
 1.776e+01 1.819e+01 1.864e+01 1.909e+01 1.956e+01 2.004e+01 2.053e+01 2.104e+01
 2.155e+01 2.208e+01 2.262e+01 2.318e+01 2.374e+01 2.433e+01 2.492e+01 2.553e+01
 2.616e+01 2.680e+01 2.746e+01 2.813e+01 2.882e+01 2.953e+01 3.025e+01 3.099e+01
 3.175e+01 3.253e+01 3.333e+01 3.415e+01 3.498e+01 3.584e+01 3.672e+01 3.762e+01
 3.854e+01 3.949e+01 4.046e+01 4.145e+01 4.246e+01 4.351e+01 4.457e+01 4.566e+01
 4.678e+01 4.793e+01 4.911e+01 5.031e+01 5.154e+01 5.281e+01 5.410e+01 5.543e+01
 5.679e+01 5.818e+01 5.961e+01 6.107e+01 6.256e+01 6.410e+01 6.567e+01 6.728e+01
 6.893e+01 7.062e+01 7.235e+01 7.412e+01 7.594e+01 7.780e+01 7.971e+01 8.167e+01
 8.367e+01 8.572e+01 8.782e+01 8.997e+01 9.218e+01 9.444e+01 9.676e+01 9.913e+01
 1.016e+02 1.040e+02 1.066e+02 1.092e+02 1.119e+02 1.146e+02 1.174e+02 1.203e+02
 1.233e+02 1.263e+02 1.294e+02 1.326e+02 1.358e+02 1.391e+02 1.426e+02 1.461e+02
 1.496e+02 1.533e+02 1.571e+02 1.609e+02 1.649e+02 1.689e+02 1.730e+02 1.773e+02
 1.816e+02 1.861e+02 1.906e+02 1.953e+02 2.001e+02 2.050e+02 2.100e+02 2.152e+02
 2.205e+02 2.259e+02 2.314e+02 2.371e+02 2.429e+02 2.488e+02 2.549e+02 2.612e+02
 2.676e+02 2.742e+02 2.809e+02 2.878e+02 2.948e+02 3.021e+02 3.095e+02 3.170e+02
 3.248e+02 3.328e+02 3.409e+02 3.493e+02 3.579e+02 3.666e+02 3.756e+02 3.848e+02
 3.943e+02 4.039e+02 4.138e+02 4.240e+02 4.344e+02 4.450e+02 4.559e+02 4.671e+02
 4.786e+02 4.903e+02 5.023e+02 5.146e+02 5.273e+02 5.402e+02 5.534e+02 5.670e+02
 5.809e+02 5.951e+02 6.097e+02 6.247e+02 6.400e+02 6.557e+02 6.718e+02 6.882e+02
 7.051e+02 7.224e+02 7.401e+02 7.582e+02 7.768e+02 7.959e+02 8.154e+02 8.354e+02
 8.559e+02 8.769e+02 8.984e+02 9.204e+02 9.429e+02 9.661e+02 9.897e+02 1.014e+03
 1.039e+03 1.064e+03 1.090e+03 1.117e+03 1.145e+03 1.173e+03 1.201e+03 1.231e+03
 1.261e+03 1.292e+03 1.324e+03 1.356e+03 1.389e+03 1.423e+03 1.458e+03 1.494e+03
 1.531e+03 1.568e+03 1.607e+03 1.646e+03 1.686e+03 1.728e+03 1.770e+03 1.813e+03
 1.858e+03 1.903e+03 1.950e+03 1.998e+03 2.047e+03 2.097e+03 2.149e+03 2.201e+03
 2.255e+03 2.310e+03 2.367e+03 2.425e+03 2.485e+03 2.546e+03 2.608e+03 2.672e+03
 2.737e+03 2.804e+03 2.873e+03 2.944e+03 3.016e+03 3.090e+03 3.166e+03 3.243e+03
 3.323e+03 3.404e+03 3.488e+03 3.573e+03 3.661e+03 3.750e+03 3.842e+03 3.937e+03
 4.033e+03 4.132e+03 4.233e+03 4.337e+03 4.443e+03 4.552e+03 4.664e+03 4.778e+03
 4.895e+03 5.015e+03 5.138e+03 5.264e+03 5.393e+03 5.526e+03 5.661e+03 5.800e+03
 5.942e+03 6.088e+03 6.237e+03 6.390e+03 6.547e+03 6.707e+03 6.872e+03 7.040e+03
 7.213e+03 7.390e+03 7.571e+03 7.756e+03 7.947e+03 8.141e+03 8.341e+03 8.545e+03
 8.755e+03 8.970e+03 9.190e+03 9.415e+03 9.646e+03 9.882e+03 1.012e+04 1.037e+04
 1.063e+04 1.089e+04 1.115e+04 1.143e+04 1.171e+04 1.200e+04 1.229e+04 1.259e+04
 1.290e+04 1.322e+04 1.354e+04 1.387e+04 1.421e+04 1.456e+04 1.492e+04 1.528e+04
 1.566e+04 1.604e+04 1.643e+04 1.684e+04 1.725e+04 1.767e+04 1.811e+04 1.855e+04
 1.901e+04 1.947e+04 1.995e+04 2.044e+04 2.094e+04 2.145e+04 2.198e+04 2.252e+04
 2.307e+04 2.363e+04 2.421e+04 2.481e+04 2.542e+04 2.604e+04 2.668e+04 2.733e+04
 2.800e+04 2.869e+04 2.939e+04 3.011e+04 3.085e+04 3.161e+04 3.238e+04 3.318e+04
 3.399e+04 3.482e+04 3.568e+04 3.655e+04 3.745e+04 3.836e+04 3.931e+04 4.027e+04
 4.126e+04 4.227e+04 4.330e+04 4.437e+04 4.545e+04 4.657e+04 4.771e+04 4.888e+04
 5.008e+04 5.131e+04 5.256e+04 5.385e+04 5.517e+04 5.652e+04 5.791e+04 5.933e+04
 6.078e+04 6.228e+04 6.380e+04 6.537e+04 6.697e+04 6.861e+04 7.029e+04 7.202e+04
 7.378e+04 7.559e+04 7.744e+04 7.934e+04 8.129e+04 8.328e+04 8.532e+04 8.741e+04
 8.956e+04 9.175e+04 9.400e+04 9.631e+04 9.867e+04 1.011e+05 1.036e+05 1.061e+05
 1.087e+05 1.114e+05 1.141e+05 1.169e+05 1.198e+05 1.227e+05 1.257e+05 1.288e+05
 1.320e+05 1.352e+05 1.385e+05 1.419e+05 1.454e+05 1.489e+05 1.526e+05 1.563e+05
 1.602e+05 1.641e+05 1.681e+05 1.722e+05 1.765e+05 1.808e+05 1.852e+05 1.898e+05
 1.944e+05 1.992e+05 2.041e+05 2.091e+05 2.142e+05 2.194e+05 2.248e+05 2.303e+05
 2.360e+05 2.418e+05 2.477e+05 2.538e+05 2.600e+05 2.664e+05 2.729e+05 2.796e+05
 2.864e+05 2.935e+05 3.007e+05 3.080e+05 3.156e+05 3.233e+05 3.312e+05 3.394e+05
 3.477e+05 3.562e+05 3.649e+05 3.739e+05 3.831e+05 3.924e+05 4.021e+05 4.119e+05
 4.220e+05 4.324e+05 4.430e+05 4.538e+05 4.650e+05 4.764e+05 4.880e+05 5.000e+05
Lz[Wm**3] for tau[ms]=    0.1
 3.117e-44 4.774e-44 7.355e-44 1.141e-43 1.782e-43 2.806e-43 4.456e-43 7.140e-43
 1.155e-42 1.886e-42 3.105e-42 5.145e-42 8.572e-42 1.434e-41 2.406e-41 4.041e-41
 6.789e-41 1.139e-40 1.906e-40 3.178e-40 5.271e-40 8.685e-40 1.420e-39 2.300e-39
 3.687e-39 5.841e-39 9.132e-39 1.407e-38 2.135e-38 3.183e-38 4.665e-38 6.724e-38
 9.543e-38 1.335e-37 1.843e-37 2.513e-37 3.387e-37 4.520e-37 5.976e-37 7.837e-37
 1.020e-36 1.321e-36 1.701e-36 2.181e-36 2.788e-36 3.549e-36 4.502e-36 5.687e-36
 7.154e-36 8.960e-36 1.117e-35 1.386e-35 1.711e-35 2.102e-35 2.568e-35 3.119e-35
 3.766e-35 4.520e-35 5.390e-35 6.387e-35 7.521e-35 8.802e-35 1.024e-34 1.184e-34
 1.362e-34 1.559e-34 1.775e-34 2.013e-34 2.274e-34 2.560e-34 2.875e-34 3.221e-34
 3.604e-34 4.028e-34 4.498e-34 5.020e-34 5.601e-34 6.247e-34 6.964e-34 7.759e-34
 8.639e-34 9.611e-34 1.068e-33 1.186e-33 1.315e-33 1.456e-33 1.610e-33 1.777e-33
 1.959e-33 2.157e-33 2.370e-33 2.600e-33 2.847e-33 3.114e-33 3.399e-33 3.706e-33
 4.033e-33 4.384e-33 4.759e-33 5.159e-33 5.586e-33 6.041e-33 6.526e-33 7.042e-33
 7.592e-33 8.176e-33 8.796e-33 9.452e-33 1.015e-32 1.088e-32 1.165e-32 1.245e-32
 1.330e-32 1.418e-32 1.510e-32 1.605e-32 1.704e-32 1.806e-32 1.912e-32 2.021e-32
 2.133e-32 2.248e-32 2.367e-32 2.490e-32 2.615e-32 2.745e-32 2.878e-32 3.014e-32
 3.155e-32 3.299e-32 3.447e-32 3.599e-32 3.754e-32 3.913e-32 4.076e-32 4.242e-32
 4.411e-32 4.583e-32 4.757e-32 4.933e-32 5.109e-32 5.287e-32 5.463e-32 5.639e-32
 5.812e-32 5.982e-32 6.148e-32 6.308e-32 6.462e-32 6.609e-32 6.748e-32 6.877e-32
 6.996e-32 7.105e-32 7.201e-32 7.286e-32 7.357e-32 7.414e-32 7.457e-32 7.485e-32
 7.499e-32 7.497e-32 7.479e-32 7.447e-32 7.400e-32 7.338e-32 7.262e-32 7.172e-32
 7.071e-32 6.957e-32 6.833e-32 6.699e-32 6.556e-32 6.406e-32 6.250e-32 6.090e-32
 5.925e-32 5.757e-32 5.588e-32 5.419e-32 5.249e-32 5.081e-32 4.914e-32 4.750e-32
 4.589e-32 4.432e-32 4.279e-32 4.129e-32 3.985e-32 3.845e-32 3.710e-32 3.580e-32
 3.455e-32 3.335e-32 3.220e-32 3.110e-32 3.005e-32 2.904e-32 2.807e-32 2.715e-32
 2.627e-32 2.543e-32 2.463e-32 2.387e-32 2.314e-32 2.245e-32 2.178e-32 2.115e-32
 2.055e-32 1.998e-32 1.943e-32 1.891e-32 1.841e-32 1.794e-32 1.749e-32 1.705e-32
 1.664e-32 1.625e-32 1.588e-32 1.552e-32 1.519e-32 1.486e-32 1.456e-32 1.427e-32
 1.399e-32 1.373e-32 1.348e-32 1.324e-32 1.302e-32 1.281e-32 1.262e-32 1.243e-32
 1.226e-32 1.210e-32 1.194e-32 1.180e-32 1.168e-32 1.156e-32 1.145e-32 1.135e-32
 1.126e-32 1.118e-32 1.111e-32 1.105e-32 1.100e-32 1.095e-32 1.092e-32 1.089e-32
 1.087e-32 1.086e-32 1.085e-32 1.085e-32 1.086e-32 1.087e-32 1.088e-32 1.091e-32
 1.093e-32 1.096e-32 1.100e-32 1.103e-32 1.107e-32 1.112e-32 1.116e-32 1.121e-32
 1.126e-32 1.131e-32 1.136e-32 1.141e-32 1.146e-32 1.152e-32 1.157e-32 1.162e-32
 1.167e-32 1.172e-32 1.177e-32 1.182e-32 1.187e-32 1.192e-32 1.196e-32 1.201e-32
 1.205e-32 1.209e-32 1.213e-32 1.217e-32 1.220e-32 1.224e-32 1.227e-32 1.230e-32
 1.233e-32 1.235e-32 1.238e-32 1.240e-32 1.243e-32 1.245e-32 1.247e-32 1.249e-32
 1.250e-32 1.252e-32 1.253e-32 1.255e-32 1.256e-32 1.257e-32 1.258e-32 1.259e-32
 1.259e-32 1.260e-32 1.260e-32 1.260e-32 1.260e-32 1.260e-32 1.259e-32 1.259e-32
 1.258e-32 1.257e-32 1.256e-32 1.254e-32 1.253e-32 1.251e-32 1.249e-32 1.247e-32
 1.245e-32 1.242e-32 1.240e-32 1.237e-32 1.234e-32 1.232e-32 1.229e-32 1.226e-32
 1.223e-32 1.220e-32 1.217e-32 1.214e-32 1.211e-32 1.208e-32 1.204e-32 1.201e-32
 1.198e-32 1.195e-32 1.191e-32 1.188e-32 1.184e-32 1.181e-32 1.177e-32 1.174e-32
 1.170e-32 1.166e-32 1.162e-32 1.158e-32 1.154e-32 1.150e-32 1.146e-32 1.142e-32
 1.138e-32 1.134e-32 1.130e-32 1.126e-32 1.121e-32 1.118e-32 1.114e-32 1.110e-32
 1.106e-32 1.102e-32 1.098e-32 1.095e-32 1.091e-32 1.087e-32 1.084e-32 1.080e-32
 1.076e-32 1.073e-32 1.069e-32 1.065e-32 1.062e-32 1.058e-32 1.054e-32 1.051e-32
 1.047e-32 1.043e-32 1.039e-32 1.036e-32 1.032e-32 1.028e-32 1.024e-32 1.021e-32
 1.017e-32 1.013e-32 1.010e-32 1.006e-32 1.003e-32 9.991e-33 9.956e-33 9.922e-33
 9.888e-33 9.854e-33 9.820e-33 9.786e-33 9.753e-33 9.719e-33 9.686e-33 9.652e-33
 9.619e-33 9.585e-33 9.551e-33 9.518e-33 9.484e-33 9.449e-33 9.415e-33 9.380e-33
 9.345e-33 9.309e-33 9.274e-33 9.237e-33 9.201e-33 9.164e-33 9.127e-33 9.091e-33
 9.054e-33 9.017e-33 8.981e-33 8.944e-33 8.908e-33 8.873e-33 8.838e-33 8.803e-33
 8.769e-33 8.735e-33 8.702e-33 8.669e-33 8.636e-33 8.604e-33 8.573e-33 8.541e-33
 8.511e-33 8.480e-33 8.450e-33 8.420e-33 8.390e-33 8.360e-33 8.331e-33 8.302e-33
 8.273e-33 8.244e-33 8.215e-33 8.187e-33 8.159e-33 8.131e-33 8.103e-33 8.075e-33
 8.047e-33 8.020e-33 7.992e-33 7.965e-33 7.938e-33 7.911e-33 7.884e-33 7.857e-33
 7.831e-33 7.804e-33 7.778e-33 7.751e-33 7.725e-33 7.699e-33 7.673e-33 7.647e-33
 7.621e-33 7.595e-33 7.570e-33 7.544e-33 7.519e-33 7.493e-33 7.468e-33 7.443e-33
 7.418e-33 7.393e-33 7.368e-33 7.344e-33 7.319e-33 7.294e-33 7.270e-33 7.246e-33
 7.222e-33 7.197e-33 7.173e-33 7.149e-33 7.126e-33 7.102e-33 7.078e-33 7.055e-33
 7.031e-33 7.008e-33 6.985e-33 6.962e-33 6.938e-33 6.915e-33 6.893e-33 6.870e-33
 6.847e-33 6.824e-33 6.802e-33 6.780e-33 6.757e-33 6.735e-33 6.713e-33 6.691e-33
 6.669e-33 6.647e-33 6.625e-33 6.603e-33 6.582e-33 6.560e-33 6.539e-33 6.518e-33
 6.496e-33 6.475e-33 6.454e-33 6.433e-33 6.412e-33 6.391e-33 6.370e-33 6.350e-33
 6.329e-33 6.309e-33 6.288e-33 6.268e-33 6.248e-33 6.228e-33 6.208e-33 6.188e-33
 6.168e-33 6.148e-33 6.128e-33 6.108e-33 6.089e-33 6.069e-33 6.050e-33 6.031e-33
 6.011e-33 5.992e-33 5.973e-33 5.954e-33 5.935e-33 5.916e-33 5.898e-33 5.879e-33
 5.860e-33 5.842e-33 5.823e-33 5.805e-33 5.787e-33 5.768e-33 5.750e-33 5.732e-33
 5.714e-33 5.696e-33 5.678e-33 5.660e-33 5.643e-33 5.625e-33 5.608e-33 5.590e-33
 5.573e-33 5.555e-33 5.538e-33 5.521e-33 5.504e-33 5.487e-33 5.470e-33 5.453e-33
 5.436e-33 5.420e-33 5.403e-33 5.386e-33 5.370e-33 5.353e-33 5.337e-33 5.321e-33
 5.304e-33 5.288e-33 5.272e-33 5.256e-33 5.240e-33 5.224e-33 5.208e-33 5.193e-33
 5.177e-33 5.161e-33 5.146e-33 5.130e-33 5.115e-33 5.100e-33 5.084e-33 5.069e-33
 5.054e-33 5.039e-33 5.024e-33 5.009e-33 4.994e-33 4.980e-33 4.965e-33 4.950e-33
Lz[Wm**3] for tau[ms]=    1.0
 3.117e-44 4.774e-44 7.355e-44 1.141e-43 1.782e-43 2.806e-43 4.457e-43 7.142e-43
 1.155e-42 1.887e-42 3.106e-42 5.149e-42 8.579e-42 1.435e-41 2.408e-41 4.046e-41
 6.797e-41 1.141e-40 1.909e-40 3.183e-40 5.279e-40 8.699e-40 1.422e-39 2.304e-39
 3.693e-39 5.851e-39 9.148e-39 1.410e-38 2.139e-38 3.190e-38 4.674e-38 6.738e-38
 9.565e-38 1.338e-37 1.848e-37 2.519e-37 3.397e-37 4.533e-37 5.995e-37 7.862e-37
 1.024e-36 1.325e-36 1.705e-36 2.186e-36 2.791e-36 3.548e-36 4.491e-36 5.658e-36
 7.091e-36 8.838e-36 1.095e-35 1.348e-35 1.647e-35 1.998e-35 2.404e-35 2.868e-35
 3.393e-35 3.980e-35 4.629e-35 5.343e-35 6.129e-35 6.996e-35 7.959e-35 9.037e-35
 1.026e-34 1.164e-34 1.323e-34 1.507e-34 1.718e-34 1.960e-34 2.240e-34 2.560e-34
 2.925e-34 3.340e-34 3.810e-34 4.340e-34 4.935e-34 5.601e-34 6.342e-34 7.164e-34
 8.074e-34 9.076e-34 1.018e-33 1.138e-33 1.270e-33 1.414e-33 1.570e-33 1.740e-33
 1.924e-33 2.122e-33 2.337e-33 2.570e-33 2.820e-33 3.091e-33 3.383e-33 3.698e-33
 4.039e-33 4.406e-33 4.803e-33 5.230e-33 5.689e-33 6.181e-33 6.707e-33 7.268e-33
 7.863e-33 8.494e-33 9.159e-33 9.859e-33 1.059e-32 1.136e-32 1.216e-32 1.300e-32
 1.387e-32 1.478e-32 1.573e-32 1.672e-32 1.775e-32 1.882e-32 1.994e-32 2.112e-32
 2.235e-32 2.364e-32 2.500e-32 2.642e-32 2.792e-32 2.949e-32 3.114e-32 3.285e-32
 3.463e-32 3.647e-32 3.836e-32 4.027e-32 4.220e-32 4.413e-32 4.603e-32 4.788e-32
 4.967e-32 5.137e-32 5.297e-32 5.443e-32 5.576e-32 5.691e-32 5.789e-32 5.867e-32
 5.924e-32 5.958e-32 5.967e-32 5.952e-32 5.911e-32 5.844e-32 5.752e-32 5.634e-32
 5.493e-32 5.331e-32 5.150e-32 4.952e-32 4.741e-32 4.521e-32 4.294e-32 4.063e-32
 3.833e-32 3.606e-32 3.383e-32 3.167e-32 2.960e-32 2.762e-32 2.574e-32 2.397e-32
 2.231e-32 2.075e-32 1.931e-32 1.796e-32 1.671e-32 1.556e-32 1.449e-32 1.351e-32
 1.260e-32 1.176e-32 1.099e-32 1.028e-32 9.629e-33 9.026e-33 8.471e-33 7.959e-33
 7.486e-33 7.050e-33 6.648e-33 6.276e-33 5.932e-33 5.614e-33 5.319e-33 5.046e-33
 4.793e-33 4.558e-33 4.340e-33 4.137e-33 3.948e-33 3.772e-33 3.609e-33 3.456e-33
 3.314e-33 3.181e-33 3.057e-33 2.941e-33 2.833e-33 2.732e-33 2.637e-33 2.549e-33
 2.467e-33 2.391e-33 2.320e-33 2.254e-33 2.193e-33 2.137e-33 2.086e-33 2.039e-33
 1.997e-33 1.959e-33 1.925e-33 1.895e-33 1.870e-33 1.849e-33 1.832e-33 1.820e-33
 1.812e-33 1.808e-33 1.808e-33 1.812e-33 1.821e-33 1.834e-33 1.850e-33 1.871e-33
 1.895e-33 1.923e-33 1.955e-33 1.990e-33 2.028e-33 2.068e-33 2.112e-33 2.158e-33
 2.206e-33 2.256e-33 2.307e-33 2.360e-33 2.414e-33 2.469e-33 2.525e-33 2.581e-33
 2.637e-33 2.693e-33 2.749e-33 2.805e-33 2.860e-33 2.914e-33 2.967e-33 3.018e-33
 3.069e-33 3.117e-33 3.163e-33 3.208e-33 3.250e-33 3.289e-33 3.325e-33 3.359e-33
 3.389e-33 3.416e-33 3.440e-33 3.461e-33 3.478e-33 3.491e-33 3.501e-33 3.508e-33
 3.512e-33 3.512e-33 3.509e-33 3.503e-33 3.495e-33 3.484e-33 3.470e-33 3.455e-33
 3.437e-33 3.417e-33 3.396e-33 3.373e-33 3.349e-33 3.323e-33 3.297e-33 3.270e-33
 3.242e-33 3.214e-33 3.186e-33 3.157e-33 3.128e-33 3.100e-33 3.071e-33 3.042e-33
 3.014e-33 2.986e-33 2.958e-33 2.930e-33 2.903e-33 2.876e-33 2.849e-33 2.822e-33
 2.796e-33 2.770e-33 2.744e-33 2.719e-33 2.694e-33 2.669e-33 2.644e-33 2.619e-33
 2.595e-33 2.571e-33 2.547e-33 2.523e-33 2.500e-33 2.476e-33 2.453e-33 2.430e-33
 2.408e-33 2.386e-33 2.364e-33 2.343e-33 2.322e-33 2.301e-33 2.281e-33 2.261e-33
 2.242e-33 2.224e-33 2.206e-33 2.188e-33 2.171e-33 2.154e-33 2.138e-33 2.121e-33
 2.106e-33 2.090e-33 2.075e-33 2.060e-33 2.045e-33 2.031e-33 2.016e-33 2.002e-33
 1.988e-33 1.975e-33 1.961e-33 1.947e-33 1.934e-33 1.921e-33 1.908e-33 1.896e-33
 1.884e-33 1.871e-33 1.860e-33 1.848e-33 1.837e-33 1.826e-33 1.815e-33 1.805e-33
 1.795e-33 1.785e-33 1.776e-33 1.766e-33 1.757e-33 1.748e-33 1.740e-33 1.731e-33
 1.723e-33 1.714e-33 1.706e-33 1.698e-33 1.689e-33 1.681e-33 1.673e-33 1.665e-33
 1.657e-33 1.649e-33 1.641e-33 1.633e-33 1.625e-33 1.617e-33 1.609e-33 1.602e-33
 1.594e-33 1.587e-33 1.580e-33 1.573e-33 1.566e-33 1.559e-33 1.552e-33 1.545e-33
 1.539e-33 1.533e-33 1.526e-33 1.520e-33 1.514e-33 1.508e-33 1.502e-33 1.496e-33
 1.490e-33 1.484e-33 1.478e-33 1.472e-33 1.467e-33 1.461e-33 1.455e-33 1.449e-33
 1.443e-33 1.438e-33 1.432e-33 1.426e-33 1.420e-33 1.414e-33 1.408e-33 1.403e-33
 1.397e-33 1.391e-33 1.385e-33 1.380e-33 1.374e-33 1.369e-33 1.364e-33 1.359e-33
 1.354e-33 1.349e-33 1.344e-33 1.339e-33 1.335e-33 1.330e-33 1.326e-33 1.321e-33
 1.317e-33 1.313e-33 1.309e-33 1.305e-33 1.301e-33 1.297e-33 1.293e-33 1.289e-33
 1.285e-33 1.282e-33 1.278e-33 1.274e-33 1.271e-33 1.267e-33 1.264e-33 1.260e-33
 1.257e-33 1.253e-33 1.250e-33 1.246e-33 1.243e-33 1.240e-33 1.236e-33 1.233e-33
 1.230e-33 1.227e-33 1.223e-33 1.220e-33 1.217e-33 1.214e-33 1.211e-33 1.208e-33
 1.205e-33 1.202e-33 1.198e-33 1.195e-33 1.193e-33 1.190e-33 1.187e-33 1.184e-33
 1.181e-33 1.178e-33 1.175e-33 1.172e-33 1.170e-33 1.167e-33 1.164e-33 1.161e-33
 1.159e-33 1.156e-33 1.153e-33 1.151e-33 1.148e-33 1.145e-33 1.143e-33 1.140e-33
 1.138e-33 1.135e-33 1.133e-33 1.130e-33 1.128e-33 1.126e-33 1.123e-33 1.121e-33
 1.118e-33 1.116e-33 1.114e-33 1.112e-33 1.109e-33 1.107e-33 1.105e-33 1.103e-33
 1.101e-33 1.098e-33 1.096e-33 1.094e-33 1.092e-33 1.090e-33 1.088e-33 1.086e-33
 1.084e-33 1.082e-33 1.080e-33 1.078e-33 1.076e-33 1.075e-33 1.073e-33 1.071e-33
 1.069e-33 1.067e-33 1.066e-33 1.064e-33 1.062e-33 1.060e-33 1.059e-33 1.057e-33
 1.056e-33 1.054e-33 1.052e-33 1.051e-33 1.049e-33 1.048e-33 1.046e-33 1.045e-33
 1.043e-33 1.042e-33 1.041e-33 1.039e-33 1.038e-33 1.037e-33 1.035e-33 1.034e-33
 1.033e-33 1.032e-33 1.030e-33 1.029e-33 1.028e-33 1.027e-33 1.026e-33 1.025e-33
 1.024e-33 1.023e-33 1.022e-33 1.021e-33 1.020e-33 1.019e-33 1.018e-33 1.017e-33
 1.016e-33 1.015e-33 1.014e-33 1.014e-33 1.013e-33 1.012e-33 1.011e-33 1.011e-33
 1.010e-33 1.009e-33 1.009e-33 1.008e-33 1.007e-33 1.007e-33 1.006e-33 1.006e-33
 1.005e-33 1.005e-33 1.005e-33 1.004e-33 1.004e-33 1.003e-33 1.003e-33 1.003e-33
 1.003e-33 1.002e-33 1.002e-33 1.002e-33 1.002e-33 1.002e-33 1.002e-33 1.001e-33
 1.001e-33 1.001e-33 1.001e-33 1.001e-33 1.001e-33 1.002e-33 1.002e-33 1.002e-33
Lz[Wm**3] for tau[ms]=   10.0
 3.117e-44 4.774e-44 7.355e-44 1.141e-43 1.782e-43 2.807e-43 4.457e-43 7.142e-43
 1.156e-42 1.887e-42 3.107e-42 5.150e-42 8.582e-42 1.436e-41 2.409e-41 4.048e-41
 6.802e-41 1.141e-40 1.911e-40 3.186e-40 5.284e-40 8.708e-40 1.424e-39 2.307e-39
 3.698e-39 5.859e-39 9.162e-39 1.412e-38 2.143e-38 3.196e-38 4.685e-38 6.755e-38
 9.590e-38 1.342e-37 1.854e-37 2.528e-37 3.410e-37 4.553e-37 6.023e-37 7.901e-37
 1.029e-36 1.331e-36 1.713e-36 2.194e-36 2.796e-36 3.546e-36 4.470e-36 5.599e-36
 6.960e-36 8.581e-36 1.048e-35 1.267e-35 1.516e-35 1.793e-35 2.098e-35 2.431e-35
 2.795e-35 3.195e-35 3.642e-35 4.151e-35 4.740e-35 5.432e-35 6.250e-35 7.220e-35
 8.369e-35 9.725e-35 1.132e-34 1.318e-34 1.535e-34 1.785e-34 2.073e-34 2.403e-34
 2.778e-34 3.203e-34 3.682e-34 4.221e-34 4.825e-34 5.497e-34 6.244e-34 7.070e-34
 7.981e-34 8.983e-34 1.008e-33 1.128e-33 1.258e-33 1.400e-33 1.554e-33 1.721e-33
 1.902e-33 2.098e-33 2.311e-33 2.543e-33 2.794e-33 3.068e-33 3.367e-33 3.692e-33
 4.046e-33 4.430e-33 4.844e-33 5.289e-33 5.766e-33 6.275e-33 6.816e-33 7.390e-33
 7.996e-33 8.636e-33 9.308e-33 1.001e-32 1.076e-32 1.153e-32 1.235e-32 1.320e-32
 1.410e-32 1.505e-32 1.604e-32 1.710e-32 1.821e-32 1.940e-32 2.067e-32 2.202e-32
 2.346e-32 2.500e-32 2.664e-32 2.838e-32 3.022e-32 3.214e-32 3.414e-32 3.617e-32
 3.823e-32 4.027e-32 4.227e-32 4.419e-32 4.601e-32 4.769e-32 4.921e-32 5.053e-32
 5.163e-32 5.248e-32 5.305e-32 5.332e-32 5.325e-32 5.283e-32 5.205e-32 5.090e-32
 4.938e-32 4.753e-32 4.537e-32 4.296e-32 4.036e-32 3.762e-32 3.482e-32 3.202e-32
 2.928e-32 2.663e-32 2.411e-32 2.176e-32 1.957e-32 1.757e-32 1.575e-32 1.410e-32
 1.261e-32 1.129e-32 1.010e-32 9.045e-33 8.107e-33 7.273e-33 6.534e-33 5.878e-33
 5.296e-33 4.779e-33 4.320e-33 3.912e-33 3.549e-33 3.225e-33 2.937e-33 2.679e-33
 2.449e-33 2.243e-33 2.058e-33 1.892e-33 1.742e-33 1.608e-33 1.487e-33 1.377e-33
 1.278e-33 1.188e-33 1.106e-33 1.032e-33 9.649e-34 9.036e-34 8.477e-34 7.966e-34
 7.500e-34 7.073e-34 6.683e-34 6.326e-34 5.998e-34 5.698e-34 5.423e-34 5.171e-34
 4.942e-34 4.732e-34 4.541e-34 4.369e-34 4.213e-34 4.074e-34 3.951e-34 3.844e-34
 3.753e-34 3.677e-34 3.618e-34 3.574e-34 3.546e-34 3.536e-34 3.542e-34 3.566e-34
 3.608e-34 3.669e-34 3.749e-34 3.848e-34 3.966e-34 4.105e-34 4.262e-34 4.438e-34
 4.632e-34 4.843e-34 5.070e-34 5.311e-34 5.564e-34 5.828e-34 6.101e-34 6.381e-34
 6.667e-34 6.956e-34 7.248e-34 7.540e-34 7.833e-34 8.125e-34 8.414e-34 8.700e-34
 8.981e-34 9.256e-34 9.523e-34 9.780e-34 1.003e-33 1.026e-33 1.047e-33 1.067e-33
 1.084e-33 1.099e-33 1.111e-33 1.121e-33 1.127e-33 1.131e-33 1.133e-33 1.131e-33
 1.127e-33 1.120e-33 1.111e-33 1.100e-33 1.087e-33 1.072e-33 1.056e-33 1.039e-33
 1.020e-33 1.001e-33 9.813e-34 9.611e-34 9.406e-34 9.200e-34 8.993e-34 8.788e-34
 8.584e-34 8.382e-34 8.184e-34 7.989e-34 7.799e-34 7.613e-34 7.432e-34 7.256e-34
 7.085e-34 6.919e-34 6.758e-34 6.602e-34 6.452e-34 6.307e-34 6.167e-34 6.032e-34
 5.902e-34 5.777e-34 5.656e-34 5.540e-34 5.429e-34 5.322e-34 5.219e-34 5.120e-34
 5.025e-34 4.933e-34 4.845e-34 4.760e-34 4.679e-34 4.600e-34 4.524e-34 4.450e-34
 4.379e-34 4.311e-34 4.244e-34 4.180e-34 4.117e-34 4.057e-34 3.998e-34 3.941e-34
 3.885e-34 3.831e-34 3.778e-34 3.726e-34 3.676e-34 3.627e-34 3.579e-34 3.533e-34
 3.488e-34 3.444e-34 3.401e-34 3.360e-34 3.320e-34 3.281e-34 3.243e-34 3.207e-34
 3.172e-34 3.138e-34 3.105e-34 3.073e-34 3.042e-34 3.012e-34 2.984e-34 2.956e-34
 2.928e-34 2.902e-34 2.876e-34 2.851e-34 2.827e-34 2.803e-34 2.780e-34 2.757e-34
 2.735e-34 2.713e-34 2.692e-34 2.671e-34 2.651e-34 2.631e-34 2.612e-34 2.594e-34
 2.576e-34 2.558e-34 2.541e-34 2.525e-34 2.509e-34 2.494e-34 2.479e-34 2.465e-34
 2.451e-34 2.438e-34 2.426e-34 2.413e-34 2.402e-34 2.390e-34 2.379e-34 2.369e-34
 2.358e-34 2.348e-34 2.338e-34 2.328e-34 2.318e-34 2.309e-34 2.300e-34 2.291e-34
 2.282e-34 2.273e-34 2.264e-34 2.256e-34 2.248e-34 2.240e-34 2.232e-34 2.225e-34
 2.217e-34 2.210e-34 2.203e-34 2.197e-34 2.190e-34 2.184e-34 2.178e-34 2.173e-34
 2.167e-34 2.162e-34 2.157e-34 2.152e-34 2.147e-34 2.143e-34 2.138e-34 2.134e-34
 2.130e-34 2.126e-34 2.123e-34 2.119e-34 2.115e-34 2.112e-34 2.109e-34 2.105e-34
 2.102e-34 2.099e-34 2.096e-34 2.093e-34 2.091e-34 2.088e-34 2.085e-34 2.083e-34
 2.081e-34 2.078e-34 2.076e-34 2.075e-34 2.073e-34 2.072e-34 2.070e-34 2.069e-34
 2.068e-34 2.068e-34 2.067e-34 2.067e-34 2.067e-34 2.067e-34 2.068e-34 2.068e-34
 2.069e-34 2.070e-34 2.070e-34 2.071e-34 2.073e-34 2.074e-34 2.075e-34 2.077e-34
 2.078e-34 2.080e-34 2.082e-34 2.084e-34 2.086e-34 2.088e-34 2.090e-34 2.092e-34
 2.095e-34 2.097e-34 2.100e-34 2.102e-34 2.105e-34 2.108e-34 2.111e-34 2.114e-34
 2.117e-34 2.120e-34 2.124e-34 2.127e-34 2.131e-34 2.134e-34 2.138e-34 2.142e-34
 2.145e-34 2.149e-34 2.153e-34 2.157e-34 2.162e-34 2.166e-34 2.170e-34 2.175e-34
 2.179e-34 2.184e-34 2.189e-34 2.194e-34 2.199e-34 2.204e-34 2.209e-34 2.214e-34
 2.219e-34 2.225e-34 2.230e-34 2.236e-34 2.242e-34 2.247e-34 2.253e-34 2.259e-34
 2.265e-34 2.272e-34 2.278e-34 2.284e-34 2.291e-34 2.297e-34 2.304e-34 2.311e-34
 2.318e-34 2.325e-34 2.332e-34 2.339e-34 2.346e-34 2.354e-34 2.361e-34 2.369e-34
 2.377e-34 2.385e-34 2.393e-34 2.401e-34 2.409e-34 2.417e-34 2.425e-34 2.434e-34
 2.443e-34 2.451e-34 2.460e-34 2.469e-34 2.478e-34 2.487e-34 2.497e-34 2.506e-34
 2.516e-34 2.525e-34 2.535e-34 2.545e-34 2.555e-34 2.565e-34 2.576e-34 2.586e-34
 2.597e-34 2.607e-34 2.618e-34 2.629e-34 2.640e-34 2.651e-34 2.663e-34 2.674e-34
 2.686e-34 2.697e-34 2.709e-34 2.721e-34 2.733e-34 2.745e-34 2.758e-34 2.770e-34
 2.783e-34 2.796e-34 2.809e-34 2.822e-34 2.835e-34 2.848e-34 2.862e-34 2.876e-34
 2.889e-34 2.903e-34 2.917e-34 2.932e-34 2.946e-34 2.961e-34 2.975e-34 2.990e-34
 3.005e-34 3.021e-34 3.036e-34 3.051e-34 3.067e-34 3.083e-34 3.099e-34 3.115e-34
 3.131e-34 3.148e-34 3.165e-34 3.181e-34 3.199e-34 3.216e-34 3.233e-34 3.251e-34
 3.268e-34 3.286e-34 3.304e-34 3.322e-34 3.341e-34 3.360e-34 3.378e-34 3.397e-34
 3.416e-34 3.436e-34 3.455e-34 3.475e-34 3.495e-34 3.515e-34 3.536e-34 3.556e-34
 3.577e-34 3.598e-34 3.619e-34 3.640e-34 3.662e-34 3.683e-34 3.705e-34 3.727e-34
Lz[Wm**3] for tau[ms]=  100.0
 3.117e-44 4.774e-44 7.355e-44 1.141e-43 1.782e-43 2.807e-43 4.457e-43 7.142e-43
 1.156e-42 1.887e-42 3.107e-42 5.150e-42 8.582e-42 1.436e-41 2.409e-41 4.048e-41
 6.802e-41 1.142e-40 1.911e-40 3.186e-40 5.285e-40 8.710e-40 1.424e-39 2.307e-39
 3.699e-39 5.861e-39 9.165e-39 1.413e-38 2.143e-38 3.197e-38 4.687e-38 6.758e-38
 9.596e-38 1.343e-37 1.855e-37 2.531e-37 3.414e-37 4.558e-37 6.030e-37 7.911e-37
 1.030e-36 1.333e-36 1.715e-36 2.196e-36 2.798e-36 3.545e-36 4.463e-36 5.578e-36
 6.915e-36 8.492e-36 1.032e-35 1.240e-35 1.472e-35 1.726e-35 2.003e-35 2.303e-35
 2.631e-35 2.996e-35 3.412e-35 3.895e-35 4.466e-35 5.146e-35 5.961e-35 6.933e-35
 8.089e-35 9.457e-35 1.106e-34 1.294e-34 1.512e-34 1.764e-34 2.054e-34 2.385e-34
 2.761e-34 3.188e-34 3.668e-34 4.208e-34 4.812e-34 5.485e-34 6.232e-34 7.058e-34
 7.968e-34 8.968e-34 1.006e-33 1.126e-33 1.256e-33 1.397e-33 1.550e-33 1.716e-33
 1.896e-33 2.092e-33 2.304e-33 2.535e-33 2.787e-33 3.063e-33 3.363e-33 3.691e-33
 4.048e-33 4.434e-33 4.852e-33 5.300e-33 5.779e-33 6.291e-33 6.833e-33 7.408e-33
 8.016e-33 8.656e-33 9.329e-33 1.004e-32 1.078e-32 1.156e-32 1.238e-32 1.324e-32
 1.415e-32 1.510e-32 1.611e-32 1.719e-32 1.833e-32 1.955e-32 2.085e-32 2.225e-32
 2.375e-32 2.536e-32 2.708e-32 2.890e-32 3.081e-32 3.281e-32 3.486e-32 3.694e-32
 3.902e-32 4.106e-32 4.302e-32 4.488e-32 4.660e-32 4.815e-32 4.949e-32 5.059e-32
 5.142e-32 5.195e-32 5.214e-32 5.197e-32 5.140e-32 5.043e-32 4.904e-32 4.726e-32
 4.512e-32 4.266e-32 3.996e-32 3.708e-32 3.410e-32 3.112e-32 2.818e-32 2.536e-32
 2.269e-32 2.021e-32 1.793e-32 1.586e-32 1.400e-32 1.234e-32 1.087e-32 9.571e-33
 8.426e-33 7.422e-33 6.542e-33 5.773e-33 5.100e-33 4.512e-33 3.997e-33 3.547e-33
 3.153e-33 2.807e-33 2.504e-33 2.238e-33 2.003e-33 1.797e-33 1.615e-33 1.454e-33
 1.312e-33 1.186e-33 1.074e-33 9.747e-34 8.863e-34 8.075e-34 7.372e-34 6.743e-34
 6.180e-34 5.675e-34 5.222e-34 4.815e-34 4.449e-34 4.119e-34 3.822e-34 3.553e-34
 3.311e-34 3.092e-34 2.894e-34 2.715e-34 2.554e-34 2.409e-34 2.278e-34 2.161e-34
 2.057e-34 1.965e-34 1.884e-34 1.814e-34 1.755e-34 1.707e-34 1.669e-34 1.642e-34
 1.626e-34 1.621e-34 1.627e-34 1.645e-34 1.676e-34 1.719e-34 1.776e-34 1.847e-34
 1.932e-34 2.031e-34 2.144e-34 2.272e-34 2.415e-34 2.570e-34 2.739e-34 2.919e-34
 3.109e-34 3.307e-34 3.513e-34 3.724e-34 3.939e-34 4.157e-34 4.376e-34 4.595e-34
 4.814e-34 5.031e-34 5.247e-34 5.461e-34 5.671e-34 5.876e-34 6.076e-34 6.268e-34
 6.451e-34 6.621e-34 6.777e-34 6.915e-34 7.034e-34 7.130e-34 7.201e-34 7.247e-34
 7.266e-34 7.259e-34 7.225e-34 7.167e-34 7.085e-34 6.982e-34 6.861e-34 6.724e-34
 6.574e-34 6.413e-34 6.243e-34 6.068e-34 5.889e-34 5.708e-34 5.527e-34 5.346e-34
 5.168e-34 4.993e-34 4.821e-34 4.653e-34 4.491e-34 4.333e-34 4.181e-34 4.035e-34
 3.894e-34 3.759e-34 3.629e-34 3.505e-34 3.385e-34 3.272e-34 3.163e-34 3.059e-34
 2.960e-34 2.865e-34 2.775e-34 2.688e-34 2.606e-34 2.528e-34 2.453e-34 2.382e-34
 2.314e-34 2.249e-34 2.187e-34 2.128e-34 2.072e-34 2.018e-34 1.967e-34 1.918e-34
 1.871e-34 1.826e-34 1.783e-34 1.742e-34 1.703e-34 1.666e-34 1.629e-34 1.595e-34
 1.561e-34 1.529e-34 1.499e-34 1.469e-34 1.440e-34 1.413e-34 1.386e-34 1.360e-34
 1.336e-34 1.312e-34 1.288e-34 1.266e-34 1.244e-34 1.223e-34 1.203e-34 1.184e-34
 1.165e-34 1.146e-34 1.129e-34 1.112e-34 1.096e-34 1.080e-34 1.065e-34 1.050e-34
 1.036e-34 1.023e-34 1.010e-34 9.972e-35 9.852e-35 9.737e-35 9.626e-35 9.520e-35
 9.417e-35 9.318e-35 9.223e-35 9.131e-35 9.043e-35 8.957e-35 8.875e-35 8.796e-35
 8.720e-35 8.647e-35 8.577e-35 8.509e-35 8.444e-35 8.382e-35 8.323e-35 8.266e-35
 8.212e-35 8.161e-35 8.112e-35 8.066e-35 8.022e-35 7.981e-35 7.942e-35 7.905e-35
 7.871e-35 7.839e-35 7.809e-35 7.782e-35 7.756e-35 7.732e-35 7.710e-35 7.689e-35
 7.671e-35 7.654e-35 7.638e-35 7.624e-35 7.611e-35 7.600e-35 7.590e-35 7.581e-35
 7.574e-35 7.568e-35 7.564e-35 7.560e-35 7.558e-35 7.557e-35 7.558e-35 7.560e-35
 7.562e-35 7.566e-35 7.572e-35 7.578e-35 7.586e-35 7.594e-35 7.604e-35 7.615e-35
 7.626e-35 7.639e-35 7.653e-35 7.668e-35 7.685e-35 7.702e-35 7.720e-35 7.739e-35
 7.760e-35 7.781e-35 7.804e-35 7.827e-35 7.852e-35 7.877e-35 7.904e-35 7.932e-35
 7.960e-35 7.990e-35 8.021e-35 8.053e-35 8.085e-35 8.119e-35 8.154e-35 8.190e-35
 8.227e-35 8.265e-35 8.304e-35 8.344e-35 8.385e-35 8.427e-35 8.470e-35 8.515e-35
 8.560e-35 8.606e-35 8.653e-35 8.701e-35 8.750e-35 8.800e-35 8.851e-35 8.903e-35
 8.955e-35 9.008e-35 9.062e-35 9.117e-35 9.172e-35 9.228e-35 9.285e-35 9.342e-35
 9.400e-35 9.459e-35 9.518e-35 9.578e-35 9.639e-35 9.700e-35 9.762e-35 9.824e-35
 9.888e-35 9.952e-35 1.002e-34 1.008e-34 1.015e-34 1.022e-34 1.028e-34 1.035e-34
 1.042e-34 1.049e-34 1.056e-34 1.063e-34 1.070e-34 1.078e-34 1.085e-34 1.093e-34
 1.100e-34 1.108e-34 1.115e-34 1.123e-34 1.131e-34 1.139e-34 1.147e-34 1.155e-34
 1.163e-34 1.171e-34 1.179e-34 1.188e-34 1.196e-34 1.205e-34 1.213e-34 1.222e-34
 1.230e-34 1.239e-34 1.248e-34 1.257e-34 1.266e-34 1.275e-34 1.285e-34 1.294e-34
 1.303e-34 1.313e-34 1.322e-34 1.332e-34 1.342e-34 1.352e-34 1.362e-34 1.372e-34
 1.382e-34 1.392e-34 1.402e-34 1.413e-34 1.423e-34 1.434e-34 1.444e-34 1.455e-34
 1.466e-34 1.477e-34 1.488e-34 1.499e-34 1.510e-34 1.521e-34 1.533e-34 1.544e-34
 1.556e-34 1.568e-34 1.580e-34 1.591e-34 1.604e-34 1.616e-34 1.628e-34 1.640e-34
 1.653e-34 1.665e-34 1.678e-34 1.691e-34 1.704e-34 1.717e-34 1.730e-34 1.743e-34
 1.756e-34 1.770e-34 1.783e-34 1.797e-34 1.811e-34 1.825e-34 1.839e-34 1.853e-34
 1.867e-34 1.882e-34 1.896e-34 1.911e-34 1.926e-34 1.941e-34 1.956e-34 1.971e-34
 1.986e-34 2.002e-34 2.017e-34 2.033e-34 2.049e-34 2.065e-34 2.081e-34 2.097e-34
 2.113e-34 2.130e-34 2.147e-34 2.163e-34 2.180e-34 2.197e-34 2.215e-34 2.232e-34
 2.249e-34 2.267e-34 2.285e-34 2.303e-34 2.321e-34 2.339e-34 2.358e-34 2.376e-34
 2.395e-34 2.414e-34 2.433e-34 2.452e-34 2.472e-34 2.491e-34 2.511e-34 2.531e-34
 2.551e-34 2.571e-34 2.592e-34 2.612e-34 2.633e-34 2.654e-34 2.675e-34 2.696e-34
 2.718e-34 2.739e-34 2.761e-34 2.783e-34 2.805e-34 2.828e-34 2.850e-34 2.873e-34
 2.896e-34 2.919e-34 2.942e-34 2.966e-34 2.990e-34 3.013e-34 3.038e-34 3.062e-34
Lz[Wm**3] for tau[ms]= 1000.0
 3.117e-44 4.774e-44 7.355e-44 1.141e-43 1.782e-43 2.807e-43 4.457e-43 7.142e-43
 1.156e-42 1.887e-42 3.107e-42 5.150e-42 8.582e-42 1.436e-41 2.409e-41 4.048e-41
 6.802e-41 1.142e-40 1.911e-40 3.186e-40 5.285e-40 8.710e-40 1.424e-39 2.307e-39
 3.699e-39 5.861e-39 9.165e-39 1.413e-38 2.143e-38 3.197e-38 4.687e-38 6.758e-38
 9.596e-38 1.343e-37 1.855e-37 2.531e-37 3.414e-37 4.559e-37 6.031e-37 7.912e-37
 1.031e-36 1.333e-36 1.716e-36 2.196e-36 2.798e-36 3.545e-36 4.462e-36 5.576e-36
 6.910e-36 8.481e-36 1.030e-35 1.236e-35 1.466e-35 1.718e-35 1.991e-35 2.287e-35
 2.611e-35 2.973e-35 3.385e-35 3.866e-35 4.435e-35 5.115e-35 5.930e-35 6.903e-35
 8.060e-35 9.429e-35 1.104e-34 1.292e-34 1.510e-34 1.762e-34 2.052e-34 2.383e-34
 2.760e-34 3.186e-34 3.667e-34 4.207e-34 4.811e-34 5.484e-34 6.231e-34 7.057e-34
 7.967e-34 8.966e-34 1.006e-33 1.125e-33 1.255e-33 1.396e-33 1.550e-33 1.716e-33
 1.895e-33 2.091e-33 2.303e-33 2.534e-33 2.786e-33 3.062e-33 3.363e-33 3.691e-33
 4.048e-33 4.435e-33 4.853e-33 5.301e-33 5.781e-33 6.292e-33 6.835e-33 7.410e-33
 8.018e-33 8.658e-33 9.332e-33 1.004e-32 1.078e-32 1.156e-32 1.238e-32 1.324e-32
 1.415e-32 1.511e-32 1.612e-32 1.720e-32 1.834e-32 1.956e-32 2.087e-32 2.228e-32
 2.379e-32 2.540e-32 2.713e-32 2.896e-32 3.088e-32 3.288e-32 3.494e-32 3.703e-32
 3.911e-32 4.114e-32 4.311e-32 4.496e-32 4.666e-32 4.819e-32 4.950e-32 5.058e-32
 5.138e-32 5.186e-32 5.201e-32 5.178e-32 5.115e-32 5.010e-32 4.864e-32 4.678e-32
 4.457e-32 4.204e-32 3.927e-32 3.634e-32 3.334e-32 3.033e-32 2.739e-32 2.457e-32
 2.193e-32 1.948e-32 1.724e-32 1.521e-32 1.339e-32 1.177e-32 1.034e-32 9.086e-33
 7.981e-33 7.014e-33 6.169e-33 5.431e-33 4.787e-33 4.225e-33 3.735e-33 3.307e-33
 2.933e-33 2.606e-33 2.319e-33 2.067e-33 1.846e-33 1.652e-33 1.481e-33 1.330e-33
 1.197e-33 1.079e-33 9.746e-34 8.821e-34 7.999e-34 7.268e-34 6.617e-34 6.036e-34
 5.516e-34 5.051e-34 4.635e-34 4.262e-34 3.926e-34 3.625e-34 3.354e-34 3.110e-34
 2.890e-34 2.692e-34 2.514e-34 2.353e-34 2.209e-34 2.079e-34 1.963e-34 1.859e-34
 1.768e-34 1.687e-34 1.618e-34 1.558e-34 1.509e-34 1.470e-34 1.440e-34 1.421e-34
 1.412e-34 1.414e-34 1.427e-34 1.452e-34 1.488e-34 1.537e-34 1.598e-34 1.673e-34
 1.762e-34 1.864e-34 1.980e-34 2.110e-34 2.254e-34 2.409e-34 2.577e-34 2.755e-34
 2.942e-34 3.137e-34 3.337e-34 3.542e-34 3.750e-34 3.959e-34 4.169e-34 4.379e-34
 4.588e-34 4.795e-34 5.000e-34 5.203e-34 5.402e-34 5.596e-34 5.784e-34 5.963e-34
 6.131e-34 6.287e-34 6.427e-34 6.548e-34 6.648e-34 6.725e-34 6.776e-34 6.802e-34
 6.801e-34 6.773e-34 6.720e-34 6.644e-34 6.546e-34 6.428e-34 6.295e-34 6.147e-34
 5.989e-34 5.822e-34 5.649e-34 5.472e-34 5.293e-34 5.114e-34 4.936e-34 4.760e-34
 4.587e-34 4.418e-34 4.254e-34 4.095e-34 3.941e-34 3.793e-34 3.650e-34 3.513e-34
 3.382e-34 3.256e-34 3.136e-34 3.022e-34 2.912e-34 2.808e-34 2.709e-34 2.614e-34
 2.524e-34 2.438e-34 2.356e-34 2.278e-34 2.204e-34 2.133e-34 2.066e-34 2.002e-34
 1.941e-34 1.883e-34 1.828e-34 1.775e-34 1.725e-34 1.677e-34 1.632e-34 1.589e-34
 1.547e-34 1.507e-34 1.470e-34 1.433e-34 1.399e-34 1.366e-34 1.334e-34 1.303e-34
 1.274e-34 1.246e-34 1.219e-34 1.193e-34 1.168e-34 1.144e-34 1.120e-34 1.098e-34
 1.077e-34 1.056e-34 1.036e-34 1.016e-34 9.976e-35 9.796e-35 9.622e-35 9.454e-35
 9.293e-35 9.137e-35 8.987e-35 8.843e-35 8.705e-35 8.571e-35 8.443e-35 8.320e-35
 8.202e-35 8.088e-35 7.979e-35 7.875e-35 7.774e-35 7.678e-35 7.585e-35 7.496e-35
 7.411e-35 7.329e-35 7.250e-35 7.175e-35 7.102e-35 7.033e-35 6.966e-35 6.902e-35
 6.841e-35 6.783e-35 6.727e-35 6.673e-35 6.622e-35 6.574e-35 6.528e-35 6.485e-35
 6.444e-35 6.405e-35 6.368e-35 6.334e-35 6.302e-35 6.272e-35 6.244e-35 6.218e-35
 6.195e-35 6.173e-35 6.153e-35 6.134e-35 6.118e-35 6.103e-35 6.090e-35 6.079e-35
 6.069e-35 6.060e-35 6.053e-35 6.047e-35 6.043e-35 6.040e-35 6.039e-35 6.038e-35
 6.040e-35 6.042e-35 6.046e-35 6.050e-35 6.056e-35 6.064e-35 6.072e-35 6.081e-35
 6.092e-35 6.104e-35 6.116e-35 6.130e-35 6.145e-35 6.160e-35 6.177e-35 6.195e-35
 6.213e-35 6.233e-35 6.253e-35 6.275e-35 6.297e-35 6.321e-35 6.345e-35 6.371e-35
 6.397e-35 6.425e-35 6.453e-35 6.483e-35 6.514e-35 6.545e-35 6.578e-35 6.612e-35
 6.646e-35 6.682e-35 6.719e-35 6.757e-35 6.796e-35 6.836e-35 6.877e-35 6.919e-35
 6.962e-35 7.006e-35 7.051e-35 7.097e-35 7.144e-35 7.191e-35 7.240e-35 7.290e-35
 7.340e-35 7.392e-35 7.444e-35 7.497e-35 7.551e-35 7.606e-35 7.662e-35 7.718e-35
 7.775e-35 7.833e-35 7.891e-35 7.950e-35 8.010e-35 8.071e-35 8.132e-35 8.193e-35
 8.255e-35 8.318e-35 8.382e-35 8.446e-35 8.510e-35 8.576e-35 8.642e-35 8.708e-35
 8.776e-35 8.844e-35 8.912e-35 8.982e-35 9.052e-35 9.123e-35 9.194e-35 9.267e-35
 9.340e-35 9.414e-35 9.488e-35 9.563e-35 9.639e-35 9.715e-35 9.793e-35 9.871e-35
 9.949e-35 1.003e-34 1.011e-34 1.019e-34 1.027e-34 1.035e-34 1.044e-34 1.052e-34
 1.061e-34 1.069e-34 1.078e-34 1.086e-34 1.095e-34 1.104e-34 1.113e-34 1.122e-34
 1.131e-34 1.140e-34 1.149e-34 1.159e-34 1.168e-34 1.178e-34 1.187e-34 1.197e-34
 1.207e-34 1.216e-34 1.226e-34 1.236e-34 1.246e-34 1.257e-34 1.267e-34 1.277e-34
 1.288e-34 1.298e-34 1.309e-34 1.319e-34 1.330e-34 1.341e-34 1.352e-34 1.363e-34
 1.374e-34 1.385e-34 1.397e-34 1.408e-34 1.420e-34 1.431e-34 1.443e-34 1.455e-34
 1.467e-34 1.479e-34 1.491e-34 1.503e-34 1.516e-34 1.528e-34 1.541e-34 1.553e-34
 1.566e-34 1.579e-34 1.592e-34 1.605e-34 1.618e-34 1.631e-34 1.645e-34 1.658e-34
 1.672e-34 1.686e-34 1.699e-34 1.713e-34 1.727e-34 1.742e-34 1.756e-34 1.770e-34
 1.785e-34 1.800e-34 1.815e-34 1.829e-34 1.845e-34 1.860e-34 1.875e-34 1.890e-34
 1.906e-34 1.922e-34 1.938e-34 1.953e-34 1.970e-34 1.986e-34 2.002e-34 2.019e-34
 2.035e-34 2.052e-34 2.069e-34 2.086e-34 2.103e-34 2.121e-34 2.138e-34 2.156e-34
 2.173e-34 2.191e-34 2.209e-34 2.228e-34 2.246e-34 2.265e-34 2.283e-34 2.302e-34
 2.321e-34 2.340e-34 2.360e-34 2.379e-34 2.399e-34 2.418e-34 2.438e-34 2.458e-34
 2.479e-34 2.499e-34 2.520e-34 2.541e-34 2.562e-34 2.583e-34 2.604e-34 2.626e-34
 2.647e-34 2.669e-34 2.691e-34 2.713e-34 2.736e-34 2.758e-34 2.781e-34 2.804e-34
 2.827e-34 2.851e-34 2.874e-34 2.898e-34 2.922e-34 2.946e-34 2.970e-34 2.995e-34
Lz[Wm**3] in equilibrium - infinite confinement
 1.000e-42 1.000e-42 1.000e-42 1.000e-42 1.000e-42 1.000e-42 1.000e-42 1.000e-42
 1.156e-42 1.887e-42 3.107e-42 5.150e-42 8.583e-42 1.436e-41 2.409e-41 4.048e-41
 6.802e-41 1.142e-40 1.911e-40 3.186e-40 5.285e-40 8.710e-40 1.424e-39 2.307e-39
 3.699e-39 5.861e-39 9.165e-39 1.413e-38 2.143e-38 3.197e-38 4.687e-38 6.758e-38
 9.596e-38 1.343e-37 1.855e-37 2.531e-37 3.414e-37 4.559e-37 6.031e-37 7.913e-37
 1.031e-36 1.333e-36 1.716e-36 2.196e-36 2.798e-36 3.545e-36 4.462e-36 5.576e-36
 6.909e-36 8.480e-36 1.030e-35 1.236e-35 1.465e-35 1.717e-35 1.990e-35 2.285e-35
 2.609e-35 2.970e-35 3.382e-35 3.863e-35 4.432e-35 5.112e-35 5.926e-35 6.899e-35
 8.057e-35 9.426e-35 1.104e-34 1.291e-34 1.510e-34 1.762e-34 2.052e-34 2.383e-34
 2.759e-34 3.186e-34 3.667e-34 4.207e-34 4.811e-34 5.484e-34 6.231e-34 7.057e-34
 7.967e-34 8.966e-34 1.006e-33 1.125e-33 1.255e-33 1.396e-33 1.549e-33 1.715e-33
 1.895e-33 2.091e-33 2.303e-33 2.534e-33 2.786e-33 3.062e-33 3.363e-33 3.691e-33
 4.048e-33 4.435e-33 4.853e-33 5.301e-33 5.781e-33 6.292e-33 6.835e-33 7.411e-33
 8.018e-33 8.658e-33 9.332e-33 1.004e-32 1.078e-32 1.156e-32 1.238e-32 1.324e-32
 1.415e-32 1.511e-32 1.612e-32 1.720e-32 1.834e-32 1.957e-32 2.088e-32 2.228e-32
 2.379e-32 2.541e-32 2.713e-32 2.896e-32 3.089e-32 3.289e-32 3.495e-32 3.704e-32
 3.912e-32 4.115e-32 4.311e-32 4.496e-32 4.667e-32 4.819e-32 4.951e-32 5.058e-32
 5.137e-32 5.185e-32 5.199e-32 5.175e-32 5.112e-32 5.006e-32 4.860e-32 4.673e-32
 4.450e-32 4.197e-32 3.919e-32 3.626e-32 3.325e-32 3.024e-32 2.730e-32 2.449e-32
 2.184e-32 1.939e-32 1.716e-32 1.513e-32 1.332e-32 1.171e-32 1.029e-32 9.032e-33
 7.931e-33 6.968e-33 6.127e-33 5.393e-33 4.752e-33 4.194e-33 3.706e-33 3.281e-33
 2.909e-33 2.583e-33 2.298e-33 2.048e-33 1.828e-33 1.636e-33 1.466e-33 1.316e-33
 1.184e-33 1.067e-33 9.635e-34 8.718e-34 7.903e-34 7.179e-34 6.533e-34 5.957e-34
 5.442e-34 4.982e-34 4.570e-34 4.200e-34 3.868e-34 3.570e-34 3.302e-34 3.061e-34
 2.844e-34 2.648e-34 2.472e-34 2.313e-34 2.170e-34 2.042e-34 1.928e-34 1.826e-34
 1.736e-34 1.657e-34 1.588e-34 1.530e-34 1.482e-34 1.443e-34 1.415e-34 1.397e-34
 1.389e-34 1.391e-34 1.405e-34 1.430e-34 1.467e-34 1.516e-34 1.578e-34 1.654e-34
 1.743e-34 1.845e-34 1.962e-34 2.092e-34 2.236e-34 2.391e-34 2.559e-34 2.737e-34
 2.923e-34 3.117e-34 3.317e-34 3.521e-34 3.728e-34 3.937e-34 4.146e-34 4.354e-34
 4.562e-34 4.768e-34 4.972e-34 5.174e-34 5.371e-34 5.564e-34 5.750e-34 5.928e-34
 6.095e-34 6.249e-34 6.386e-34 6.506e-34 6.603e-34 6.678e-34 6.727e-34 6.750e-34
 6.747e-34 6.717e-34 6.662e-34 6.584e-34 6.484e-34 6.365e-34 6.230e-34 6.081e-34
 5.922e-34 5.754e-34 5.581e-34 5.404e-34 5.225e-34 5.046e-34 4.869e-34 4.694e-34
 4.522e-34 4.354e-34 4.190e-34 4.032e-34 3.879e-34 3.732e-34 3.590e-34 3.455e-34
 3.325e-34 3.200e-34 3.081e-34 2.968e-34 2.859e-34 2.756e-34 2.658e-34 2.564e-34
 2.475e-34 2.390e-34 2.309e-34 2.232e-34 2.159e-34 2.089e-34 2.023e-34 1.960e-34
 1.900e-34 1.842e-34 1.788e-34 1.736e-34 1.687e-34 1.640e-34 1.595e-34 1.552e-34
 1.511e-34 1.472e-34 1.435e-34 1.399e-34 1.365e-34 1.332e-34 1.301e-34 1.271e-34
 1.242e-34 1.214e-34 1.188e-34 1.162e-34 1.137e-34 1.114e-34 1.091e-34 1.069e-34
 1.048e-34 1.027e-34 1.008e-34 9.885e-35 9.702e-35 9.525e-35 9.354e-35 9.190e-35
 9.031e-35 8.878e-35 8.731e-35 8.590e-35 8.454e-35 8.323e-35 8.198e-35 8.077e-35
 7.961e-35 7.850e-35 7.744e-35 7.641e-35 7.543e-35 7.449e-35 7.358e-35 7.271e-35
 7.188e-35 7.108e-35 7.031e-35 6.957e-35 6.887e-35 6.819e-35 6.754e-35 6.692e-35
 6.632e-35 6.575e-35 6.521e-35 6.469e-35 6.420e-35 6.373e-35 6.329e-35 6.287e-35
 6.247e-35 6.210e-35 6.174e-35 6.142e-35 6.111e-35 6.082e-35 6.055e-35 6.031e-35
 6.008e-35 5.987e-35 5.968e-35 5.951e-35 5.936e-35 5.922e-35 5.910e-35 5.899e-35
 5.890e-35 5.883e-35 5.877e-35 5.872e-35 5.869e-35 5.867e-35 5.866e-35 5.867e-35
 5.869e-35 5.872e-35 5.877e-35 5.883e-35 5.889e-35 5.898e-35 5.907e-35 5.917e-35
 5.929e-35 5.941e-35 5.954e-35 5.969e-35 5.984e-35 6.001e-35 6.018e-35 6.037e-35
 6.056e-35 6.076e-35 6.098e-35 6.120e-35 6.143e-35 6.167e-35 6.192e-35 6.219e-35
 6.246e-35 6.274e-35 6.303e-35 6.333e-35 6.365e-35 6.397e-35 6.430e-35 6.465e-35
 6.500e-35 6.537e-35 6.574e-35 6.613e-35 6.653e-35 6.693e-35 6.735e-35 6.778e-35
 6.821e-35 6.866e-35 6.912e-35 6.958e-35 7.006e-35 7.054e-35 7.103e-35 7.153e-35
 7.205e-35 7.257e-35 7.309e-35 7.363e-35 7.418e-35 7.473e-35 7.529e-35 7.586e-35
 7.644e-35 7.702e-35 7.761e-35 7.821e-35 7.881e-35 7.942e-35 8.004e-35 8.066e-35
 8.128e-35 8.192e-35 8.256e-35 8.320e-35 8.385e-35 8.451e-35 8.518e-35 8.585e-35
 8.652e-35 8.721e-35 8.790e-35 8.860e-35 8.930e-35 9.002e-35 9.073e-35 9.146e-35
 9.219e-35 9.293e-35 9.368e-35 9.444e-35 9.520e-35 9.597e-35 9.674e-35 9.753e-35
 9.832e-35 9.912e-35 9.992e-35 1.007e-34 1.016e-34 1.024e-34 1.032e-34 1.041e-34
 1.049e-34 1.058e-34 1.066e-34 1.075e-34 1.084e-34 1.093e-34 1.102e-34 1.111e-34
 1.120e-34 1.129e-34 1.138e-34 1.148e-34 1.157e-34 1.167e-34 1.176e-34 1.186e-34
 1.196e-34 1.206e-34 1.216e-34 1.226e-34 1.236e-34 1.246e-34 1.256e-34 1.267e-34
 1.277e-34 1.288e-34 1.298e-34 1.309e-34 1.320e-34 1.331e-34 1.342e-34 1.353e-34
 1.364e-34 1.375e-34 1.387e-34 1.398e-34 1.410e-34 1.421e-34 1.433e-34 1.445e-34
 1.457e-34 1.469e-34 1.481e-34 1.493e-34 1.506e-34 1.518e-34 1.531e-34 1.543e-34
 1.556e-34 1.569e-34 1.582e-34 1.595e-34 1.608e-34 1.622e-34 1.635e-34 1.649e-34
 1.662e-34 1.676e-34 1.690e-34 1.704e-34 1.718e-34 1.732e-34 1.747e-34 1.761e-34
 1.776e-34 1.791e-34 1.805e-34 1.820e-34 1.835e-34 1.851e-34 1.866e-34 1.881e-34
 1.897e-34 1.913e-34 1.929e-34 1.945e-34 1.961e-34 1.977e-34 1.993e-34 2.010e-34
 2.027e-34 2.043e-34 2.060e-34 2.077e-34 2.095e-34 2.112e-34 2.130e-34 2.147e-34
 2.165e-34 2.183e-34 2.201e-34 2.219e-34 2.238e-34 2.256e-34 2.275e-34 2.294e-34
 2.313e-34 2.332e-34 2.351e-34 2.371e-34 2.390e-34 2.410e-34 2.430e-34 2.450e-34
 2.471e-34 2.491e-34 2.512e-34 2.533e-34 2.554e-34 2.575e-34 2.596e-34 2.618e-34
 2.639e-34 2.661e-34 2.683e-34 2.706e-34 2.728e-34 2.751e-34 2.774e-34 2.797e-34
 2.820e-34 2.843e-34 2.867e-34 2.890e-34 2.914e-34 2.939e-34 2.963e-34 2.988e-34
C-------------------------------------------------------------------------------
C
C  The fractional abundance and radiated power were generated from the
C  ADAS installation at UKAEA with the named adf11 files. The adf11 data
C  files may be updated in a later release of ADAS and publicly
C  available versions may be found at https://open.adas.ac.uk/.
C
C  The equilibrium balance data was produced with run_adas405.py and
C  the balance with a confinement time with adas4xx_ionbal_tau.py
C  which are functions from the ADAS library. Details on these codes
C  may be found at: https://www.adas.ac.uk/python_lib/index.html
C
C  Copyright (C) 2023 UK Atomic Energy Authority
C
C  This file was generated for use in the UKAEA systems code PROCESS
C  using a script written by Martin O'Mullane.
C  If acquired without provenance a user is strongly advised
C  to check its validity by re-generating using the adf11 files from
C  the OPEN-ADAS site.
C
C  Produced by : Timothy Nunn
C  Date        : 29-07-26
C
C-------------------------------------------------------------------------------
