Mean quadratic charge as a function dwell time.
Temperature :      0.2 - 500000.0 eV
Density     : 1.00e+20 m-3
   600     5  # Te values, dwell time

Source data:
acd : /home/adas/adas/adf11/acd96/acd96_c.dat
scd : /home/adas/adas/adf11/scd96/scd96_c.dat
plt : /home/adas/adas/adf11/plt96/plt96_c.dat
prb : /home/adas/adas/adf11/prb96/prb96_c.dat

Te[eV]
 2.500e-01 2.561e-01 2.624e-01 2.688e-01 2.754e-01 2.822e-01 2.891e-01 2.962e-01
 3.035e-01 3.109e-01 3.185e-01 3.263e-01 3.343e-01 3.425e-01 3.509e-01 3.595e-01
 3.683e-01 3.774e-01 3.866e-01 3.961e-01 4.058e-01 4.158e-01 4.260e-01 4.364e-01
 4.471e-01 4.581e-01 4.693e-01 4.808e-01 4.926e-01 5.047e-01 5.170e-01 5.297e-01
 5.427e-01 5.560e-01 5.696e-01 5.836e-01 5.979e-01 6.126e-01 6.276e-01 6.430e-01
 6.587e-01 6.749e-01 6.914e-01 7.084e-01 7.257e-01 7.435e-01 7.618e-01 7.804e-01
 7.996e-01 8.192e-01 8.393e-01 8.598e-01 8.809e-01 9.025e-01 9.247e-01 9.473e-01
 9.706e-01 9.943e-01 1.019e+00 1.044e+00 1.069e+00 1.096e+00 1.122e+00 1.150e+00
 1.178e+00 1.207e+00 1.237e+00 1.267e+00 1.298e+00 1.330e+00 1.362e+00 1.396e+00
 1.430e+00 1.465e+00 1.501e+00 1.538e+00 1.575e+00 1.614e+00 1.654e+00 1.694e+00
 1.736e+00 1.778e+00 1.822e+00 1.867e+00 1.912e+00 1.959e+00 2.007e+00 2.056e+00
 2.107e+00 2.159e+00 2.211e+00 2.266e+00 2.321e+00 2.378e+00 2.436e+00 2.496e+00
 2.557e+00 2.620e+00 2.684e+00 2.750e+00 2.818e+00 2.887e+00 2.957e+00 3.030e+00
 3.104e+00 3.180e+00 3.258e+00 3.338e+00 3.420e+00 3.504e+00 3.590e+00 3.678e+00
 3.768e+00 3.860e+00 3.955e+00 4.052e+00 4.151e+00 4.253e+00 4.357e+00 4.464e+00
 4.574e+00 4.686e+00 4.801e+00 4.918e+00 5.039e+00 5.162e+00 5.289e+00 5.419e+00
 5.551e+00 5.688e+00 5.827e+00 5.970e+00 6.116e+00 6.266e+00 6.420e+00 6.577e+00
 6.738e+00 6.904e+00 7.073e+00 7.246e+00 7.424e+00 7.606e+00 7.792e+00 7.983e+00
 8.179e+00 8.380e+00 8.585e+00 8.796e+00 9.011e+00 9.232e+00 9.459e+00 9.691e+00
 9.928e+00 1.017e+01 1.042e+01 1.068e+01 1.094e+01 1.121e+01 1.148e+01 1.176e+01
 1.205e+01 1.235e+01 1.265e+01 1.296e+01 1.328e+01 1.360e+01 1.394e+01 1.428e+01
 1.463e+01 1.499e+01 1.535e+01 1.573e+01 1.612e+01 1.651e+01 1.692e+01 1.733e+01
 1.776e+01 1.819e+01 1.864e+01 1.909e+01 1.956e+01 2.004e+01 2.053e+01 2.104e+01
 2.155e+01 2.208e+01 2.262e+01 2.318e+01 2.374e+01 2.433e+01 2.492e+01 2.553e+01
 2.616e+01 2.680e+01 2.746e+01 2.813e+01 2.882e+01 2.953e+01 3.025e+01 3.099e+01
 3.175e+01 3.253e+01 3.333e+01 3.415e+01 3.498e+01 3.584e+01 3.672e+01 3.762e+01
 3.854e+01 3.949e+01 4.046e+01 4.145e+01 4.246e+01 4.351e+01 4.457e+01 4.566e+01
 4.678e+01 4.793e+01 4.911e+01 5.031e+01 5.154e+01 5.281e+01 5.410e+01 5.543e+01
 5.679e+01 5.818e+01 5.961e+01 6.107e+01 6.256e+01 6.410e+01 6.567e+01 6.728e+01
 6.893e+01 7.062e+01 7.235e+01 7.412e+01 7.594e+01 7.780e+01 7.971e+01 8.167e+01
 8.367e+01 8.572e+01 8.782e+01 8.997e+01 9.218e+01 9.444e+01 9.676e+01 9.913e+01
 1.016e+02 1.040e+02 1.066e+02 1.092e+02 1.119e+02 1.146e+02 1.174e+02 1.203e+02
 1.233e+02 1.263e+02 1.294e+02 1.326e+02 1.358e+02 1.391e+02 1.426e+02 1.461e+02
 1.496e+02 1.533e+02 1.571e+02 1.609e+02 1.649e+02 1.689e+02 1.730e+02 1.773e+02
 1.816e+02 1.861e+02 1.906e+02 1.953e+02 2.001e+02 2.050e+02 2.100e+02 2.152e+02
 2.205e+02 2.259e+02 2.314e+02 2.371e+02 2.429e+02 2.488e+02 2.549e+02 2.612e+02
 2.676e+02 2.742e+02 2.809e+02 2.878e+02 2.948e+02 3.021e+02 3.095e+02 3.170e+02
 3.248e+02 3.328e+02 3.409e+02 3.493e+02 3.579e+02 3.666e+02 3.756e+02 3.848e+02
 3.943e+02 4.039e+02 4.138e+02 4.240e+02 4.344e+02 4.450e+02 4.559e+02 4.671e+02
 4.786e+02 4.903e+02 5.023e+02 5.146e+02 5.273e+02 5.402e+02 5.534e+02 5.670e+02
 5.809e+02 5.951e+02 6.097e+02 6.247e+02 6.400e+02 6.557e+02 6.718e+02 6.882e+02
 7.051e+02 7.224e+02 7.401e+02 7.582e+02 7.768e+02 7.959e+02 8.154e+02 8.354e+02
 8.559e+02 8.769e+02 8.984e+02 9.204e+02 9.429e+02 9.661e+02 9.897e+02 1.014e+03
 1.039e+03 1.064e+03 1.090e+03 1.117e+03 1.145e+03 1.173e+03 1.201e+03 1.231e+03
 1.261e+03 1.292e+03 1.324e+03 1.356e+03 1.389e+03 1.423e+03 1.458e+03 1.494e+03
 1.531e+03 1.568e+03 1.607e+03 1.646e+03 1.686e+03 1.728e+03 1.770e+03 1.813e+03
 1.858e+03 1.903e+03 1.950e+03 1.998e+03 2.047e+03 2.097e+03 2.149e+03 2.201e+03
 2.255e+03 2.310e+03 2.367e+03 2.425e+03 2.485e+03 2.546e+03 2.608e+03 2.672e+03
 2.737e+03 2.804e+03 2.873e+03 2.944e+03 3.016e+03 3.090e+03 3.166e+03 3.243e+03
 3.323e+03 3.404e+03 3.488e+03 3.573e+03 3.661e+03 3.750e+03 3.842e+03 3.937e+03
 4.033e+03 4.132e+03 4.233e+03 4.337e+03 4.443e+03 4.552e+03 4.664e+03 4.778e+03
 4.895e+03 5.015e+03 5.138e+03 5.264e+03 5.393e+03 5.526e+03 5.661e+03 5.800e+03
 5.942e+03 6.088e+03 6.237e+03 6.390e+03 6.547e+03 6.707e+03 6.872e+03 7.040e+03
 7.213e+03 7.390e+03 7.571e+03 7.756e+03 7.947e+03 8.141e+03 8.341e+03 8.545e+03
 8.755e+03 8.970e+03 9.190e+03 9.415e+03 9.646e+03 9.882e+03 1.012e+04 1.037e+04
 1.063e+04 1.089e+04 1.115e+04 1.143e+04 1.171e+04 1.200e+04 1.229e+04 1.259e+04
 1.290e+04 1.322e+04 1.354e+04 1.387e+04 1.421e+04 1.456e+04 1.492e+04 1.528e+04
 1.566e+04 1.604e+04 1.643e+04 1.684e+04 1.725e+04 1.767e+04 1.811e+04 1.855e+04
 1.901e+04 1.947e+04 1.995e+04 2.044e+04 2.094e+04 2.145e+04 2.198e+04 2.252e+04
 2.307e+04 2.363e+04 2.421e+04 2.481e+04 2.542e+04 2.604e+04 2.668e+04 2.733e+04
 2.800e+04 2.869e+04 2.939e+04 3.011e+04 3.085e+04 3.161e+04 3.238e+04 3.318e+04
 3.399e+04 3.482e+04 3.568e+04 3.655e+04 3.745e+04 3.836e+04 3.931e+04 4.027e+04
 4.126e+04 4.227e+04 4.330e+04 4.437e+04 4.545e+04 4.657e+04 4.771e+04 4.888e+04
 5.008e+04 5.131e+04 5.256e+04 5.385e+04 5.517e+04 5.652e+04 5.791e+04 5.933e+04
 6.078e+04 6.228e+04 6.380e+04 6.537e+04 6.697e+04 6.861e+04 7.029e+04 7.202e+04
 7.378e+04 7.559e+04 7.744e+04 7.934e+04 8.129e+04 8.328e+04 8.532e+04 8.741e+04
 8.956e+04 9.175e+04 9.400e+04 9.631e+04 9.867e+04 1.011e+05 1.036e+05 1.061e+05
 1.087e+05 1.114e+05 1.141e+05 1.169e+05 1.198e+05 1.227e+05 1.257e+05 1.288e+05
 1.320e+05 1.352e+05 1.385e+05 1.419e+05 1.454e+05 1.489e+05 1.526e+05 1.563e+05
 1.602e+05 1.641e+05 1.681e+05 1.722e+05 1.765e+05 1.808e+05 1.852e+05 1.898e+05
 1.944e+05 1.992e+05 2.041e+05 2.091e+05 2.142e+05 2.194e+05 2.248e+05 2.303e+05
 2.360e+05 2.418e+05 2.477e+05 2.538e+05 2.600e+05 2.664e+05 2.729e+05 2.796e+05
 2.864e+05 2.935e+05 3.007e+05 3.080e+05 3.156e+05 3.233e+05 3.312e+05 3.394e+05
 3.477e+05 3.562e+05 3.649e+05 3.739e+05 3.831e+05 3.924e+05 4.021e+05 4.119e+05
 4.220e+05 4.324e+05 4.430e+05 4.538e+05 4.650e+05 4.764e+05 4.880e+05 5.000e+05
sqrt(<Z^2>) for tau[ms]=    0.1
 9.092e-08 1.421e-07 2.206e-07 3.402e-07 5.207e-07 7.905e-07 1.190e-06 1.774e-06
 2.620e-06 3.832e-06 5.549e-06 7.961e-06 1.132e-05 1.595e-05 2.228e-05 3.087e-05
 4.242e-05 5.784e-05 7.829e-05 1.052e-04 1.404e-04 1.861e-04 2.450e-04 3.207e-04
 4.173e-04 5.399e-04 6.947e-04 8.895e-04 1.133e-03 1.437e-03 1.815e-03 2.282e-03
 2.856e-03 3.559e-03 4.416e-03 5.455e-03 6.708e-03 8.213e-03 1.001e-02 1.215e-02
 1.468e-02 1.765e-02 2.114e-02 2.520e-02 2.991e-02 3.534e-02 4.159e-02 4.873e-02
 5.686e-02 6.609e-02 7.651e-02 8.823e-02 1.014e-01 1.160e-01 1.322e-01 1.502e-01
 1.699e-01 1.915e-01 2.150e-01 2.404e-01 2.677e-01 2.968e-01 3.276e-01 3.600e-01
 3.937e-01 4.284e-01 4.638e-01 4.996e-01 5.354e-01 5.708e-01 6.053e-01 6.388e-01
 6.708e-01 7.011e-01 7.296e-01 7.561e-01 7.806e-01 8.030e-01 8.235e-01 8.421e-01
 8.590e-01 8.742e-01 8.880e-01 9.005e-01 9.119e-01 9.224e-01 9.321e-01 9.413e-01
 9.501e-01 9.587e-01 9.674e-01 9.764e-01 9.858e-01 9.959e-01 1.007e+00 1.019e+00
 1.033e+00 1.048e+00 1.065e+00 1.085e+00 1.106e+00 1.130e+00 1.156e+00 1.184e+00
 1.214e+00 1.246e+00 1.280e+00 1.315e+00 1.351e+00 1.388e+00 1.425e+00 1.462e+00
 1.498e+00 1.533e+00 1.568e+00 1.600e+00 1.632e+00 1.662e+00 1.690e+00 1.716e+00
 1.742e+00 1.765e+00 1.788e+00 1.809e+00 1.829e+00 1.849e+00 1.868e+00 1.886e+00
 1.905e+00 1.923e+00 1.942e+00 1.961e+00 1.981e+00 2.002e+00 2.024e+00 2.047e+00
 2.071e+00 2.096e+00 2.123e+00 2.151e+00 2.180e+00 2.210e+00 2.241e+00 2.273e+00
 2.306e+00 2.340e+00 2.373e+00 2.407e+00 2.442e+00 2.476e+00 2.510e+00 2.543e+00
 2.577e+00 2.610e+00 2.643e+00 2.676e+00 2.708e+00 2.740e+00 2.772e+00 2.804e+00
 2.836e+00 2.868e+00 2.900e+00 2.932e+00 2.964e+00 2.996e+00 3.028e+00 3.060e+00
 3.092e+00 3.124e+00 3.156e+00 3.187e+00 3.218e+00 3.248e+00 3.278e+00 3.307e+00
 3.336e+00 3.364e+00 3.391e+00 3.417e+00 3.442e+00 3.466e+00 3.490e+00 3.512e+00
 3.534e+00 3.554e+00 3.574e+00 3.593e+00 3.610e+00 3.627e+00 3.643e+00 3.659e+00
 3.673e+00 3.687e+00 3.700e+00 3.712e+00 3.724e+00 3.735e+00 3.745e+00 3.755e+00
 3.764e+00 3.773e+00 3.782e+00 3.790e+00 3.797e+00 3.804e+00 3.811e+00 3.817e+00
 3.823e+00 3.829e+00 3.835e+00 3.840e+00 3.845e+00 3.849e+00 3.854e+00 3.858e+00
 3.862e+00 3.866e+00 3.870e+00 3.874e+00 3.877e+00 3.880e+00 3.884e+00 3.887e+00
 3.890e+00 3.893e+00 3.896e+00 3.899e+00 3.902e+00 3.905e+00 3.908e+00 3.911e+00
 3.915e+00 3.918e+00 3.921e+00 3.925e+00 3.928e+00 3.932e+00 3.936e+00 3.940e+00
 3.945e+00 3.949e+00 3.954e+00 3.959e+00 3.965e+00 3.971e+00 3.977e+00 3.983e+00
 3.990e+00 3.997e+00 4.005e+00 4.013e+00 4.021e+00 4.030e+00 4.039e+00 4.049e+00
 4.059e+00 4.069e+00 4.080e+00 4.092e+00 4.103e+00 4.115e+00 4.128e+00 4.140e+00
 4.154e+00 4.167e+00 4.181e+00 4.195e+00 4.210e+00 4.224e+00 4.239e+00 4.255e+00
 4.270e+00 4.286e+00 4.302e+00 4.318e+00 4.334e+00 4.350e+00 4.367e+00 4.383e+00
 4.400e+00 4.416e+00 4.433e+00 4.449e+00 4.466e+00 4.482e+00 4.499e+00 4.515e+00
 4.532e+00 4.548e+00 4.564e+00 4.581e+00 4.597e+00 4.612e+00 4.628e+00 4.644e+00
 4.659e+00 4.674e+00 4.689e+00 4.704e+00 4.719e+00 4.733e+00 4.748e+00 4.762e+00
 4.776e+00 4.789e+00 4.803e+00 4.816e+00 4.829e+00 4.841e+00 4.854e+00 4.866e+00
 4.878e+00 4.889e+00 4.901e+00 4.912e+00 4.923e+00 4.934e+00 4.944e+00 4.954e+00
 4.964e+00 4.974e+00 4.984e+00 4.993e+00 5.002e+00 5.011e+00 5.019e+00 5.028e+00
 5.036e+00 5.044e+00 5.051e+00 5.059e+00 5.066e+00 5.073e+00 5.080e+00 5.087e+00
 5.093e+00 5.099e+00 5.106e+00 5.112e+00 5.117e+00 5.123e+00 5.128e+00 5.134e+00
 5.139e+00 5.144e+00 5.149e+00 5.154e+00 5.158e+00 5.163e+00 5.167e+00 5.171e+00
 5.175e+00 5.179e+00 5.183e+00 5.187e+00 5.190e+00 5.194e+00 5.197e+00 5.200e+00
 5.204e+00 5.206e+00 5.209e+00 5.212e+00 5.215e+00 5.217e+00 5.220e+00 5.222e+00
 5.224e+00 5.227e+00 5.229e+00 5.231e+00 5.233e+00 5.235e+00 5.237e+00 5.239e+00
 5.241e+00 5.242e+00 5.244e+00 5.246e+00 5.247e+00 5.249e+00 5.250e+00 5.252e+00
 5.253e+00 5.254e+00 5.255e+00 5.257e+00 5.258e+00 5.259e+00 5.260e+00 5.261e+00
 5.261e+00 5.262e+00 5.263e+00 5.264e+00 5.264e+00 5.265e+00 5.265e+00 5.266e+00
 5.266e+00 5.267e+00 5.267e+00 5.268e+00 5.268e+00 5.268e+00 5.269e+00 5.269e+00
 5.269e+00 5.269e+00 5.269e+00 5.269e+00 5.270e+00 5.270e+00 5.270e+00 5.270e+00
 5.270e+00 5.270e+00 5.270e+00 5.270e+00 5.269e+00 5.269e+00 5.269e+00 5.269e+00
 5.269e+00 5.269e+00 5.268e+00 5.268e+00 5.268e+00 5.267e+00 5.267e+00 5.267e+00
 5.266e+00 5.266e+00 5.266e+00 5.265e+00 5.265e+00 5.264e+00 5.264e+00 5.263e+00
 5.263e+00 5.262e+00 5.262e+00 5.261e+00 5.261e+00 5.260e+00 5.260e+00 5.259e+00
 5.259e+00 5.258e+00 5.258e+00 5.257e+00 5.256e+00 5.256e+00 5.255e+00 5.255e+00
 5.254e+00 5.253e+00 5.253e+00 5.252e+00 5.252e+00 5.251e+00 5.250e+00 5.250e+00
 5.249e+00 5.249e+00 5.248e+00 5.247e+00 5.247e+00 5.246e+00 5.245e+00 5.245e+00
 5.244e+00 5.244e+00 5.243e+00 5.242e+00 5.242e+00 5.241e+00 5.240e+00 5.240e+00
 5.239e+00 5.238e+00 5.238e+00 5.237e+00 5.236e+00 5.236e+00 5.235e+00 5.234e+00
 5.234e+00 5.233e+00 5.232e+00 5.231e+00 5.231e+00 5.230e+00 5.229e+00 5.229e+00
 5.228e+00 5.227e+00 5.227e+00 5.226e+00 5.225e+00 5.224e+00 5.224e+00 5.223e+00
 5.222e+00 5.221e+00 5.221e+00 5.220e+00 5.219e+00 5.219e+00 5.218e+00 5.217e+00
 5.216e+00 5.216e+00 5.215e+00 5.214e+00 5.213e+00 5.212e+00 5.212e+00 5.211e+00
 5.210e+00 5.209e+00 5.209e+00 5.208e+00 5.207e+00 5.206e+00 5.205e+00 5.205e+00
 5.204e+00 5.203e+00 5.202e+00 5.201e+00 5.201e+00 5.200e+00 5.199e+00 5.198e+00
 5.197e+00 5.196e+00 5.196e+00 5.195e+00 5.194e+00 5.193e+00 5.192e+00 5.191e+00
 5.191e+00 5.190e+00 5.189e+00 5.188e+00 5.187e+00 5.186e+00 5.185e+00 5.185e+00
 5.184e+00 5.183e+00 5.182e+00 5.181e+00 5.180e+00 5.179e+00 5.178e+00 5.177e+00
 5.177e+00 5.176e+00 5.175e+00 5.174e+00 5.173e+00 5.172e+00 5.171e+00 5.170e+00
 5.169e+00 5.168e+00 5.167e+00 5.167e+00 5.166e+00 5.165e+00 5.164e+00 5.163e+00
 5.162e+00 5.161e+00 5.160e+00 5.159e+00 5.158e+00 5.157e+00 5.156e+00 5.155e+00
 5.154e+00 5.153e+00 5.152e+00 5.151e+00 5.150e+00 5.149e+00 5.148e+00 5.147e+00
 5.146e+00 5.145e+00 5.144e+00 5.143e+00 5.142e+00 5.141e+00 5.140e+00 5.139e+00
sqrt(<Z^2>) for tau[ms]=    1.0
 1.343e-07 2.135e-07 3.371e-07 5.288e-07 8.233e-07 1.272e-06 1.948e-06 2.957e-06
 4.444e-06 6.615e-06 9.751e-06 1.424e-05 2.060e-05 2.953e-05 4.198e-05 5.916e-05
 8.269e-05 1.146e-04 1.577e-04 2.154e-04 2.919e-04 3.929e-04 5.252e-04 6.975e-04
 9.204e-04 1.207e-03 1.575e-03 2.042e-03 2.635e-03 3.382e-03 4.320e-03 5.492e-03
 6.948e-03 8.748e-03 1.096e-02 1.367e-02 1.696e-02 2.095e-02 2.575e-02 3.151e-02
 3.835e-02 4.647e-02 5.602e-02 6.721e-02 8.023e-02 9.530e-02 1.126e-01 1.325e-01
 1.550e-01 1.805e-01 2.090e-01 2.406e-01 2.754e-01 3.132e-01 3.539e-01 3.971e-01
 4.422e-01 4.886e-01 5.355e-01 5.820e-01 6.274e-01 6.706e-01 7.112e-01 7.486e-01
 7.824e-01 8.127e-01 8.393e-01 8.626e-01 8.827e-01 9.000e-01 9.148e-01 9.274e-01
 9.382e-01 9.474e-01 9.553e-01 9.621e-01 9.681e-01 9.735e-01 9.785e-01 9.833e-01
 9.882e-01 9.932e-01 9.989e-01 1.005e+00 1.013e+00 1.022e+00 1.033e+00 1.046e+00
 1.063e+00 1.082e+00 1.105e+00 1.132e+00 1.164e+00 1.199e+00 1.238e+00 1.281e+00
 1.327e+00 1.375e+00 1.424e+00 1.474e+00 1.522e+00 1.570e+00 1.614e+00 1.656e+00
 1.695e+00 1.731e+00 1.763e+00 1.793e+00 1.819e+00 1.842e+00 1.863e+00 1.881e+00
 1.898e+00 1.914e+00 1.929e+00 1.942e+00 1.956e+00 1.970e+00 1.984e+00 1.999e+00
 2.016e+00 2.034e+00 2.054e+00 2.076e+00 2.101e+00 2.129e+00 2.160e+00 2.194e+00
 2.230e+00 2.270e+00 2.311e+00 2.354e+00 2.398e+00 2.442e+00 2.487e+00 2.532e+00
 2.575e+00 2.618e+00 2.660e+00 2.700e+00 2.740e+00 2.778e+00 2.816e+00 2.853e+00
 2.891e+00 2.928e+00 2.965e+00 3.004e+00 3.043e+00 3.083e+00 3.123e+00 3.165e+00
 3.207e+00 3.250e+00 3.293e+00 3.335e+00 3.377e+00 3.418e+00 3.458e+00 3.497e+00
 3.534e+00 3.569e+00 3.602e+00 3.633e+00 3.662e+00 3.689e+00 3.714e+00 3.737e+00
 3.759e+00 3.778e+00 3.796e+00 3.812e+00 3.827e+00 3.840e+00 3.853e+00 3.864e+00
 3.874e+00 3.884e+00 3.892e+00 3.900e+00 3.907e+00 3.913e+00 3.919e+00 3.925e+00
 3.930e+00 3.934e+00 3.938e+00 3.942e+00 3.946e+00 3.949e+00 3.952e+00 3.955e+00
 3.957e+00 3.959e+00 3.962e+00 3.964e+00 3.965e+00 3.967e+00 3.969e+00 3.970e+00
 3.972e+00 3.973e+00 3.974e+00 3.975e+00 3.976e+00 3.977e+00 3.979e+00 3.980e+00
 3.981e+00 3.982e+00 3.983e+00 3.984e+00 3.985e+00 3.986e+00 3.987e+00 3.989e+00
 3.990e+00 3.992e+00 3.994e+00 3.996e+00 3.999e+00 4.002e+00 4.005e+00 4.009e+00
 4.014e+00 4.019e+00 4.024e+00 4.031e+00 4.038e+00 4.046e+00 4.055e+00 4.065e+00
 4.077e+00 4.089e+00 4.102e+00 4.117e+00 4.133e+00 4.150e+00 4.169e+00 4.188e+00
 4.209e+00 4.231e+00 4.255e+00 4.279e+00 4.305e+00 4.331e+00 4.359e+00 4.387e+00
 4.416e+00 4.446e+00 4.476e+00 4.507e+00 4.539e+00 4.571e+00 4.603e+00 4.636e+00
 4.669e+00 4.702e+00 4.736e+00 4.769e+00 4.803e+00 4.836e+00 4.870e+00 4.903e+00
 4.936e+00 4.968e+00 5.001e+00 5.032e+00 5.064e+00 5.095e+00 5.125e+00 5.154e+00
 5.183e+00 5.211e+00 5.238e+00 5.265e+00 5.291e+00 5.315e+00 5.340e+00 5.363e+00
 5.385e+00 5.407e+00 5.427e+00 5.447e+00 5.466e+00 5.485e+00 5.502e+00 5.519e+00
 5.535e+00 5.551e+00 5.566e+00 5.580e+00 5.593e+00 5.606e+00 5.618e+00 5.630e+00
 5.642e+00 5.652e+00 5.663e+00 5.672e+00 5.682e+00 5.691e+00 5.699e+00 5.708e+00
 5.715e+00 5.723e+00 5.730e+00 5.737e+00 5.743e+00 5.750e+00 5.756e+00 5.761e+00
 5.767e+00 5.772e+00 5.777e+00 5.782e+00 5.787e+00 5.791e+00 5.795e+00 5.799e+00
 5.803e+00 5.807e+00 5.810e+00 5.814e+00 5.817e+00 5.820e+00 5.823e+00 5.826e+00
 5.829e+00 5.832e+00 5.834e+00 5.837e+00 5.839e+00 5.841e+00 5.844e+00 5.846e+00
 5.848e+00 5.850e+00 5.851e+00 5.853e+00 5.855e+00 5.857e+00 5.858e+00 5.860e+00
 5.861e+00 5.863e+00 5.864e+00 5.865e+00 5.867e+00 5.868e+00 5.869e+00 5.870e+00
 5.872e+00 5.873e+00 5.874e+00 5.875e+00 5.876e+00 5.877e+00 5.877e+00 5.878e+00
 5.879e+00 5.880e+00 5.881e+00 5.881e+00 5.882e+00 5.883e+00 5.883e+00 5.884e+00
 5.885e+00 5.885e+00 5.886e+00 5.886e+00 5.887e+00 5.887e+00 5.888e+00 5.888e+00
 5.889e+00 5.889e+00 5.890e+00 5.890e+00 5.891e+00 5.891e+00 5.891e+00 5.892e+00
 5.892e+00 5.892e+00 5.893e+00 5.893e+00 5.893e+00 5.894e+00 5.894e+00 5.894e+00
 5.895e+00 5.895e+00 5.895e+00 5.895e+00 5.895e+00 5.896e+00 5.896e+00 5.896e+00
 5.896e+00 5.896e+00 5.897e+00 5.897e+00 5.897e+00 5.897e+00 5.897e+00 5.897e+00
 5.897e+00 5.897e+00 5.898e+00 5.898e+00 5.898e+00 5.898e+00 5.898e+00 5.898e+00
 5.898e+00 5.898e+00 5.898e+00 5.898e+00 5.898e+00 5.898e+00 5.898e+00 5.898e+00
 5.898e+00 5.899e+00 5.899e+00 5.899e+00 5.899e+00 5.899e+00 5.899e+00 5.899e+00
 5.899e+00 5.899e+00 5.899e+00 5.899e+00 5.898e+00 5.898e+00 5.898e+00 5.898e+00
 5.898e+00 5.898e+00 5.898e+00 5.898e+00 5.898e+00 5.898e+00 5.898e+00 5.898e+00
 5.898e+00 5.898e+00 5.898e+00 5.898e+00 5.898e+00 5.898e+00 5.898e+00 5.898e+00
 5.898e+00 5.898e+00 5.897e+00 5.897e+00 5.897e+00 5.897e+00 5.897e+00 5.897e+00
 5.897e+00 5.897e+00 5.897e+00 5.897e+00 5.897e+00 5.897e+00 5.897e+00 5.897e+00
 5.897e+00 5.897e+00 5.896e+00 5.896e+00 5.896e+00 5.896e+00 5.896e+00 5.896e+00
 5.896e+00 5.896e+00 5.896e+00 5.896e+00 5.896e+00 5.896e+00 5.896e+00 5.895e+00
 5.895e+00 5.895e+00 5.895e+00 5.895e+00 5.895e+00 5.895e+00 5.895e+00 5.895e+00
 5.895e+00 5.895e+00 5.895e+00 5.894e+00 5.894e+00 5.894e+00 5.894e+00 5.894e+00
 5.894e+00 5.894e+00 5.894e+00 5.894e+00 5.894e+00 5.894e+00 5.894e+00 5.893e+00
 5.893e+00 5.893e+00 5.893e+00 5.893e+00 5.893e+00 5.893e+00 5.893e+00 5.893e+00
 5.893e+00 5.892e+00 5.892e+00 5.892e+00 5.892e+00 5.892e+00 5.892e+00 5.892e+00
 5.892e+00 5.892e+00 5.892e+00 5.891e+00 5.891e+00 5.891e+00 5.891e+00 5.891e+00
 5.891e+00 5.891e+00 5.891e+00 5.891e+00 5.890e+00 5.890e+00 5.890e+00 5.890e+00
 5.890e+00 5.890e+00 5.890e+00 5.890e+00 5.889e+00 5.889e+00 5.889e+00 5.889e+00
 5.889e+00 5.889e+00 5.889e+00 5.889e+00 5.889e+00 5.888e+00 5.888e+00 5.888e+00
 5.888e+00 5.888e+00 5.888e+00 5.888e+00 5.887e+00 5.887e+00 5.887e+00 5.887e+00
 5.887e+00 5.887e+00 5.887e+00 5.887e+00 5.886e+00 5.886e+00 5.886e+00 5.886e+00
 5.886e+00 5.886e+00 5.886e+00 5.885e+00 5.885e+00 5.885e+00 5.885e+00 5.885e+00
 5.885e+00 5.885e+00 5.884e+00 5.884e+00 5.884e+00 5.884e+00 5.884e+00 5.884e+00
 5.884e+00 5.883e+00 5.883e+00 5.883e+00 5.883e+00 5.883e+00 5.883e+00 5.882e+00
sqrt(<Z^2>) for tau[ms]=   10.0
 1.431e-07 2.283e-07 3.621e-07 5.707e-07 8.930e-07 1.387e-06 2.136e-06 3.261e-06
 4.931e-06 7.387e-06 1.096e-05 1.612e-05 2.349e-05 3.395e-05 4.864e-05 6.912e-05
 9.745e-05 1.363e-04 1.893e-04 2.610e-04 3.573e-04 4.858e-04 6.562e-04 8.808e-04
 1.175e-03 1.559e-03 2.056e-03 2.698e-03 3.522e-03 4.575e-03 5.914e-03 7.610e-03
 9.746e-03 1.242e-02 1.576e-02 1.990e-02 2.500e-02 3.126e-02 3.891e-02 4.818e-02
 5.938e-02 7.281e-02 8.882e-02 1.078e-01 1.301e-01 1.561e-01 1.861e-01 2.206e-01
 2.596e-01 3.032e-01 3.512e-01 4.030e-01 4.578e-01 5.145e-01 5.714e-01 6.272e-01
 6.802e-01 7.293e-01 7.734e-01 8.122e-01 8.455e-01 8.736e-01 8.970e-01 9.162e-01
 9.319e-01 9.447e-01 9.550e-01 9.633e-01 9.701e-01 9.756e-01 9.801e-01 9.838e-01
 9.870e-01 9.898e-01 9.924e-01 9.949e-01 9.976e-01 1.001e+00 1.004e+00 1.009e+00
 1.014e+00 1.022e+00 1.031e+00 1.044e+00 1.060e+00 1.080e+00 1.105e+00 1.136e+00
 1.172e+00 1.214e+00 1.262e+00 1.315e+00 1.371e+00 1.429e+00 1.488e+00 1.546e+00
 1.602e+00 1.653e+00 1.701e+00 1.743e+00 1.781e+00 1.814e+00 1.842e+00 1.867e+00
 1.888e+00 1.906e+00 1.921e+00 1.935e+00 1.946e+00 1.957e+00 1.967e+00 1.976e+00
 1.986e+00 1.996e+00 2.007e+00 2.020e+00 2.035e+00 2.052e+00 2.072e+00 2.096e+00
 2.124e+00 2.155e+00 2.192e+00 2.232e+00 2.277e+00 2.325e+00 2.376e+00 2.428e+00
 2.481e+00 2.534e+00 2.586e+00 2.637e+00 2.685e+00 2.732e+00 2.776e+00 2.819e+00
 2.861e+00 2.903e+00 2.944e+00 2.986e+00 3.030e+00 3.075e+00 3.122e+00 3.171e+00
 3.222e+00 3.274e+00 3.327e+00 3.381e+00 3.433e+00 3.485e+00 3.535e+00 3.582e+00
 3.626e+00 3.666e+00 3.703e+00 3.737e+00 3.767e+00 3.795e+00 3.819e+00 3.840e+00
 3.859e+00 3.875e+00 3.890e+00 3.902e+00 3.913e+00 3.923e+00 3.932e+00 3.939e+00
 3.946e+00 3.951e+00 3.957e+00 3.961e+00 3.965e+00 3.968e+00 3.971e+00 3.974e+00
 3.977e+00 3.979e+00 3.981e+00 3.982e+00 3.984e+00 3.985e+00 3.986e+00 3.987e+00
 3.988e+00 3.989e+00 3.990e+00 3.991e+00 3.991e+00 3.992e+00 3.993e+00 3.993e+00
 3.994e+00 3.994e+00 3.994e+00 3.995e+00 3.995e+00 3.995e+00 3.996e+00 3.996e+00
 3.996e+00 3.997e+00 3.997e+00 3.998e+00 3.998e+00 3.999e+00 4.000e+00 4.001e+00
 4.002e+00 4.003e+00 4.005e+00 4.007e+00 4.010e+00 4.013e+00 4.017e+00 4.022e+00
 4.028e+00 4.035e+00 4.043e+00 4.052e+00 4.063e+00 4.076e+00 4.091e+00 4.107e+00
 4.126e+00 4.147e+00 4.170e+00 4.195e+00 4.223e+00 4.253e+00 4.285e+00 4.318e+00
 4.354e+00 4.391e+00 4.429e+00 4.469e+00 4.509e+00 4.551e+00 4.593e+00 4.637e+00
 4.681e+00 4.726e+00 4.771e+00 4.817e+00 4.863e+00 4.910e+00 4.957e+00 5.005e+00
 5.052e+00 5.099e+00 5.145e+00 5.191e+00 5.236e+00 5.280e+00 5.322e+00 5.364e+00
 5.403e+00 5.441e+00 5.477e+00 5.511e+00 5.543e+00 5.574e+00 5.602e+00 5.629e+00
 5.654e+00 5.677e+00 5.699e+00 5.719e+00 5.738e+00 5.755e+00 5.771e+00 5.786e+00
 5.800e+00 5.813e+00 5.825e+00 5.835e+00 5.846e+00 5.855e+00 5.863e+00 5.871e+00
 5.879e+00 5.886e+00 5.892e+00 5.898e+00 5.903e+00 5.908e+00 5.913e+00 5.918e+00
 5.922e+00 5.925e+00 5.929e+00 5.932e+00 5.935e+00 5.938e+00 5.941e+00 5.943e+00
 5.946e+00 5.948e+00 5.950e+00 5.952e+00 5.954e+00 5.956e+00 5.957e+00 5.959e+00
 5.960e+00 5.962e+00 5.963e+00 5.964e+00 5.965e+00 5.966e+00 5.968e+00 5.968e+00
 5.969e+00 5.970e+00 5.971e+00 5.972e+00 5.973e+00 5.973e+00 5.974e+00 5.975e+00
 5.975e+00 5.976e+00 5.976e+00 5.977e+00 5.978e+00 5.978e+00 5.978e+00 5.979e+00
 5.979e+00 5.980e+00 5.980e+00 5.980e+00 5.981e+00 5.981e+00 5.982e+00 5.982e+00
 5.982e+00 5.982e+00 5.983e+00 5.983e+00 5.983e+00 5.983e+00 5.984e+00 5.984e+00
 5.984e+00 5.984e+00 5.984e+00 5.985e+00 5.985e+00 5.985e+00 5.985e+00 5.985e+00
 5.986e+00 5.986e+00 5.986e+00 5.986e+00 5.986e+00 5.986e+00 5.986e+00 5.986e+00
 5.987e+00 5.987e+00 5.987e+00 5.987e+00 5.987e+00 5.987e+00 5.987e+00 5.987e+00
 5.987e+00 5.987e+00 5.988e+00 5.988e+00 5.988e+00 5.988e+00 5.988e+00 5.988e+00
 5.988e+00 5.988e+00 5.988e+00 5.988e+00 5.988e+00 5.988e+00 5.988e+00 5.988e+00
 5.988e+00 5.988e+00 5.988e+00 5.989e+00 5.989e+00 5.989e+00 5.989e+00 5.989e+00
 5.989e+00 5.989e+00 5.989e+00 5.989e+00 5.989e+00 5.989e+00 5.989e+00 5.989e+00
 5.989e+00 5.989e+00 5.989e+00 5.989e+00 5.989e+00 5.989e+00 5.989e+00 5.989e+00
 5.989e+00 5.989e+00 5.989e+00 5.989e+00 5.989e+00 5.989e+00 5.989e+00 5.989e+00
 5.989e+00 5.989e+00 5.989e+00 5.989e+00 5.989e+00 5.989e+00 5.989e+00 5.989e+00
 5.989e+00 5.989e+00 5.989e+00 5.989e+00 5.989e+00 5.989e+00 5.989e+00 5.989e+00
 5.989e+00 5.989e+00 5.989e+00 5.989e+00 5.989e+00 5.989e+00 5.989e+00 5.989e+00
 5.989e+00 5.989e+00 5.989e+00 5.989e+00 5.989e+00 5.989e+00 5.989e+00 5.989e+00
 5.989e+00 5.989e+00 5.989e+00 5.989e+00 5.989e+00 5.989e+00 5.989e+00 5.989e+00
 5.989e+00 5.989e+00 5.989e+00 5.989e+00 5.989e+00 5.989e+00 5.989e+00 5.989e+00
 5.989e+00 5.989e+00 5.989e+00 5.989e+00 5.989e+00 5.989e+00 5.989e+00 5.989e+00
 5.989e+00 5.989e+00 5.989e+00 5.989e+00 5.989e+00 5.989e+00 5.989e+00 5.989e+00
 5.989e+00 5.989e+00 5.989e+00 5.989e+00 5.989e+00 5.989e+00 5.989e+00 5.989e+00
 5.989e+00 5.989e+00 5.989e+00 5.989e+00 5.989e+00 5.989e+00 5.989e+00 5.989e+00
 5.989e+00 5.989e+00 5.989e+00 5.989e+00 5.989e+00 5.989e+00 5.989e+00 5.989e+00
 5.989e+00 5.989e+00 5.989e+00 5.989e+00 5.989e+00 5.989e+00 5.989e+00 5.989e+00
 5.989e+00 5.989e+00 5.989e+00 5.989e+00 5.989e+00 5.989e+00 5.989e+00 5.989e+00
 5.989e+00 5.989e+00 5.989e+00 5.989e+00 5.989e+00 5.989e+00 5.989e+00 5.989e+00
 5.989e+00 5.989e+00 5.989e+00 5.989e+00 5.989e+00 5.989e+00 5.989e+00 5.989e+00
 5.989e+00 5.989e+00 5.989e+00 5.989e+00 5.989e+00 5.989e+00 5.989e+00 5.989e+00
 5.989e+00 5.989e+00 5.989e+00 5.989e+00 5.989e+00 5.989e+00 5.989e+00 5.988e+00
 5.988e+00 5.988e+00 5.988e+00 5.988e+00 5.988e+00 5.988e+00 5.988e+00 5.988e+00
 5.988e+00 5.988e+00 5.988e+00 5.988e+00 5.988e+00 5.988e+00 5.988e+00 5.988e+00
 5.988e+00 5.988e+00 5.988e+00 5.988e+00 5.988e+00 5.988e+00 5.988e+00 5.988e+00
 5.988e+00 5.988e+00 5.988e+00 5.988e+00 5.988e+00 5.988e+00 5.988e+00 5.988e+00
 5.988e+00 5.988e+00 5.988e+00 5.988e+00 5.988e+00 5.988e+00 5.988e+00 5.988e+00
 5.988e+00 5.988e+00 5.988e+00 5.988e+00 5.988e+00 5.988e+00 5.988e+00 5.988e+00
sqrt(<Z^2>) for tau[ms]=  100.0
 1.441e-07 2.300e-07 3.650e-07 5.755e-07 9.010e-07 1.400e-06 2.158e-06 3.296e-06
 4.989e-06 7.480e-06 1.111e-05 1.635e-05 2.386e-05 3.450e-05 4.949e-05 7.042e-05
 9.940e-05 1.392e-04 1.936e-04 2.673e-04 3.665e-04 4.991e-04 6.754e-04 9.082e-04
 1.214e-03 1.614e-03 2.133e-03 2.804e-03 3.669e-03 4.777e-03 6.191e-03 7.986e-03
 1.025e-02 1.311e-02 1.667e-02 2.111e-02 2.661e-02 3.338e-02 4.167e-02 5.177e-02
 6.402e-02 7.877e-02 9.642e-02 1.174e-01 1.421e-01 1.711e-01 2.047e-01 2.432e-01
 2.867e-01 3.353e-01 3.884e-01 4.452e-01 5.045e-01 5.646e-01 6.237e-01 6.801e-01
 7.321e-01 7.786e-01 8.192e-01 8.536e-01 8.822e-01 9.057e-01 9.247e-01 9.399e-01
 9.521e-01 9.617e-01 9.694e-01 9.755e-01 9.803e-01 9.842e-01 9.874e-01 9.901e-01
 9.924e-01 9.944e-01 9.965e-01 9.986e-01 1.001e+00 1.004e+00 1.008e+00 1.013e+00
 1.019e+00 1.028e+00 1.039e+00 1.054e+00 1.072e+00 1.096e+00 1.126e+00 1.161e+00
 1.203e+00 1.251e+00 1.305e+00 1.363e+00 1.423e+00 1.485e+00 1.545e+00 1.603e+00
 1.657e+00 1.706e+00 1.750e+00 1.789e+00 1.822e+00 1.851e+00 1.875e+00 1.896e+00
 1.914e+00 1.928e+00 1.941e+00 1.952e+00 1.962e+00 1.971e+00 1.980e+00 1.988e+00
 1.997e+00 2.007e+00 2.019e+00 2.032e+00 2.048e+00 2.067e+00 2.090e+00 2.116e+00
 2.147e+00 2.183e+00 2.224e+00 2.269e+00 2.318e+00 2.370e+00 2.424e+00 2.479e+00
 2.534e+00 2.588e+00 2.641e+00 2.691e+00 2.739e+00 2.785e+00 2.830e+00 2.873e+00
 2.916e+00 2.959e+00 3.003e+00 3.049e+00 3.097e+00 3.147e+00 3.200e+00 3.255e+00
 3.312e+00 3.369e+00 3.426e+00 3.482e+00 3.535e+00 3.586e+00 3.634e+00 3.678e+00
 3.717e+00 3.753e+00 3.785e+00 3.813e+00 3.838e+00 3.859e+00 3.878e+00 3.894e+00
 3.908e+00 3.920e+00 3.930e+00 3.939e+00 3.947e+00 3.953e+00 3.959e+00 3.964e+00
 3.968e+00 3.972e+00 3.975e+00 3.978e+00 3.981e+00 3.983e+00 3.985e+00 3.986e+00
 3.988e+00 3.989e+00 3.990e+00 3.991e+00 3.992e+00 3.993e+00 3.993e+00 3.994e+00
 3.995e+00 3.995e+00 3.995e+00 3.996e+00 3.996e+00 3.997e+00 3.997e+00 3.997e+00
 3.997e+00 3.998e+00 3.998e+00 3.998e+00 3.998e+00 3.998e+00 3.999e+00 3.999e+00
 3.999e+00 4.000e+00 4.000e+00 4.001e+00 4.001e+00 4.002e+00 4.003e+00 4.005e+00
 4.007e+00 4.009e+00 4.012e+00 4.016e+00 4.020e+00 4.025e+00 4.032e+00 4.040e+00
 4.050e+00 4.061e+00 4.075e+00 4.091e+00 4.109e+00 4.129e+00 4.153e+00 4.179e+00
 4.208e+00 4.239e+00 4.273e+00 4.309e+00 4.348e+00 4.388e+00 4.430e+00 4.473e+00
 4.517e+00 4.562e+00 4.608e+00 4.655e+00 4.702e+00 4.750e+00 4.799e+00 4.849e+00
 4.900e+00 4.951e+00 5.003e+00 5.055e+00 5.107e+00 5.159e+00 5.211e+00 5.263e+00
 5.313e+00 5.362e+00 5.409e+00 5.454e+00 5.497e+00 5.537e+00 5.576e+00 5.611e+00
 5.644e+00 5.675e+00 5.703e+00 5.729e+00 5.753e+00 5.775e+00 5.794e+00 5.812e+00
 5.829e+00 5.843e+00 5.857e+00 5.869e+00 5.880e+00 5.890e+00 5.899e+00 5.907e+00
 5.915e+00 5.922e+00 5.928e+00 5.933e+00 5.939e+00 5.943e+00 5.947e+00 5.951e+00
 5.955e+00 5.958e+00 5.961e+00 5.964e+00 5.966e+00 5.968e+00 5.970e+00 5.972e+00
 5.974e+00 5.976e+00 5.977e+00 5.978e+00 5.980e+00 5.981e+00 5.982e+00 5.983e+00
 5.984e+00 5.985e+00 5.986e+00 5.986e+00 5.987e+00 5.988e+00 5.988e+00 5.989e+00
 5.989e+00 5.990e+00 5.990e+00 5.991e+00 5.991e+00 5.992e+00 5.992e+00 5.992e+00
 5.993e+00 5.993e+00 5.993e+00 5.993e+00 5.994e+00 5.994e+00 5.994e+00 5.994e+00
 5.995e+00 5.995e+00 5.995e+00 5.995e+00 5.995e+00 5.995e+00 5.996e+00 5.996e+00
 5.996e+00 5.996e+00 5.996e+00 5.996e+00 5.996e+00 5.996e+00 5.997e+00 5.997e+00
 5.997e+00 5.997e+00 5.997e+00 5.997e+00 5.997e+00 5.997e+00 5.997e+00 5.997e+00
 5.997e+00 5.997e+00 5.997e+00 5.997e+00 5.998e+00 5.998e+00 5.998e+00 5.998e+00
 5.998e+00 5.998e+00 5.998e+00 5.998e+00 5.998e+00 5.998e+00 5.998e+00 5.998e+00
 5.998e+00 5.998e+00 5.998e+00 5.998e+00 5.998e+00 5.998e+00 5.998e+00 5.998e+00
 5.998e+00 5.998e+00 5.998e+00 5.998e+00 5.998e+00 5.998e+00 5.998e+00 5.998e+00
 5.998e+00 5.998e+00 5.998e+00 5.998e+00 5.998e+00 5.998e+00 5.999e+00 5.999e+00
 5.999e+00 5.999e+00 5.999e+00 5.999e+00 5.999e+00 5.999e+00 5.999e+00 5.999e+00
 5.999e+00 5.999e+00 5.999e+00 5.999e+00 5.999e+00 5.999e+00 5.999e+00 5.999e+00
 5.999e+00 5.999e+00 5.999e+00 5.999e+00 5.999e+00 5.999e+00 5.999e+00 5.999e+00
 5.999e+00 5.999e+00 5.999e+00 5.999e+00 5.999e+00 5.999e+00 5.999e+00 5.999e+00
 5.999e+00 5.999e+00 5.999e+00 5.999e+00 5.999e+00 5.999e+00 5.999e+00 5.999e+00
 5.999e+00 5.999e+00 5.999e+00 5.999e+00 5.999e+00 5.999e+00 5.999e+00 5.999e+00
 5.999e+00 5.999e+00 5.999e+00 5.999e+00 5.999e+00 5.999e+00 5.999e+00 5.999e+00
 5.999e+00 5.999e+00 5.999e+00 5.999e+00 5.999e+00 5.999e+00 5.999e+00 5.999e+00
 5.999e+00 5.999e+00 5.999e+00 5.999e+00 5.999e+00 5.999e+00 5.999e+00 5.999e+00
 5.999e+00 5.999e+00 5.999e+00 5.999e+00 5.999e+00 5.999e+00 5.999e+00 5.999e+00
 5.999e+00 5.999e+00 5.999e+00 5.999e+00 5.999e+00 5.999e+00 5.999e+00 5.999e+00
 5.999e+00 5.999e+00 5.999e+00 5.999e+00 5.999e+00 5.999e+00 5.999e+00 5.999e+00
 5.999e+00 5.999e+00 5.999e+00 5.999e+00 5.999e+00 5.999e+00 5.999e+00 5.999e+00
 5.999e+00 5.999e+00 5.999e+00 5.999e+00 5.999e+00 5.999e+00 5.999e+00 5.999e+00
 5.999e+00 5.999e+00 5.999e+00 5.999e+00 5.999e+00 5.999e+00 5.999e+00 5.999e+00
 5.999e+00 5.999e+00 5.999e+00 5.999e+00 5.999e+00 5.999e+00 5.999e+00 5.999e+00
 5.999e+00 5.999e+00 5.999e+00 5.999e+00 5.999e+00 5.999e+00 5.999e+00 5.999e+00
 5.999e+00 5.999e+00 5.999e+00 5.999e+00 5.999e+00 5.999e+00 5.999e+00 5.999e+00
 5.999e+00 5.999e+00 5.999e+00 5.999e+00 5.999e+00 5.999e+00 5.999e+00 5.999e+00
 5.999e+00 5.999e+00 5.999e+00 5.999e+00 5.999e+00 5.999e+00 5.999e+00 5.999e+00
 5.999e+00 5.999e+00 5.999e+00 5.999e+00 5.999e+00 5.999e+00 5.999e+00 5.999e+00
 5.999e+00 5.999e+00 5.999e+00 5.999e+00 5.999e+00 5.999e+00 5.999e+00 5.999e+00
 5.999e+00 5.999e+00 5.999e+00 5.999e+00 5.999e+00 5.999e+00 5.999e+00 5.999e+00
 5.999e+00 5.999e+00 5.999e+00 5.999e+00 5.999e+00 5.999e+00 5.999e+00 5.999e+00
 5.999e+00 5.999e+00 5.999e+00 5.999e+00 5.999e+00 5.999e+00 5.999e+00 5.999e+00
 5.999e+00 5.999e+00 5.999e+00 5.999e+00 5.999e+00 5.999e+00 5.999e+00 5.999e+00
 5.999e+00 5.999e+00 5.999e+00 5.999e+00 5.999e+00 5.999e+00 5.999e+00 5.999e+00
sqrt(<Z^2>) for tau[ms]= 1000.0
 1.442e-07 2.301e-07 3.652e-07 5.759e-07 9.018e-07 1.401e-06 2.160e-06 3.300e-06
 4.995e-06 7.489e-06 1.112e-05 1.637e-05 2.389e-05 3.456e-05 4.958e-05 7.055e-05
 9.960e-05 1.395e-04 1.941e-04 2.680e-04 3.675e-04 5.005e-04 6.774e-04 9.111e-04
 1.218e-03 1.619e-03 2.141e-03 2.816e-03 3.685e-03 4.799e-03 6.221e-03 8.027e-03
 1.031e-02 1.318e-02 1.677e-02 2.124e-02 2.678e-02 3.361e-02 4.198e-02 5.218e-02
 6.455e-02 7.945e-02 9.729e-02 1.185e-01 1.436e-01 1.729e-01 2.069e-01 2.458e-01
 2.900e-01 3.391e-01 3.928e-01 4.502e-01 5.100e-01 5.705e-01 6.298e-01 6.862e-01
 7.380e-01 7.841e-01 8.242e-01 8.581e-01 8.862e-01 9.091e-01 9.276e-01 9.424e-01
 9.542e-01 9.635e-01 9.708e-01 9.767e-01 9.813e-01 9.851e-01 9.881e-01 9.907e-01
 9.929e-01 9.949e-01 9.969e-01 9.990e-01 1.001e+00 1.004e+00 1.008e+00 1.013e+00
 1.020e+00 1.028e+00 1.040e+00 1.055e+00 1.074e+00 1.098e+00 1.128e+00 1.164e+00
 1.207e+00 1.256e+00 1.310e+00 1.368e+00 1.429e+00 1.491e+00 1.552e+00 1.609e+00
 1.663e+00 1.712e+00 1.756e+00 1.794e+00 1.827e+00 1.855e+00 1.879e+00 1.899e+00
 1.916e+00 1.931e+00 1.943e+00 1.954e+00 1.963e+00 1.972e+00 1.981e+00 1.989e+00
 1.998e+00 2.009e+00 2.020e+00 2.034e+00 2.050e+00 2.069e+00 2.092e+00 2.119e+00
 2.150e+00 2.186e+00 2.228e+00 2.273e+00 2.322e+00 2.375e+00 2.429e+00 2.485e+00
 2.540e+00 2.594e+00 2.647e+00 2.697e+00 2.745e+00 2.791e+00 2.836e+00 2.879e+00
 2.922e+00 2.966e+00 3.010e+00 3.057e+00 3.105e+00 3.156e+00 3.210e+00 3.266e+00
 3.323e+00 3.380e+00 3.438e+00 3.494e+00 3.547e+00 3.598e+00 3.645e+00 3.689e+00
 3.728e+00 3.763e+00 3.794e+00 3.821e+00 3.845e+00 3.866e+00 3.884e+00 3.899e+00
 3.913e+00 3.924e+00 3.934e+00 3.943e+00 3.950e+00 3.957e+00 3.962e+00 3.967e+00
 3.971e+00 3.974e+00 3.977e+00 3.980e+00 3.982e+00 3.984e+00 3.986e+00 3.988e+00
 3.989e+00 3.990e+00 3.991e+00 3.992e+00 3.993e+00 3.994e+00 3.994e+00 3.995e+00
 3.995e+00 3.996e+00 3.996e+00 3.996e+00 3.997e+00 3.997e+00 3.997e+00 3.997e+00
 3.998e+00 3.998e+00 3.998e+00 3.998e+00 3.998e+00 3.999e+00 3.999e+00 3.999e+00
 3.999e+00 4.000e+00 4.000e+00 4.001e+00 4.002e+00 4.003e+00 4.004e+00 4.005e+00
 4.007e+00 4.010e+00 4.013e+00 4.017e+00 4.022e+00 4.028e+00 4.035e+00 4.043e+00
 4.054e+00 4.066e+00 4.081e+00 4.098e+00 4.117e+00 4.139e+00 4.164e+00 4.192e+00
 4.222e+00 4.255e+00 4.291e+00 4.328e+00 4.368e+00 4.410e+00 4.453e+00 4.497e+00
 4.542e+00 4.588e+00 4.635e+00 4.683e+00 4.731e+00 4.780e+00 4.830e+00 4.880e+00
 4.932e+00 4.984e+00 5.037e+00 5.090e+00 5.143e+00 5.196e+00 5.248e+00 5.300e+00
 5.350e+00 5.399e+00 5.445e+00 5.490e+00 5.532e+00 5.572e+00 5.609e+00 5.643e+00
 5.675e+00 5.705e+00 5.731e+00 5.756e+00 5.778e+00 5.799e+00 5.817e+00 5.834e+00
 5.849e+00 5.863e+00 5.875e+00 5.886e+00 5.896e+00 5.905e+00 5.913e+00 5.921e+00
 5.927e+00 5.934e+00 5.939e+00 5.944e+00 5.948e+00 5.953e+00 5.956e+00 5.960e+00
 5.963e+00 5.966e+00 5.968e+00 5.970e+00 5.973e+00 5.974e+00 5.976e+00 5.978e+00
 5.979e+00 5.981e+00 5.982e+00 5.983e+00 5.984e+00 5.985e+00 5.986e+00 5.987e+00
 5.988e+00 5.989e+00 5.989e+00 5.990e+00 5.990e+00 5.991e+00 5.991e+00 5.992e+00
 5.992e+00 5.993e+00 5.993e+00 5.993e+00 5.994e+00 5.994e+00 5.994e+00 5.995e+00
 5.995e+00 5.995e+00 5.995e+00 5.996e+00 5.996e+00 5.996e+00 5.996e+00 5.996e+00
 5.997e+00 5.997e+00 5.997e+00 5.997e+00 5.997e+00 5.997e+00 5.997e+00 5.997e+00
 5.998e+00 5.998e+00 5.998e+00 5.998e+00 5.998e+00 5.998e+00 5.998e+00 5.998e+00
 5.998e+00 5.998e+00 5.998e+00 5.998e+00 5.998e+00 5.998e+00 5.999e+00 5.999e+00
 5.999e+00 5.999e+00 5.999e+00 5.999e+00 5.999e+00 5.999e+00 5.999e+00 5.999e+00
 5.999e+00 5.999e+00 5.999e+00 5.999e+00 5.999e+00 5.999e+00 5.999e+00 5.999e+00
 5.999e+00 5.999e+00 5.999e+00 5.999e+00 5.999e+00 5.999e+00 5.999e+00 5.999e+00
 5.999e+00 5.999e+00 5.999e+00 5.999e+00 5.999e+00 5.999e+00 5.999e+00 5.999e+00
 5.999e+00 5.999e+00 5.999e+00 6.000e+00 6.000e+00 6.000e+00 6.000e+00 6.000e+00
 6.000e+00 6.000e+00 6.000e+00 6.000e+00 6.000e+00 6.000e+00 6.000e+00 6.000e+00
 6.000e+00 6.000e+00 6.000e+00 6.000e+00 6.000e+00 6.000e+00 6.000e+00 6.000e+00
 6.000e+00 6.000e+00 6.000e+00 6.000e+00 6.000e+00 6.000e+00 6.000e+00 6.000e+00
 6.000e+00 6.000e+00 6.000e+00 6.000e+00 6.000e+00 6.000e+00 6.000e+00 6.000e+00
 6.000e+00 6.000e+00 6.000e+00 6.000e+00 6.000e+00 6.000e+00 6.000e+00 6.000e+00
 6.000e+00 6.000e+00 6.000e+00 6.000e+00 6.000e+00 6.000e+00 6.000e+00 6.000e+00
 6.000e+00 6.000e+00 6.000e+00 6.000e+00 6.000e+00 6.000e+00 6.000e+00 6.000e+00
 6.000e+00 6.000e+00 6.000e+00 6.000e+00 6.000e+00 6.000e+00 6.000e+00 6.000e+00
 6.000e+00 6.000e+00 6.000e+00 6.000e+00 6.000e+00 6.000e+00 6.000e+00 6.000e+00
 6.000e+00 6.000e+00 6.000e+00 6.000e+00 6.000e+00 6.000e+00 6.000e+00 6.000e+00
 6.000e+00 6.000e+00 6.000e+00 6.000e+00 6.000e+00 6.000e+00 6.000e+00 6.000e+00
 6.000e+00 6.000e+00 6.000e+00 6.000e+00 6.000e+00 6.000e+00 6.000e+00 6.000e+00
 6.000e+00 6.000e+00 6.000e+00 6.000e+00 6.000e+00 6.000e+00 6.000e+00 6.000e+00
 6.000e+00 6.000e+00 6.000e+00 6.000e+00 6.000e+00 6.000e+00 6.000e+00 6.000e+00
 6.000e+00 6.000e+00 6.000e+00 6.000e+00 6.000e+00 6.000e+00 6.000e+00 6.000e+00
 6.000e+00 6.000e+00 6.000e+00 6.000e+00 6.000e+00 6.000e+00 6.000e+00 6.000e+00
 6.000e+00 6.000e+00 6.000e+00 6.000e+00 6.000e+00 6.000e+00 6.000e+00 6.000e+00
 6.000e+00 6.000e+00 6.000e+00 6.000e+00 6.000e+00 6.000e+00 6.000e+00 6.000e+00
 6.000e+00 6.000e+00 6.000e+00 6.000e+00 6.000e+00 6.000e+00 6.000e+00 6.000e+00
 6.000e+00 6.000e+00 6.000e+00 6.000e+00 6.000e+00 6.000e+00 6.000e+00 6.000e+00
 6.000e+00 6.000e+00 6.000e+00 6.000e+00 6.000e+00 6.000e+00 6.000e+00 6.000e+00
 6.000e+00 6.000e+00 6.000e+00 6.000e+00 6.000e+00 6.000e+00 6.000e+00 6.000e+00
 6.000e+00 6.000e+00 6.000e+00 6.000e+00 6.000e+00 6.000e+00 6.000e+00 6.000e+00
 6.000e+00 6.000e+00 6.000e+00 6.000e+00 6.000e+00 6.000e+00 6.000e+00 6.000e+00
 6.000e+00 6.000e+00 6.000e+00 6.000e+00 6.000e+00 6.000e+00 6.000e+00 6.000e+00
 6.000e+00 6.000e+00 6.000e+00 6.000e+00 6.000e+00 6.000e+00 6.000e+00 6.000e+00
 6.000e+00 6.000e+00 6.000e+00 6.000e+00 6.000e+00 6.000e+00 6.000e+00 6.000e+00
sqrt(<Z^2>) in equilibrium - infinite confinement
 1.442e-07 2.301e-07 3.653e-07 5.760e-07 9.019e-07 1.402e-06 2.160e-06 3.300e-06
 4.996e-06 7.490e-06 1.113e-05 1.638e-05 2.390e-05 3.457e-05 4.959e-05 7.057e-05
 9.962e-05 1.396e-04 1.941e-04 2.680e-04 3.676e-04 5.007e-04 6.776e-04 9.115e-04
 1.219e-03 1.620e-03 2.142e-03 2.817e-03 3.686e-03 4.801e-03 6.224e-03 8.032e-03
 1.032e-02 1.319e-02 1.678e-02 2.126e-02 2.680e-02 3.364e-02 4.201e-02 5.222e-02
 6.460e-02 7.952e-02 9.739e-02 1.186e-01 1.437e-01 1.731e-01 2.071e-01 2.461e-01
 2.903e-01 3.395e-01 3.933e-01 4.507e-01 5.106e-01 5.711e-01 6.305e-01 6.868e-01
 7.386e-01 7.848e-01 8.247e-01 8.586e-01 8.866e-01 9.095e-01 9.280e-01 9.427e-01
 9.544e-01 9.637e-01 9.710e-01 9.768e-01 9.815e-01 9.852e-01 9.882e-01 9.908e-01
 9.930e-01 9.950e-01 9.969e-01 9.990e-01 1.001e+00 1.004e+00 1.008e+00 1.013e+00
 1.020e+00 1.028e+00 1.040e+00 1.055e+00 1.074e+00 1.098e+00 1.128e+00 1.164e+00
 1.207e+00 1.256e+00 1.310e+00 1.369e+00 1.430e+00 1.492e+00 1.552e+00 1.610e+00
 1.664e+00 1.713e+00 1.756e+00 1.794e+00 1.827e+00 1.855e+00 1.879e+00 1.899e+00
 1.916e+00 1.931e+00 1.943e+00 1.954e+00 1.964e+00 1.972e+00 1.981e+00 1.990e+00
 1.999e+00 2.009e+00 2.020e+00 2.034e+00 2.050e+00 2.069e+00 2.092e+00 2.119e+00
 2.150e+00 2.187e+00 2.228e+00 2.273e+00 2.323e+00 2.375e+00 2.430e+00 2.485e+00
 2.541e+00 2.595e+00 2.647e+00 2.698e+00 2.746e+00 2.792e+00 2.837e+00 2.880e+00
 2.923e+00 2.966e+00 3.011e+00 3.058e+00 3.106e+00 3.157e+00 3.211e+00 3.267e+00
 3.324e+00 3.382e+00 3.439e+00 3.495e+00 3.549e+00 3.600e+00 3.647e+00 3.690e+00
 3.729e+00 3.764e+00 3.795e+00 3.822e+00 3.846e+00 3.867e+00 3.885e+00 3.900e+00
 3.913e+00 3.925e+00 3.935e+00 3.943e+00 3.951e+00 3.957e+00 3.962e+00 3.967e+00
 3.971e+00 3.974e+00 3.978e+00 3.980e+00 3.982e+00 3.984e+00 3.986e+00 3.988e+00
 3.989e+00 3.990e+00 3.991e+00 3.992e+00 3.993e+00 3.994e+00 3.994e+00 3.995e+00
 3.995e+00 3.996e+00 3.996e+00 3.996e+00 3.997e+00 3.997e+00 3.997e+00 3.998e+00
 3.998e+00 3.998e+00 3.998e+00 3.998e+00 3.998e+00 3.999e+00 3.999e+00 3.999e+00
 3.999e+00 4.000e+00 4.000e+00 4.001e+00 4.002e+00 4.003e+00 4.004e+00 4.005e+00
 4.007e+00 4.010e+00 4.013e+00 4.017e+00 4.022e+00 4.028e+00 4.035e+00 4.044e+00
 4.054e+00 4.067e+00 4.081e+00 4.098e+00 4.118e+00 4.140e+00 4.165e+00 4.193e+00
 4.224e+00 4.257e+00 4.293e+00 4.331e+00 4.371e+00 4.412e+00 4.455e+00 4.500e+00
 4.545e+00 4.591e+00 4.638e+00 4.686e+00 4.734e+00 4.783e+00 4.833e+00 4.884e+00
 4.936e+00 4.988e+00 5.041e+00 5.094e+00 5.147e+00 5.200e+00 5.252e+00 5.304e+00
 5.354e+00 5.403e+00 5.450e+00 5.494e+00 5.536e+00 5.576e+00 5.613e+00 5.647e+00
 5.679e+00 5.708e+00 5.735e+00 5.759e+00 5.781e+00 5.801e+00 5.820e+00 5.836e+00
 5.851e+00 5.865e+00 5.877e+00 5.888e+00 5.898e+00 5.907e+00 5.915e+00 5.922e+00
 5.929e+00 5.935e+00 5.940e+00 5.945e+00 5.950e+00 5.954e+00 5.957e+00 5.961e+00
 5.964e+00 5.966e+00 5.969e+00 5.971e+00 5.973e+00 5.975e+00 5.977e+00 5.978e+00
 5.980e+00 5.981e+00 5.983e+00 5.984e+00 5.985e+00 5.986e+00 5.987e+00 5.987e+00
 5.988e+00 5.989e+00 5.990e+00 5.990e+00 5.991e+00 5.991e+00 5.992e+00 5.992e+00
 5.993e+00 5.993e+00 5.993e+00 5.994e+00 5.994e+00 5.994e+00 5.995e+00 5.995e+00
 5.995e+00 5.995e+00 5.996e+00 5.996e+00 5.996e+00 5.996e+00 5.996e+00 5.997e+00
 5.997e+00 5.997e+00 5.997e+00 5.997e+00 5.997e+00 5.997e+00 5.997e+00 5.998e+00
 5.998e+00 5.998e+00 5.998e+00 5.998e+00 5.998e+00 5.998e+00 5.998e+00 5.998e+00
 5.998e+00 5.998e+00 5.998e+00 5.999e+00 5.999e+00 5.999e+00 5.999e+00 5.999e+00
 5.999e+00 5.999e+00 5.999e+00 5.999e+00 5.999e+00 5.999e+00 5.999e+00 5.999e+00
 5.999e+00 5.999e+00 5.999e+00 5.999e+00 5.999e+00 5.999e+00 5.999e+00 5.999e+00
 5.999e+00 5.999e+00 5.999e+00 5.999e+00 5.999e+00 5.999e+00 5.999e+00 5.999e+00
 5.999e+00 5.999e+00 5.999e+00 6.000e+00 6.000e+00 6.000e+00 6.000e+00 6.000e+00
 6.000e+00 6.000e+00 6.000e+00 6.000e+00 6.000e+00 6.000e+00 6.000e+00 6.000e+00
 6.000e+00 6.000e+00 6.000e+00 6.000e+00 6.000e+00 6.000e+00 6.000e+00 6.000e+00
 6.000e+00 6.000e+00 6.000e+00 6.000e+00 6.000e+00 6.000e+00 6.000e+00 6.000e+00
 6.000e+00 6.000e+00 6.000e+00 6.000e+00 6.000e+00 6.000e+00 6.000e+00 6.000e+00
 6.000e+00 6.000e+00 6.000e+00 6.000e+00 6.000e+00 6.000e+00 6.000e+00 6.000e+00
 6.000e+00 6.000e+00 6.000e+00 6.000e+00 6.000e+00 6.000e+00 6.000e+00 6.000e+00
 6.000e+00 6.000e+00 6.000e+00 6.000e+00 6.000e+00 6.000e+00 6.000e+00 6.000e+00
 6.000e+00 6.000e+00 6.000e+00 6.000e+00 6.000e+00 6.000e+00 6.000e+00 6.000e+00
 6.000e+00 6.000e+00 6.000e+00 6.000e+00 6.000e+00 6.000e+00 6.000e+00 6.000e+00
 6.000e+00 6.000e+00 6.000e+00 6.000e+00 6.000e+00 6.000e+00 6.000e+00 6.000e+00
 6.000e+00 6.000e+00 6.000e+00 6.000e+00 6.000e+00 6.000e+00 6.000e+00 6.000e+00
 6.000e+00 6.000e+00 6.000e+00 6.000e+00 6.000e+00 6.000e+00 6.000e+00 6.000e+00
 6.000e+00 6.000e+00 6.000e+00 6.000e+00 6.000e+00 6.000e+00 6.000e+00 6.000e+00
 6.000e+00 6.000e+00 6.000e+00 6.000e+00 6.000e+00 6.000e+00 6.000e+00 6.000e+00
 6.000e+00 6.000e+00 6.000e+00 6.000e+00 6.000e+00 6.000e+00 6.000e+00 6.000e+00
 6.000e+00 6.000e+00 6.000e+00 6.000e+00 6.000e+00 6.000e+00 6.000e+00 6.000e+00
 6.000e+00 6.000e+00 6.000e+00 6.000e+00 6.000e+00 6.000e+00 6.000e+00 6.000e+00
 6.000e+00 6.000e+00 6.000e+00 6.000e+00 6.000e+00 6.000e+00 6.000e+00 6.000e+00
 6.000e+00 6.000e+00 6.000e+00 6.000e+00 6.000e+00 6.000e+00 6.000e+00 6.000e+00
 6.000e+00 6.000e+00 6.000e+00 6.000e+00 6.000e+00 6.000e+00 6.000e+00 6.000e+00
 6.000e+00 6.000e+00 6.000e+00 6.000e+00 6.000e+00 6.000e+00 6.000e+00 6.000e+00
 6.000e+00 6.000e+00 6.000e+00 6.000e+00 6.000e+00 6.000e+00 6.000e+00 6.000e+00
 6.000e+00 6.000e+00 6.000e+00 6.000e+00 6.000e+00 6.000e+00 6.000e+00 6.000e+00
 6.000e+00 6.000e+00 6.000e+00 6.000e+00 6.000e+00 6.000e+00 6.000e+00 6.000e+00
 6.000e+00 6.000e+00 6.000e+00 6.000e+00 6.000e+00 6.000e+00 6.000e+00 6.000e+00
 6.000e+00 6.000e+00 6.000e+00 6.000e+00 6.000e+00 6.000e+00 6.000e+00 6.000e+00
 6.000e+00 6.000e+00 6.000e+00 6.000e+00 6.000e+00 6.000e+00 6.000e+00 6.000e+00
 6.000e+00 6.000e+00 6.000e+00 6.000e+00 6.000e+00 6.000e+00 6.000e+00 6.000e+00
C-------------------------------------------------------------------------------
C
C  The fractional abundance and radiated power were generated from the
C  ADAS installation at UKAEA with the named adf11 files. The adf11 data
C  files may be updated in a later release of ADAS and publicly
C  available versions may be found at https://open.adas.ac.uk/.
C
C  The equilibrium balance data was produced with run_adas405.py and
C  the balance with a confinement time with adas4xx_ionbal_tau.py
C  which are functions from the ADAS library. Details on these codes
C  may be found at: https://www.adas.ac.uk/python_lib/index.html
C
C  Copyright (C) 2023 UK Atomic Energy Authority
C
C  This file was generated for use in the UKAEA systems code PROCESS
C  using a script written by Martin O'Mullane.
C  If acquired without provenance a user is strongly advised
C  to check its validity by re-generating using the adf11 files from
C  the OPEN-ADAS site.
C
C  Produced by : Timothy Nunn
C  Date        : 29-07-26
C
C-------------------------------------------------------------------------------
