Radiated power per atom (W m3) as a function dwell time.
Temperature :      0.2 - 500000.0 eV
Density     : 1.00e+20 m-3
   600     5  # Te values, dwell time

Source data:
acd : /home/adas/adas/adf11/acd85/acd85_fe.dat
scd : /home/adas/adas/adf11/scd85/scd85_fe.dat
plt : /home/adas/adas/adf11/plt89/plt89_fe.dat
prb : /home/adas/adas/adf11/prb89/prb89_fe.dat

Te[eV]
 2.500e-01 2.561e-01 2.624e-01 2.688e-01 2.754e-01 2.822e-01 2.891e-01 2.962e-01
 3.035e-01 3.109e-01 3.185e-01 3.263e-01 3.343e-01 3.425e-01 3.509e-01 3.595e-01
 3.683e-01 3.774e-01 3.866e-01 3.961e-01 4.058e-01 4.158e-01 4.260e-01 4.364e-01
 4.471e-01 4.581e-01 4.693e-01 4.808e-01 4.926e-01 5.047e-01 5.170e-01 5.297e-01
 5.427e-01 5.560e-01 5.696e-01 5.836e-01 5.979e-01 6.126e-01 6.276e-01 6.430e-01
 6.587e-01 6.749e-01 6.914e-01 7.084e-01 7.257e-01 7.435e-01 7.618e-01 7.804e-01
 7.996e-01 8.192e-01 8.393e-01 8.598e-01 8.809e-01 9.025e-01 9.247e-01 9.473e-01
 9.706e-01 9.943e-01 1.019e+00 1.044e+00 1.069e+00 1.096e+00 1.122e+00 1.150e+00
 1.178e+00 1.207e+00 1.237e+00 1.267e+00 1.298e+00 1.330e+00 1.362e+00 1.396e+00
 1.430e+00 1.465e+00 1.501e+00 1.538e+00 1.575e+00 1.614e+00 1.654e+00 1.694e+00
 1.736e+00 1.778e+00 1.822e+00 1.867e+00 1.912e+00 1.959e+00 2.007e+00 2.056e+00
 2.107e+00 2.159e+00 2.211e+00 2.266e+00 2.321e+00 2.378e+00 2.436e+00 2.496e+00
 2.557e+00 2.620e+00 2.684e+00 2.750e+00 2.818e+00 2.887e+00 2.957e+00 3.030e+00
 3.104e+00 3.180e+00 3.258e+00 3.338e+00 3.420e+00 3.504e+00 3.590e+00 3.678e+00
 3.768e+00 3.860e+00 3.955e+00 4.052e+00 4.151e+00 4.253e+00 4.357e+00 4.464e+00
 4.574e+00 4.686e+00 4.801e+00 4.918e+00 5.039e+00 5.162e+00 5.289e+00 5.419e+00
 5.551e+00 5.688e+00 5.827e+00 5.970e+00 6.116e+00 6.266e+00 6.420e+00 6.577e+00
 6.738e+00 6.904e+00 7.073e+00 7.246e+00 7.424e+00 7.606e+00 7.792e+00 7.983e+00
 8.179e+00 8.380e+00 8.585e+00 8.796e+00 9.011e+00 9.232e+00 9.459e+00 9.691e+00
 9.928e+00 1.017e+01 1.042e+01 1.068e+01 1.094e+01 1.121e+01 1.148e+01 1.176e+01
 1.205e+01 1.235e+01 1.265e+01 1.296e+01 1.328e+01 1.360e+01 1.394e+01 1.428e+01
 1.463e+01 1.499e+01 1.535e+01 1.573e+01 1.612e+01 1.651e+01 1.692e+01 1.733e+01
 1.776e+01 1.819e+01 1.864e+01 1.909e+01 1.956e+01 2.004e+01 2.053e+01 2.104e+01
 2.155e+01 2.208e+01 2.262e+01 2.318e+01 2.374e+01 2.433e+01 2.492e+01 2.553e+01
 2.616e+01 2.680e+01 2.746e+01 2.813e+01 2.882e+01 2.953e+01 3.025e+01 3.099e+01
 3.175e+01 3.253e+01 3.333e+01 3.415e+01 3.498e+01 3.584e+01 3.672e+01 3.762e+01
 3.854e+01 3.949e+01 4.046e+01 4.145e+01 4.246e+01 4.351e+01 4.457e+01 4.566e+01
 4.678e+01 4.793e+01 4.911e+01 5.031e+01 5.154e+01 5.281e+01 5.410e+01 5.543e+01
 5.679e+01 5.818e+01 5.961e+01 6.107e+01 6.256e+01 6.410e+01 6.567e+01 6.728e+01
 6.893e+01 7.062e+01 7.235e+01 7.412e+01 7.594e+01 7.780e+01 7.971e+01 8.167e+01
 8.367e+01 8.572e+01 8.782e+01 8.997e+01 9.218e+01 9.444e+01 9.676e+01 9.913e+01
 1.016e+02 1.040e+02 1.066e+02 1.092e+02 1.119e+02 1.146e+02 1.174e+02 1.203e+02
 1.233e+02 1.263e+02 1.294e+02 1.326e+02 1.358e+02 1.391e+02 1.426e+02 1.461e+02
 1.496e+02 1.533e+02 1.571e+02 1.609e+02 1.649e+02 1.689e+02 1.730e+02 1.773e+02
 1.816e+02 1.861e+02 1.906e+02 1.953e+02 2.001e+02 2.050e+02 2.100e+02 2.152e+02
 2.205e+02 2.259e+02 2.314e+02 2.371e+02 2.429e+02 2.488e+02 2.549e+02 2.612e+02
 2.676e+02 2.742e+02 2.809e+02 2.878e+02 2.948e+02 3.021e+02 3.095e+02 3.170e+02
 3.248e+02 3.328e+02 3.409e+02 3.493e+02 3.579e+02 3.666e+02 3.756e+02 3.848e+02
 3.943e+02 4.039e+02 4.138e+02 4.240e+02 4.344e+02 4.450e+02 4.559e+02 4.671e+02
 4.786e+02 4.903e+02 5.023e+02 5.146e+02 5.273e+02 5.402e+02 5.534e+02 5.670e+02
 5.809e+02 5.951e+02 6.097e+02 6.247e+02 6.400e+02 6.557e+02 6.718e+02 6.882e+02
 7.051e+02 7.224e+02 7.401e+02 7.582e+02 7.768e+02 7.959e+02 8.154e+02 8.354e+02
 8.559e+02 8.769e+02 8.984e+02 9.204e+02 9.429e+02 9.661e+02 9.897e+02 1.014e+03
 1.039e+03 1.064e+03 1.090e+03 1.117e+03 1.145e+03 1.173e+03 1.201e+03 1.231e+03
 1.261e+03 1.292e+03 1.324e+03 1.356e+03 1.389e+03 1.423e+03 1.458e+03 1.494e+03
 1.531e+03 1.568e+03 1.607e+03 1.646e+03 1.686e+03 1.728e+03 1.770e+03 1.813e+03
 1.858e+03 1.903e+03 1.950e+03 1.998e+03 2.047e+03 2.097e+03 2.149e+03 2.201e+03
 2.255e+03 2.310e+03 2.367e+03 2.425e+03 2.485e+03 2.546e+03 2.608e+03 2.672e+03
 2.737e+03 2.804e+03 2.873e+03 2.944e+03 3.016e+03 3.090e+03 3.166e+03 3.243e+03
 3.323e+03 3.404e+03 3.488e+03 3.573e+03 3.661e+03 3.750e+03 3.842e+03 3.937e+03
 4.033e+03 4.132e+03 4.233e+03 4.337e+03 4.443e+03 4.552e+03 4.664e+03 4.778e+03
 4.895e+03 5.015e+03 5.138e+03 5.264e+03 5.393e+03 5.526e+03 5.661e+03 5.800e+03
 5.942e+03 6.088e+03 6.237e+03 6.390e+03 6.547e+03 6.707e+03 6.872e+03 7.040e+03
 7.213e+03 7.390e+03 7.571e+03 7.756e+03 7.947e+03 8.141e+03 8.341e+03 8.545e+03
 8.755e+03 8.970e+03 9.190e+03 9.415e+03 9.646e+03 9.882e+03 1.012e+04 1.037e+04
 1.063e+04 1.089e+04 1.115e+04 1.143e+04 1.171e+04 1.200e+04 1.229e+04 1.259e+04
 1.290e+04 1.322e+04 1.354e+04 1.387e+04 1.421e+04 1.456e+04 1.492e+04 1.528e+04
 1.566e+04 1.604e+04 1.643e+04 1.684e+04 1.725e+04 1.767e+04 1.811e+04 1.855e+04
 1.901e+04 1.947e+04 1.995e+04 2.044e+04 2.094e+04 2.145e+04 2.198e+04 2.252e+04
 2.307e+04 2.363e+04 2.421e+04 2.481e+04 2.542e+04 2.604e+04 2.668e+04 2.733e+04
 2.800e+04 2.869e+04 2.939e+04 3.011e+04 3.085e+04 3.161e+04 3.238e+04 3.318e+04
 3.399e+04 3.482e+04 3.568e+04 3.655e+04 3.745e+04 3.836e+04 3.931e+04 4.027e+04
 4.126e+04 4.227e+04 4.330e+04 4.437e+04 4.545e+04 4.657e+04 4.771e+04 4.888e+04
 5.008e+04 5.131e+04 5.256e+04 5.385e+04 5.517e+04 5.652e+04 5.791e+04 5.933e+04
 6.078e+04 6.228e+04 6.380e+04 6.537e+04 6.697e+04 6.861e+04 7.029e+04 7.202e+04
 7.378e+04 7.559e+04 7.744e+04 7.934e+04 8.129e+04 8.328e+04 8.532e+04 8.741e+04
 8.956e+04 9.175e+04 9.400e+04 9.631e+04 9.867e+04 1.011e+05 1.036e+05 1.061e+05
 1.087e+05 1.114e+05 1.141e+05 1.169e+05 1.198e+05 1.227e+05 1.257e+05 1.288e+05
 1.320e+05 1.352e+05 1.385e+05 1.419e+05 1.454e+05 1.489e+05 1.526e+05 1.563e+05
 1.602e+05 1.641e+05 1.681e+05 1.722e+05 1.765e+05 1.808e+05 1.852e+05 1.898e+05
 1.944e+05 1.992e+05 2.041e+05 2.091e+05 2.142e+05 2.194e+05 2.248e+05 2.303e+05
 2.360e+05 2.418e+05 2.477e+05 2.538e+05 2.600e+05 2.664e+05 2.729e+05 2.796e+05
 2.864e+05 2.935e+05 3.007e+05 3.080e+05 3.156e+05 3.233e+05 3.312e+05 3.394e+05
 3.477e+05 3.562e+05 3.649e+05 3.739e+05 3.831e+05 3.924e+05 4.021e+05 4.119e+05
 4.220e+05 4.324e+05 4.430e+05 4.538e+05 4.650e+05 4.764e+05 4.880e+05 5.000e+05
Lz[Wm**3] for tau[ms]=    0.1
 5.939e-36 6.778e-36 7.735e-36 8.828e-36 1.007e-35 1.150e-35 1.312e-35 1.498e-35
 1.709e-35 1.951e-35 2.226e-35 2.541e-35 2.899e-35 3.309e-35 3.776e-35 4.310e-35
 4.919e-35 5.613e-35 6.406e-35 7.311e-35 8.344e-35 9.522e-35 1.087e-34 1.240e-34
 1.415e-34 1.615e-34 1.843e-34 2.104e-34 2.401e-34 2.740e-34 3.127e-34 3.568e-34
 4.072e-34 4.647e-34 5.303e-34 6.051e-34 6.905e-34 7.879e-34 8.989e-34 1.026e-33
 1.170e-33 1.335e-33 1.522e-33 1.736e-33 1.979e-33 2.257e-33 2.572e-33 2.930e-33
 3.337e-33 3.799e-33 4.323e-33 4.915e-33 5.584e-33 6.339e-33 7.187e-33 8.138e-33
 9.201e-33 1.038e-32 1.170e-32 1.314e-32 1.472e-32 1.642e-32 1.824e-32 2.016e-32
 2.216e-32 2.422e-32 2.631e-32 2.842e-32 3.052e-32 3.263e-32 3.474e-32 3.688e-32
 3.905e-32 4.124e-32 4.343e-32 4.559e-32 4.770e-32 4.969e-32 5.151e-32 5.309e-32
 5.435e-32 5.523e-32 5.575e-32 5.592e-32 5.578e-32 5.538e-32 5.477e-32 5.400e-32
 5.313e-32 5.222e-32 5.131e-32 5.041e-32 4.952e-32 4.864e-32 4.776e-32 4.690e-32
 4.603e-32 4.516e-32 4.428e-32 4.340e-32 4.251e-32 4.164e-32 4.078e-32 3.996e-32
 3.919e-32 3.848e-32 3.783e-32 3.727e-32 3.679e-32 3.640e-32 3.610e-32 3.588e-32
 3.575e-32 3.569e-32 3.570e-32 3.577e-32 3.589e-32 3.606e-32 3.625e-32 3.647e-32
 3.670e-32 3.695e-32 3.719e-32 3.744e-32 3.770e-32 3.796e-32 3.823e-32 3.852e-32
 3.884e-32 3.920e-32 3.960e-32 4.006e-32 4.059e-32 4.120e-32 4.188e-32 4.264e-32
 4.347e-32 4.438e-32 4.535e-32 4.638e-32 4.745e-32 4.854e-32 4.965e-32 5.075e-32
 5.184e-32 5.289e-32 5.390e-32 5.487e-32 5.577e-32 5.662e-32 5.741e-32 5.815e-32
 5.883e-32 5.948e-32 6.010e-32 6.069e-32 6.127e-32 6.185e-32 6.242e-32 6.300e-32
 6.358e-32 6.418e-32 6.480e-32 6.543e-32 6.608e-32 6.676e-32 6.746e-32 6.819e-32
 6.894e-32 6.971e-32 7.052e-32 7.135e-32 7.221e-32 7.308e-32 7.398e-32 7.488e-32
 7.579e-32 7.669e-32 7.759e-32 7.847e-32 7.932e-32 8.013e-32 8.090e-32 8.162e-32
 8.228e-32 8.287e-32 8.338e-32 8.381e-32 8.415e-32 8.440e-32 8.455e-32 8.461e-32
 8.457e-32 8.443e-32 8.419e-32 8.386e-32 8.344e-32 8.293e-32 8.234e-32 8.167e-32
 8.093e-32 8.012e-32 7.926e-32 7.836e-32 7.742e-32 7.645e-32 7.548e-32 7.451e-32
 7.357e-32 7.267e-32 7.184e-32 7.109e-32 7.045e-32 6.995e-32 6.960e-32 6.943e-32
 6.946e-32 6.972e-32 7.022e-32 7.098e-32 7.201e-32 7.333e-32 7.495e-32 7.686e-32
 7.906e-32 8.156e-32 8.433e-32 8.737e-32 9.066e-32 9.419e-32 9.792e-32 1.018e-31
 1.059e-31 1.101e-31 1.143e-31 1.187e-31 1.230e-31 1.273e-31 1.316e-31 1.358e-31
 1.398e-31 1.437e-31 1.474e-31 1.509e-31 1.542e-31 1.571e-31 1.598e-31 1.621e-31
 1.641e-31 1.657e-31 1.670e-31 1.679e-31 1.685e-31 1.687e-31 1.686e-31 1.681e-31
 1.674e-31 1.663e-31 1.650e-31 1.634e-31 1.616e-31 1.596e-31 1.575e-31 1.552e-31
 1.528e-31 1.503e-31 1.477e-31 1.451e-31 1.425e-31 1.398e-31 1.372e-31 1.346e-31
 1.320e-31 1.294e-31 1.268e-31 1.243e-31 1.218e-31 1.194e-31 1.169e-31 1.146e-31
 1.122e-31 1.099e-31 1.076e-31 1.053e-31 1.031e-31 1.009e-31 9.881e-32 9.672e-32
 9.469e-32 9.270e-32 9.077e-32 8.890e-32 8.708e-32 8.532e-32 8.362e-32 8.199e-32
 8.041e-32 7.889e-32 7.744e-32 7.605e-32 7.472e-32 7.345e-32 7.225e-32 7.111e-32
 7.004e-32 6.902e-32 6.807e-32 6.718e-32 6.634e-32 6.556e-32 6.484e-32 6.417e-32
 6.355e-32 6.298e-32 6.245e-32 6.197e-32 6.153e-32 6.113e-32 6.077e-32 6.043e-32
 6.013e-32 5.985e-32 5.960e-32 5.936e-32 5.915e-32 5.894e-32 5.875e-32 5.857e-32
 5.839e-32 5.822e-32 5.805e-32 5.789e-32 5.772e-32 5.755e-32 5.738e-32 5.720e-32
 5.702e-32 5.683e-32 5.664e-32 5.644e-32 5.623e-32 5.601e-32 5.578e-32 5.554e-32
 5.529e-32 5.504e-32 5.477e-32 5.449e-32 5.421e-32 5.391e-32 5.361e-32 5.329e-32
 5.297e-32 5.264e-32 5.230e-32 5.196e-32 5.161e-32 5.125e-32 5.088e-32 5.052e-32
 5.014e-32 4.976e-32 4.938e-32 4.899e-32 4.860e-32 4.820e-32 4.780e-32 4.740e-32
 4.700e-32 4.659e-32 4.619e-32 4.578e-32 4.537e-32 4.496e-32 4.455e-32 4.415e-32
 4.374e-32 4.333e-32 4.293e-32 4.252e-32 4.212e-32 4.172e-32 4.132e-32 4.092e-32
 4.052e-32 4.012e-32 3.973e-32 3.934e-32 3.895e-32 3.856e-32 3.817e-32 3.779e-32
 3.741e-32 3.703e-32 3.666e-32 3.629e-32 3.592e-32 3.556e-32 3.520e-32 3.484e-32
 3.448e-32 3.413e-32 3.378e-32 3.344e-32 3.309e-32 3.275e-32 3.241e-32 3.208e-32
 3.174e-32 3.141e-32 3.108e-32 3.076e-32 3.043e-32 3.011e-32 2.980e-32 2.948e-32
 2.917e-32 2.886e-32 2.855e-32 2.825e-32 2.795e-32 2.765e-32 2.736e-32 2.707e-32
 2.678e-32 2.650e-32 2.622e-32 2.594e-32 2.567e-32 2.540e-32 2.513e-32 2.486e-32
 2.460e-32 2.434e-32 2.409e-32 2.384e-32 2.358e-32 2.334e-32 2.309e-32 2.285e-32
 2.260e-32 2.237e-32 2.213e-32 2.189e-32 2.166e-32 2.143e-32 2.120e-32 2.098e-32
 2.075e-32 2.053e-32 2.032e-32 2.010e-32 1.989e-32 1.968e-32 1.948e-32 1.927e-32
 1.907e-32 1.887e-32 1.867e-32 1.848e-32 1.828e-32 1.809e-32 1.790e-32 1.772e-32
 1.753e-32 1.735e-32 1.717e-32 1.699e-32 1.681e-32 1.663e-32 1.646e-32 1.628e-32
 1.611e-32 1.594e-32 1.578e-32 1.561e-32 1.544e-32 1.528e-32 1.512e-32 1.496e-32
 1.481e-32 1.465e-32 1.450e-32 1.434e-32 1.419e-32 1.404e-32 1.390e-32 1.375e-32
 1.361e-32 1.347e-32 1.333e-32 1.319e-32 1.305e-32 1.291e-32 1.278e-32 1.264e-32
 1.251e-32 1.238e-32 1.225e-32 1.213e-32 1.200e-32 1.188e-32 1.175e-32 1.163e-32
 1.151e-32 1.139e-32 1.127e-32 1.115e-32 1.104e-32 1.092e-32 1.081e-32 1.070e-32
 1.059e-32 1.048e-32 1.037e-32 1.027e-32 1.016e-32 1.006e-32 9.957e-33 9.856e-33
 9.756e-33 9.657e-33 9.560e-33 9.463e-33 9.368e-33 9.274e-33 9.181e-33 9.089e-33
 8.998e-33 8.909e-33 8.820e-33 8.733e-33 8.646e-33 8.560e-33 8.476e-33 8.392e-33
 8.310e-33 8.228e-33 8.148e-33 8.068e-33 7.990e-33 7.912e-33 7.835e-33 7.759e-33
 7.685e-33 7.611e-33 7.538e-33 7.465e-33 7.394e-33 7.324e-33 7.254e-33 7.185e-33
 7.117e-33 7.050e-33 6.984e-33 6.919e-33 6.854e-33 6.791e-33 6.728e-33 6.665e-33
 6.604e-33 6.543e-33 6.483e-33 6.424e-33 6.366e-33 6.308e-33 6.251e-33 6.195e-33
 6.140e-33 6.085e-33 6.031e-33 5.977e-33 5.925e-33 5.872e-33 5.821e-33 5.770e-33
 5.720e-33 5.671e-33 5.622e-33 5.574e-33 5.526e-33 5.479e-33 5.433e-33 5.387e-33
 5.342e-33 5.297e-33 5.253e-33 5.210e-33 5.167e-33 5.125e-33 5.083e-33 5.042e-33
 5.001e-33 4.961e-33 4.921e-33 4.882e-33 4.843e-33 4.805e-33 4.768e-33 4.731e-33
Lz[Wm**3] for tau[ms]=    1.0
 5.939e-36 6.778e-36 7.735e-36 8.828e-36 1.007e-35 1.150e-35 1.312e-35 1.498e-35
 1.709e-35 1.950e-35 2.226e-35 2.540e-35 2.899e-35 3.309e-35 3.776e-35 4.310e-35
 4.918e-35 5.613e-35 6.406e-35 7.310e-35 8.342e-35 9.520e-35 1.086e-34 1.240e-34
 1.415e-34 1.615e-34 1.842e-34 2.102e-34 2.399e-34 2.737e-34 3.123e-34 3.563e-34
 4.065e-34 4.637e-34 5.290e-34 6.033e-34 6.880e-34 7.845e-34 8.943e-34 1.019e-33
 1.162e-33 1.323e-33 1.507e-33 1.716e-33 1.952e-33 2.220e-33 2.524e-33 2.866e-33
 3.253e-33 3.688e-33 4.177e-33 4.725e-33 5.337e-33 6.018e-33 6.774e-33 7.610e-33
 8.529e-33 9.536e-33 1.063e-32 1.182e-32 1.308e-32 1.442e-32 1.581e-32 1.725e-32
 1.871e-32 2.019e-32 2.166e-32 2.311e-32 2.454e-32 2.596e-32 2.738e-32 2.881e-32
 3.026e-32 3.171e-32 3.313e-32 3.448e-32 3.574e-32 3.685e-32 3.774e-32 3.835e-32
 3.860e-32 3.845e-32 3.790e-32 3.697e-32 3.570e-32 3.414e-32 3.237e-32 3.044e-32
 2.847e-32 2.652e-32 2.468e-32 2.300e-32 2.147e-32 2.012e-32 1.895e-32 1.794e-32
 1.709e-32 1.639e-32 1.583e-32 1.538e-32 1.505e-32 1.482e-32 1.468e-32 1.462e-32
 1.464e-32 1.472e-32 1.484e-32 1.500e-32 1.517e-32 1.534e-32 1.550e-32 1.564e-32
 1.575e-32 1.583e-32 1.588e-32 1.591e-32 1.593e-32 1.596e-32 1.600e-32 1.607e-32
 1.619e-32 1.637e-32 1.662e-32 1.694e-32 1.734e-32 1.783e-32 1.839e-32 1.902e-32
 1.972e-32 2.048e-32 2.128e-32 2.211e-32 2.295e-32 2.381e-32 2.465e-32 2.547e-32
 2.625e-32 2.699e-32 2.769e-32 2.833e-32 2.892e-32 2.945e-32 2.995e-32 3.040e-32
 3.081e-32 3.120e-32 3.156e-32 3.191e-32 3.226e-32 3.260e-32 3.295e-32 3.332e-32
 3.370e-32 3.412e-32 3.456e-32 3.505e-32 3.557e-32 3.613e-32 3.674e-32 3.740e-32
 3.810e-32 3.886e-32 3.966e-32 4.051e-32 4.141e-32 4.235e-32 4.332e-32 4.433e-32
 4.537e-32 4.642e-32 4.749e-32 4.856e-32 4.962e-32 5.066e-32 5.168e-32 5.266e-32
 5.360e-32 5.448e-32 5.529e-32 5.604e-32 5.670e-32 5.727e-32 5.775e-32 5.813e-32
 5.841e-32 5.859e-32 5.866e-32 5.862e-32 5.848e-32 5.823e-32 5.788e-32 5.744e-32
 5.691e-32 5.629e-32 5.560e-32 5.484e-32 5.402e-32 5.315e-32 5.223e-32 5.129e-32
 5.033e-32 4.937e-32 4.843e-32 4.753e-32 4.667e-32 4.590e-32 4.524e-32 4.471e-32
 4.435e-32 4.419e-32 4.425e-32 4.458e-32 4.521e-32 4.615e-32 4.746e-32 4.914e-32
 5.122e-32 5.371e-32 5.664e-32 6.001e-32 6.381e-32 6.804e-32 7.270e-32 7.776e-32
 8.319e-32 8.897e-32 9.505e-32 1.014e-31 1.079e-31 1.146e-31 1.214e-31 1.282e-31
 1.350e-31 1.416e-31 1.479e-31 1.540e-31 1.596e-31 1.647e-31 1.692e-31 1.731e-31
 1.762e-31 1.785e-31 1.799e-31 1.805e-31 1.802e-31 1.790e-31 1.770e-31 1.742e-31
 1.707e-31 1.666e-31 1.619e-31 1.569e-31 1.515e-31 1.459e-31 1.401e-31 1.344e-31
 1.286e-31 1.230e-31 1.176e-31 1.124e-31 1.074e-31 1.026e-31 9.802e-32 9.365e-32
 8.944e-32 8.538e-32 8.144e-32 7.760e-32 7.386e-32 7.023e-32 6.671e-32 6.333e-32
 6.010e-32 5.703e-32 5.414e-32 5.144e-32 4.893e-32 4.661e-32 4.448e-32 4.255e-32
 4.080e-32 3.924e-32 3.785e-32 3.664e-32 3.558e-32 3.469e-32 3.394e-32 3.334e-32
 3.288e-32 3.255e-32 3.235e-32 3.227e-32 3.230e-32 3.244e-32 3.268e-32 3.302e-32
 3.344e-32 3.394e-32 3.451e-32 3.514e-32 3.583e-32 3.655e-32 3.731e-32 3.810e-32
 3.889e-32 3.968e-32 4.046e-32 4.122e-32 4.194e-32 4.262e-32 4.325e-32 4.382e-32
 4.433e-32 4.476e-32 4.512e-32 4.540e-32 4.561e-32 4.574e-32 4.579e-32 4.577e-32
 4.569e-32 4.554e-32 4.533e-32 4.506e-32 4.475e-32 4.440e-32 4.401e-32 4.359e-32
 4.315e-32 4.268e-32 4.220e-32 4.171e-32 4.121e-32 4.071e-32 4.022e-32 3.972e-32
 3.923e-32 3.875e-32 3.828e-32 3.782e-32 3.737e-32 3.693e-32 3.650e-32 3.607e-32
 3.566e-32 3.526e-32 3.487e-32 3.448e-32 3.410e-32 3.373e-32 3.336e-32 3.300e-32
 3.265e-32 3.230e-32 3.195e-32 3.160e-32 3.126e-32 3.092e-32 3.059e-32 3.025e-32
 2.992e-32 2.959e-32 2.926e-32 2.894e-32 2.861e-32 2.829e-32 2.796e-32 2.765e-32
 2.733e-32 2.702e-32 2.670e-32 2.640e-32 2.609e-32 2.579e-32 2.550e-32 2.521e-32
 2.492e-32 2.463e-32 2.435e-32 2.408e-32 2.381e-32 2.354e-32 2.328e-32 2.303e-32
 2.278e-32 2.253e-32 2.229e-32 2.205e-32 2.182e-32 2.160e-32 2.138e-32 2.117e-32
 2.096e-32 2.075e-32 2.055e-32 2.036e-32 2.017e-32 1.998e-32 1.980e-32 1.963e-32
 1.945e-32 1.929e-32 1.912e-32 1.896e-32 1.880e-32 1.865e-32 1.850e-32 1.835e-32
 1.820e-32 1.806e-32 1.792e-32 1.778e-32 1.764e-32 1.751e-32 1.738e-32 1.725e-32
 1.712e-32 1.700e-32 1.687e-32 1.675e-32 1.663e-32 1.651e-32 1.639e-32 1.628e-32
 1.616e-32 1.605e-32 1.594e-32 1.583e-32 1.572e-32 1.561e-32 1.550e-32 1.540e-32
 1.529e-32 1.519e-32 1.508e-32 1.498e-32 1.488e-32 1.477e-32 1.467e-32 1.457e-32
 1.447e-32 1.437e-32 1.427e-32 1.417e-32 1.407e-32 1.397e-32 1.387e-32 1.377e-32
 1.368e-32 1.358e-32 1.348e-32 1.339e-32 1.329e-32 1.320e-32 1.311e-32 1.301e-32
 1.292e-32 1.283e-32 1.274e-32 1.265e-32 1.256e-32 1.247e-32 1.238e-32 1.229e-32
 1.221e-32 1.212e-32 1.203e-32 1.195e-32 1.186e-32 1.178e-32 1.169e-32 1.161e-32
 1.153e-32 1.144e-32 1.136e-32 1.128e-32 1.120e-32 1.112e-32 1.104e-32 1.097e-32
 1.089e-32 1.081e-32 1.074e-32 1.066e-32 1.059e-32 1.052e-32 1.044e-32 1.037e-32
 1.030e-32 1.023e-32 1.017e-32 1.010e-32 1.003e-32 9.965e-33 9.899e-33 9.835e-33
 9.771e-33 9.708e-33 9.645e-33 9.584e-33 9.523e-33 9.464e-33 9.405e-33 9.347e-33
 9.289e-33 9.233e-33 9.178e-33 9.123e-33 9.070e-33 9.017e-33 8.965e-33 8.914e-33
 8.864e-33 8.814e-33 8.766e-33 8.718e-33 8.671e-33 8.625e-33 8.579e-33 8.535e-33
 8.491e-33 8.448e-33 8.405e-33 8.364e-33 8.322e-33 8.282e-33 8.242e-33 8.203e-33
 8.165e-33 8.128e-33 8.091e-33 8.054e-33 8.019e-33 7.984e-33 7.949e-33 7.915e-33
 7.882e-33 7.850e-33 7.818e-33 7.787e-33 7.756e-33 7.727e-33 7.697e-33 7.669e-33
 7.640e-33 7.613e-33 7.586e-33 7.560e-33 7.534e-33 7.509e-33 7.485e-33 7.461e-33
 7.437e-33 7.415e-33 7.392e-33 7.371e-33 7.350e-33 7.329e-33 7.309e-33 7.290e-33
 7.271e-33 7.253e-33 7.235e-33 7.218e-33 7.201e-33 7.185e-33 7.170e-33 7.155e-33
 7.140e-33 7.126e-33 7.113e-33 7.100e-33 7.088e-33 7.076e-33 7.064e-33 7.054e-33
 7.043e-33 7.033e-33 7.024e-33 7.015e-33 7.007e-33 6.999e-33 6.992e-33 6.985e-33
 6.978e-33 6.972e-33 6.967e-33 6.962e-33 6.958e-33 6.954e-33 6.950e-33 6.947e-33
 6.944e-33 6.942e-33 6.941e-33 6.939e-33 6.939e-33 6.938e-33 6.938e-33 6.939e-33
Lz[Wm**3] for tau[ms]=   10.0
 5.939e-36 6.778e-36 7.735e-36 8.827e-36 1.007e-35 1.150e-35 1.312e-35 1.497e-35
 1.709e-35 1.950e-35 2.226e-35 2.540e-35 2.899e-35 3.308e-35 3.776e-35 4.309e-35
 4.917e-35 5.611e-35 6.404e-35 7.308e-35 8.339e-35 9.516e-35 1.086e-34 1.239e-34
 1.414e-34 1.613e-34 1.841e-34 2.100e-34 2.396e-34 2.734e-34 3.118e-34 3.557e-34
 4.057e-34 4.627e-34 5.276e-34 6.016e-34 6.858e-34 7.816e-34 8.907e-34 1.015e-33
 1.156e-33 1.316e-33 1.498e-33 1.704e-33 1.937e-33 2.202e-33 2.500e-33 2.837e-33
 3.217e-33 3.643e-33 4.121e-33 4.656e-33 5.253e-33 5.916e-33 6.651e-33 7.461e-33
 8.350e-33 9.322e-33 1.038e-32 1.152e-32 1.273e-32 1.400e-32 1.533e-32 1.670e-32
 1.808e-32 1.948e-32 2.086e-32 2.221e-32 2.354e-32 2.483e-32 2.611e-32 2.738e-32
 2.863e-32 2.983e-32 3.096e-32 3.195e-32 3.277e-32 3.333e-32 3.358e-32 3.343e-32
 3.280e-32 3.166e-32 3.007e-32 2.811e-32 2.588e-32 2.352e-32 2.117e-32 1.895e-32
 1.694e-32 1.520e-32 1.376e-32 1.259e-32 1.167e-32 1.095e-32 1.041e-32 1.002e-32
 9.755e-33 9.586e-33 9.494e-33 9.460e-33 9.466e-33 9.497e-33 9.537e-33 9.571e-33
 9.586e-33 9.570e-33 9.517e-33 9.429e-33 9.311e-33 9.176e-33 9.037e-33 8.910e-33
 8.810e-33 8.750e-33 8.741e-33 8.794e-33 8.914e-33 9.105e-33 9.369e-33 9.706e-33
 1.011e-32 1.059e-32 1.113e-32 1.172e-32 1.236e-32 1.305e-32 1.376e-32 1.449e-32
 1.524e-32 1.598e-32 1.672e-32 1.745e-32 1.816e-32 1.884e-32 1.949e-32 2.011e-32
 2.069e-32 2.124e-32 2.174e-32 2.221e-32 2.264e-32 2.304e-32 2.341e-32 2.377e-32
 2.411e-32 2.445e-32 2.479e-32 2.513e-32 2.548e-32 2.586e-32 2.627e-32 2.670e-32
 2.718e-32 2.771e-32 2.828e-32 2.890e-32 2.957e-32 3.029e-32 3.106e-32 3.188e-32
 3.274e-32 3.366e-32 3.462e-32 3.563e-32 3.667e-32 3.775e-32 3.885e-32 3.997e-32
 4.111e-32 4.226e-32 4.340e-32 4.453e-32 4.564e-32 4.672e-32 4.776e-32 4.875e-32
 4.968e-32 5.055e-32 5.134e-32 5.205e-32 5.268e-32 5.321e-32 5.364e-32 5.397e-32
 5.419e-32 5.430e-32 5.431e-32 5.421e-32 5.401e-32 5.370e-32 5.330e-32 5.280e-32
 5.222e-32 5.156e-32 5.083e-32 5.004e-32 4.920e-32 4.832e-32 4.740e-32 4.646e-32
 4.552e-32 4.459e-32 4.369e-32 4.285e-32 4.207e-32 4.140e-32 4.085e-32 4.047e-32
 4.027e-32 4.030e-32 4.058e-32 4.116e-32 4.206e-32 4.331e-32 4.495e-32 4.700e-32
 4.948e-32 5.241e-32 5.579e-32 5.964e-32 6.395e-32 6.872e-32 7.393e-32 7.956e-32
 8.558e-32 9.195e-32 9.864e-32 1.056e-31 1.127e-31 1.200e-31 1.273e-31 1.346e-31
 1.418e-31 1.487e-31 1.554e-31 1.615e-31 1.671e-31 1.721e-31 1.763e-31 1.796e-31
 1.819e-31 1.833e-31 1.837e-31 1.829e-31 1.812e-31 1.785e-31 1.748e-31 1.703e-31
 1.651e-31 1.592e-31 1.529e-31 1.461e-31 1.392e-31 1.321e-31 1.249e-31 1.178e-31
 1.108e-31 1.039e-31 9.711e-32 9.045e-32 8.390e-32 7.744e-32 7.110e-32 6.492e-32
 5.896e-32 5.332e-32 4.806e-32 4.325e-32 3.893e-32 3.510e-32 3.176e-32 2.888e-32
 2.641e-32 2.433e-32 2.259e-32 2.115e-32 1.998e-32 1.904e-32 1.831e-32 1.778e-32
 1.741e-32 1.720e-32 1.714e-32 1.720e-32 1.740e-32 1.771e-32 1.813e-32 1.866e-32
 1.929e-32 2.002e-32 2.084e-32 2.175e-32 2.274e-32 2.380e-32 2.493e-32 2.611e-32
 2.733e-32 2.858e-32 2.985e-32 3.112e-32 3.238e-32 3.360e-32 3.477e-32 3.587e-32
 3.689e-32 3.781e-32 3.861e-32 3.928e-32 3.981e-32 4.019e-32 4.043e-32 4.052e-32
 4.046e-32 4.027e-32 3.995e-32 3.950e-32 3.896e-32 3.832e-32 3.761e-32 3.684e-32
 3.603e-32 3.520e-32 3.435e-32 3.350e-32 3.266e-32 3.184e-32 3.106e-32 3.032e-32
 2.962e-32 2.897e-32 2.837e-32 2.782e-32 2.732e-32 2.686e-32 2.645e-32 2.606e-32
 2.571e-32 2.537e-32 2.505e-32 2.472e-32 2.439e-32 2.405e-32 2.369e-32 2.331e-32
 2.291e-32 2.249e-32 2.205e-32 2.160e-32 2.113e-32 2.064e-32 2.015e-32 1.966e-32
 1.916e-32 1.867e-32 1.818e-32 1.769e-32 1.722e-32 1.676e-32 1.631e-32 1.588e-32
 1.546e-32 1.506e-32 1.468e-32 1.432e-32 1.398e-32 1.365e-32 1.335e-32 1.306e-32
 1.280e-32 1.255e-32 1.231e-32 1.210e-32 1.190e-32 1.171e-32 1.154e-32 1.139e-32
 1.124e-32 1.111e-32 1.100e-32 1.089e-32 1.080e-32 1.072e-32 1.065e-32 1.059e-32
 1.054e-32 1.050e-32 1.047e-32 1.044e-32 1.043e-32 1.042e-32 1.041e-32 1.041e-32
 1.042e-32 1.043e-32 1.044e-32 1.046e-32 1.048e-32 1.050e-32 1.053e-32 1.055e-32
 1.058e-32 1.060e-32 1.063e-32 1.066e-32 1.068e-32 1.070e-32 1.073e-32 1.075e-32
 1.076e-32 1.078e-32 1.079e-32 1.080e-32 1.080e-32 1.081e-32 1.081e-32 1.080e-32
 1.079e-32 1.078e-32 1.076e-32 1.074e-32 1.072e-32 1.069e-32 1.066e-32 1.063e-32
 1.059e-32 1.055e-32 1.051e-32 1.046e-32 1.041e-32 1.036e-32 1.030e-32 1.024e-32
 1.018e-32 1.012e-32 1.006e-32 9.990e-33 9.922e-33 9.853e-33 9.783e-33 9.712e-33
 9.641e-33 9.569e-33 9.496e-33 9.424e-33 9.352e-33 9.279e-33 9.207e-33 9.134e-33
 9.062e-33 8.990e-33 8.919e-33 8.848e-33 8.777e-33 8.706e-33 8.637e-33 8.568e-33
 8.500e-33 8.433e-33 8.367e-33 8.302e-33 8.239e-33 8.177e-33 8.117e-33 8.057e-33
 8.000e-33 7.943e-33 7.888e-33 7.834e-33 7.781e-33 7.730e-33 7.680e-33 7.631e-33
 7.583e-33 7.536e-33 7.491e-33 7.447e-33 7.404e-33 7.363e-33 7.323e-33 7.284e-33
 7.246e-33 7.210e-33 7.175e-33 7.141e-33 7.109e-33 7.077e-33 7.047e-33 7.019e-33
 6.991e-33 6.965e-33 6.940e-33 6.916e-33 6.893e-33 6.871e-33 6.851e-33 6.832e-33
 6.813e-33 6.796e-33 6.780e-33 6.765e-33 6.750e-33 6.737e-33 6.725e-33 6.713e-33
 6.702e-33 6.692e-33 6.683e-33 6.675e-33 6.668e-33 6.661e-33 6.655e-33 6.650e-33
 6.646e-33 6.642e-33 6.639e-33 6.637e-33 6.636e-33 6.636e-33 6.636e-33 6.637e-33
 6.639e-33 6.641e-33 6.644e-33 6.647e-33 6.650e-33 6.653e-33 6.657e-33 6.661e-33
 6.665e-33 6.670e-33 6.675e-33 6.680e-33 6.686e-33 6.693e-33 6.700e-33 6.707e-33
 6.715e-33 6.724e-33 6.732e-33 6.741e-33 6.751e-33 6.761e-33 6.771e-33 6.782e-33
 6.794e-33 6.805e-33 6.817e-33 6.830e-33 6.843e-33 6.856e-33 6.870e-33 6.884e-33
 6.898e-33 6.913e-33 6.928e-33 6.944e-33 6.960e-33 6.976e-33 6.993e-33 7.010e-33
 7.028e-33 7.046e-33 7.064e-33 7.083e-33 7.102e-33 7.122e-33 7.141e-33 7.162e-33
 7.182e-33 7.204e-33 7.225e-33 7.247e-33 7.269e-33 7.292e-33 7.315e-33 7.338e-33
 7.362e-33 7.386e-33 7.411e-33 7.436e-33 7.461e-33 7.487e-33 7.513e-33 7.540e-33
 7.567e-33 7.594e-33 7.622e-33 7.650e-33 7.679e-33 7.708e-33 7.737e-33 7.767e-33
 7.797e-33 7.828e-33 7.859e-33 7.891e-33 7.923e-33 7.955e-33 7.988e-33 8.021e-33
Lz[Wm**3] for tau[ms]=  100.0
 5.939e-36 6.777e-36 7.735e-36 8.827e-36 1.007e-35 1.150e-35 1.312e-35 1.497e-35
 1.709e-35 1.950e-35 2.226e-35 2.540e-35 2.899e-35 3.308e-35 3.775e-35 4.308e-35
 4.917e-35 5.611e-35 6.403e-35 7.307e-35 8.338e-35 9.515e-35 1.086e-34 1.239e-34
 1.414e-34 1.613e-34 1.840e-34 2.100e-34 2.395e-34 2.733e-34 3.117e-34 3.556e-34
 4.055e-34 4.625e-34 5.273e-34 6.012e-34 6.854e-34 7.811e-34 8.901e-34 1.014e-33
 1.155e-33 1.315e-33 1.496e-33 1.702e-33 1.935e-33 2.199e-33 2.497e-33 2.833e-33
 3.212e-33 3.637e-33 4.114e-33 4.648e-33 5.243e-33 5.904e-33 6.636e-33 7.443e-33
 8.329e-33 9.297e-33 1.035e-32 1.148e-32 1.269e-32 1.396e-32 1.528e-32 1.664e-32
 1.801e-32 1.939e-32 2.076e-32 2.210e-32 2.341e-32 2.468e-32 2.592e-32 2.715e-32
 2.835e-32 2.948e-32 3.051e-32 3.138e-32 3.205e-32 3.243e-32 3.246e-32 3.207e-32
 3.117e-32 2.978e-32 2.795e-32 2.579e-32 2.345e-32 2.106e-32 1.876e-32 1.665e-32
 1.480e-32 1.325e-32 1.200e-32 1.102e-32 1.026e-32 9.693e-33 9.283e-33 9.001e-33
 8.821e-33 8.720e-33 8.676e-33 8.668e-33 8.675e-33 8.681e-33 8.670e-33 8.629e-33
 8.548e-33 8.424e-33 8.263e-33 8.076e-33 7.881e-33 7.696e-33 7.540e-33 7.424e-33
 7.362e-33 7.360e-33 7.425e-33 7.559e-33 7.764e-33 8.039e-33 8.382e-33 8.792e-33
 9.265e-33 9.795e-33 1.038e-32 1.100e-32 1.167e-32 1.236e-32 1.308e-32 1.380e-32
 1.453e-32 1.526e-32 1.597e-32 1.668e-32 1.736e-32 1.801e-32 1.864e-32 1.924e-32
 1.980e-32 2.033e-32 2.081e-32 2.127e-32 2.169e-32 2.208e-32 2.245e-32 2.280e-32
 2.315e-32 2.349e-32 2.383e-32 2.418e-32 2.455e-32 2.495e-32 2.537e-32 2.583e-32
 2.634e-32 2.689e-32 2.749e-32 2.814e-32 2.883e-32 2.958e-32 3.038e-32 3.122e-32
 3.212e-32 3.306e-32 3.404e-32 3.507e-32 3.613e-32 3.723e-32 3.835e-32 3.948e-32
 4.064e-32 4.179e-32 4.294e-32 4.408e-32 4.519e-32 4.628e-32 4.732e-32 4.832e-32
 4.925e-32 5.012e-32 5.091e-32 5.161e-32 5.223e-32 5.276e-32 5.318e-32 5.351e-32
 5.372e-32 5.383e-32 5.383e-32 5.373e-32 5.352e-32 5.321e-32 5.280e-32 5.230e-32
 5.171e-32 5.105e-32 5.032e-32 4.953e-32 4.868e-32 4.780e-32 4.688e-32 4.595e-32
 4.501e-32 4.408e-32 4.319e-32 4.235e-32 4.159e-32 4.093e-32 4.039e-32 4.002e-32
 3.984e-32 3.989e-32 4.020e-32 4.080e-32 4.174e-32 4.302e-32 4.470e-32 4.679e-32
 4.931e-32 5.229e-32 5.572e-32 5.962e-32 6.399e-32 6.882e-32 7.409e-32 7.978e-32
 8.586e-32 9.230e-32 9.905e-32 1.061e-31 1.133e-31 1.206e-31 1.280e-31 1.353e-31
 1.426e-31 1.496e-31 1.562e-31 1.624e-31 1.680e-31 1.729e-31 1.770e-31 1.803e-31
 1.825e-31 1.838e-31 1.840e-31 1.831e-31 1.812e-31 1.783e-31 1.744e-31 1.697e-31
 1.643e-31 1.582e-31 1.516e-31 1.447e-31 1.375e-31 1.302e-31 1.229e-31 1.155e-31
 1.082e-31 1.010e-31 9.385e-32 8.673e-32 7.965e-32 7.262e-32 6.570e-32 5.898e-32
 5.259e-32 4.664e-32 4.124e-32 3.643e-32 3.224e-32 2.863e-32 2.559e-32 2.304e-32
 2.093e-32 1.921e-32 1.782e-32 1.673e-32 1.588e-32 1.525e-32 1.481e-32 1.454e-32
 1.442e-32 1.445e-32 1.460e-32 1.487e-32 1.526e-32 1.575e-32 1.634e-32 1.704e-32
 1.782e-32 1.870e-32 1.967e-32 2.071e-32 2.183e-32 2.301e-32 2.426e-32 2.555e-32
 2.687e-32 2.822e-32 2.957e-32 3.091e-32 3.222e-32 3.348e-32 3.468e-32 3.579e-32
 3.679e-32 3.768e-32 3.843e-32 3.903e-32 3.947e-32 3.975e-32 3.987e-32 3.982e-32
 3.962e-32 3.927e-32 3.879e-32 3.819e-32 3.749e-32 3.670e-32 3.585e-32 3.495e-32
 3.401e-32 3.306e-32 3.212e-32 3.118e-32 3.028e-32 2.941e-32 2.859e-32 2.782e-32
 2.711e-32 2.646e-32 2.588e-32 2.535e-32 2.487e-32 2.444e-32 2.405e-32 2.368e-32
 2.333e-32 2.297e-32 2.261e-32 2.222e-32 2.180e-32 2.135e-32 2.087e-32 2.035e-32
 1.980e-32 1.922e-32 1.863e-32 1.802e-32 1.740e-32 1.678e-32 1.616e-32 1.556e-32
 1.497e-32 1.440e-32 1.384e-32 1.332e-32 1.281e-32 1.234e-32 1.189e-32 1.146e-32
 1.107e-32 1.070e-32 1.036e-32 1.005e-32 9.758e-33 9.495e-33 9.255e-33 9.039e-33
 8.843e-33 8.669e-33 8.513e-33 8.376e-33 8.257e-33 8.153e-33 8.066e-33 7.992e-33
 7.933e-33 7.887e-33 7.853e-33 7.830e-33 7.819e-33 7.818e-33 7.826e-33 7.843e-33
 7.868e-33 7.900e-33 7.939e-33 7.983e-33 8.033e-33 8.088e-33 8.146e-33 8.208e-33
 8.273e-33 8.339e-33 8.407e-33 8.475e-33 8.544e-33 8.612e-33 8.679e-33 8.744e-33
 8.807e-33 8.867e-33 8.924e-33 8.977e-33 9.026e-33 9.070e-33 9.110e-33 9.144e-33
 9.172e-33 9.194e-33 9.211e-33 9.221e-33 9.224e-33 9.220e-33 9.210e-33 9.193e-33
 9.169e-33 9.139e-33 9.102e-33 9.059e-33 9.010e-33 8.955e-33 8.894e-33 8.829e-33
 8.758e-33 8.683e-33 8.603e-33 8.520e-33 8.433e-33 8.343e-33 8.250e-33 8.155e-33
 8.057e-33 7.958e-33 7.858e-33 7.757e-33 7.655e-33 7.554e-33 7.452e-33 7.352e-33
 7.252e-33 7.153e-33 7.056e-33 6.960e-33 6.866e-33 6.774e-33 6.683e-33 6.594e-33
 6.507e-33 6.422e-33 6.339e-33 6.258e-33 6.179e-33 6.102e-33 6.027e-33 5.955e-33
 5.885e-33 5.818e-33 5.753e-33 5.691e-33 5.632e-33 5.575e-33 5.521e-33 5.469e-33
 5.419e-33 5.373e-33 5.328e-33 5.286e-33 5.246e-33 5.208e-33 5.172e-33 5.138e-33
 5.106e-33 5.076e-33 5.048e-33 5.021e-33 4.997e-33 4.974e-33 4.952e-33 4.933e-33
 4.915e-33 4.898e-33 4.883e-33 4.870e-33 4.857e-33 4.847e-33 4.838e-33 4.830e-33
 4.824e-33 4.819e-33 4.815e-33 4.813e-33 4.812e-33 4.812e-33 4.813e-33 4.816e-33
 4.820e-33 4.825e-33 4.831e-33 4.838e-33 4.845e-33 4.854e-33 4.863e-33 4.874e-33
 4.884e-33 4.896e-33 4.908e-33 4.920e-33 4.933e-33 4.947e-33 4.961e-33 4.975e-33
 4.991e-33 5.006e-33 5.023e-33 5.040e-33 5.057e-33 5.076e-33 5.094e-33 5.114e-33
 5.133e-33 5.153e-33 5.173e-33 5.193e-33 5.213e-33 5.234e-33 5.254e-33 5.274e-33
 5.295e-33 5.316e-33 5.338e-33 5.360e-33 5.382e-33 5.404e-33 5.427e-33 5.451e-33
 5.474e-33 5.498e-33 5.523e-33 5.547e-33 5.572e-33 5.598e-33 5.623e-33 5.649e-33
 5.675e-33 5.702e-33 5.729e-33 5.756e-33 5.783e-33 5.810e-33 5.838e-33 5.867e-33
 5.895e-33 5.924e-33 5.953e-33 5.982e-33 6.011e-33 6.041e-33 6.071e-33 6.101e-33
 6.132e-33 6.162e-33 6.194e-33 6.225e-33 6.256e-33 6.288e-33 6.320e-33 6.352e-33
 6.385e-33 6.418e-33 6.451e-33 6.484e-33 6.517e-33 6.551e-33 6.585e-33 6.620e-33
 6.654e-33 6.689e-33 6.724e-33 6.759e-33 6.795e-33 6.830e-33 6.866e-33 6.903e-33
 6.939e-33 6.976e-33 7.013e-33 7.050e-33 7.088e-33 7.126e-33 7.164e-33 7.202e-33
 7.241e-33 7.280e-33 7.319e-33 7.358e-33 7.398e-33 7.438e-33 7.478e-33 7.518e-33
Lz[Wm**3] for tau[ms]= 1000.0
 5.939e-36 6.777e-36 7.735e-36 8.827e-36 1.007e-35 1.150e-35 1.312e-35 1.497e-35
 1.709e-35 1.950e-35 2.226e-35 2.540e-35 2.899e-35 3.308e-35 3.775e-35 4.308e-35
 4.917e-35 5.611e-35 6.403e-35 7.307e-35 8.338e-35 9.514e-35 1.086e-34 1.239e-34
 1.414e-34 1.613e-34 1.840e-34 2.100e-34 2.395e-34 2.732e-34 3.117e-34 3.555e-34
 4.055e-34 4.624e-34 5.273e-34 6.012e-34 6.853e-34 7.811e-34 8.900e-34 1.014e-33
 1.155e-33 1.315e-33 1.496e-33 1.702e-33 1.935e-33 2.199e-33 2.497e-33 2.833e-33
 3.211e-33 3.637e-33 4.114e-33 4.647e-33 5.242e-33 5.902e-33 6.634e-33 7.441e-33
 8.327e-33 9.294e-33 1.035e-32 1.148e-32 1.268e-32 1.395e-32 1.527e-32 1.663e-32
 1.801e-32 1.939e-32 2.075e-32 2.209e-32 2.339e-32 2.466e-32 2.590e-32 2.713e-32
 2.831e-32 2.944e-32 3.045e-32 3.131e-32 3.196e-32 3.232e-32 3.233e-32 3.190e-32
 3.097e-32 2.955e-32 2.769e-32 2.552e-32 2.316e-32 2.078e-32 1.849e-32 1.639e-32
 1.457e-32 1.304e-32 1.181e-32 1.085e-32 1.011e-32 9.562e-33 9.165e-33 8.895e-33
 8.724e-33 8.629e-33 8.589e-33 8.581e-33 8.586e-33 8.587e-33 8.568e-33 8.515e-33
 8.420e-33 8.282e-33 8.107e-33 7.910e-33 7.707e-33 7.520e-33 7.364e-33 7.253e-33
 7.198e-33 7.206e-33 7.280e-33 7.425e-33 7.640e-33 7.925e-33 8.278e-33 8.696e-33
 9.175e-33 9.711e-33 1.030e-32 1.093e-32 1.159e-32 1.229e-32 1.300e-32 1.373e-32
 1.445e-32 1.518e-32 1.589e-32 1.659e-32 1.727e-32 1.792e-32 1.855e-32 1.914e-32
 1.970e-32 2.023e-32 2.071e-32 2.117e-32 2.158e-32 2.198e-32 2.235e-32 2.270e-32
 2.304e-32 2.338e-32 2.373e-32 2.408e-32 2.446e-32 2.485e-32 2.528e-32 2.574e-32
 2.625e-32 2.680e-32 2.741e-32 2.806e-32 2.876e-32 2.951e-32 3.031e-32 3.116e-32
 3.205e-32 3.300e-32 3.398e-32 3.501e-32 3.608e-32 3.717e-32 3.830e-32 3.944e-32
 4.059e-32 4.174e-32 4.289e-32 4.403e-32 4.515e-32 4.623e-32 4.728e-32 4.827e-32
 4.921e-32 5.007e-32 5.086e-32 5.157e-32 5.219e-32 5.271e-32 5.314e-32 5.346e-32
 5.368e-32 5.379e-32 5.379e-32 5.368e-32 5.347e-32 5.316e-32 5.275e-32 5.225e-32
 5.166e-32 5.100e-32 5.027e-32 4.948e-32 4.863e-32 4.775e-32 4.683e-32 4.589e-32
 4.496e-32 4.403e-32 4.314e-32 4.230e-32 4.154e-32 4.088e-32 4.035e-32 3.998e-32
 3.980e-32 3.985e-32 4.016e-32 4.077e-32 4.170e-32 4.300e-32 4.468e-32 4.677e-32
 4.930e-32 5.228e-32 5.571e-32 5.962e-32 6.400e-32 6.883e-32 7.410e-32 7.980e-32
 8.589e-32 9.234e-32 9.909e-32 1.061e-31 1.133e-31 1.207e-31 1.281e-31 1.354e-31
 1.426e-31 1.496e-31 1.563e-31 1.625e-31 1.681e-31 1.730e-31 1.771e-31 1.803e-31
 1.826e-31 1.838e-31 1.840e-31 1.832e-31 1.812e-31 1.783e-31 1.744e-31 1.697e-31
 1.642e-31 1.581e-31 1.515e-31 1.446e-31 1.374e-31 1.300e-31 1.227e-31 1.153e-31
 1.080e-31 1.007e-31 9.349e-32 8.632e-32 7.917e-32 7.207e-32 6.508e-32 5.830e-32
 5.186e-32 4.589e-32 4.047e-32 3.567e-32 3.150e-32 2.793e-32 2.492e-32 2.241e-32
 2.035e-32 1.867e-32 1.732e-32 1.626e-32 1.545e-32 1.485e-32 1.444e-32 1.421e-32
 1.412e-32 1.416e-32 1.434e-32 1.463e-32 1.504e-32 1.555e-32 1.616e-32 1.687e-32
 1.768e-32 1.857e-32 1.955e-32 2.061e-32 2.174e-32 2.294e-32 2.419e-32 2.549e-32
 2.683e-32 2.818e-32 2.954e-32 3.089e-32 3.221e-32 3.347e-32 3.467e-32 3.578e-32
 3.678e-32 3.766e-32 3.841e-32 3.900e-32 3.943e-32 3.970e-32 3.980e-32 3.974e-32
 3.953e-32 3.916e-32 3.866e-32 3.805e-32 3.733e-32 3.652e-32 3.565e-32 3.474e-32
 3.379e-32 3.283e-32 3.187e-32 3.093e-32 3.002e-32 2.914e-32 2.832e-32 2.755e-32
 2.684e-32 2.619e-32 2.560e-32 2.508e-32 2.460e-32 2.418e-32 2.378e-32 2.341e-32
 2.305e-32 2.269e-32 2.232e-32 2.192e-32 2.148e-32 2.101e-32 2.051e-32 1.997e-32
 1.939e-32 1.879e-32 1.817e-32 1.754e-32 1.690e-32 1.627e-32 1.564e-32 1.502e-32
 1.442e-32 1.384e-32 1.328e-32 1.275e-32 1.225e-32 1.178e-32 1.133e-32 1.091e-32
 1.052e-32 1.016e-32 9.831e-33 9.526e-33 9.247e-33 8.994e-33 8.765e-33 8.559e-33
 8.375e-33 8.211e-33 8.067e-33 7.941e-33 7.832e-33 7.740e-33 7.663e-33 7.601e-33
 7.553e-33 7.517e-33 7.494e-33 7.482e-33 7.480e-33 7.489e-33 7.507e-33 7.533e-33
 7.567e-33 7.608e-33 7.655e-33 7.708e-33 7.765e-33 7.828e-33 7.893e-33 7.962e-33
 8.033e-33 8.105e-33 8.179e-33 8.253e-33 8.326e-33 8.399e-33 8.470e-33 8.539e-33
 8.605e-33 8.668e-33 8.727e-33 8.783e-33 8.833e-33 8.878e-33 8.918e-33 8.952e-33
 8.979e-33 9.001e-33 9.015e-33 9.023e-33 9.023e-33 9.016e-33 9.002e-33 8.981e-33
 8.953e-33 8.917e-33 8.874e-33 8.825e-33 8.770e-33 8.708e-33 8.640e-33 8.567e-33
 8.489e-33 8.406e-33 8.319e-33 8.228e-33 8.133e-33 8.035e-33 7.934e-33 7.831e-33
 7.726e-33 7.620e-33 7.512e-33 7.404e-33 7.296e-33 7.189e-33 7.081e-33 6.975e-33
 6.870e-33 6.767e-33 6.665e-33 6.565e-33 6.467e-33 6.372e-33 6.278e-33 6.186e-33
 6.097e-33 6.010e-33 5.925e-33 5.843e-33 5.763e-33 5.686e-33 5.611e-33 5.538e-33
 5.469e-33 5.402e-33 5.338e-33 5.277e-33 5.219e-33 5.164e-33 5.111e-33 5.061e-33
 5.014e-33 4.969e-33 4.927e-33 4.887e-33 4.849e-33 4.814e-33 4.781e-33 4.750e-33
 4.721e-33 4.694e-33 4.669e-33 4.646e-33 4.625e-33 4.605e-33 4.587e-33 4.571e-33
 4.556e-33 4.543e-33 4.532e-33 4.521e-33 4.513e-33 4.506e-33 4.500e-33 4.496e-33
 4.493e-33 4.491e-33 4.491e-33 4.492e-33 4.495e-33 4.498e-33 4.503e-33 4.509e-33
 4.517e-33 4.525e-33 4.534e-33 4.545e-33 4.556e-33 4.568e-33 4.581e-33 4.594e-33
 4.608e-33 4.623e-33 4.638e-33 4.653e-33 4.669e-33 4.686e-33 4.703e-33 4.720e-33
 4.738e-33 4.757e-33 4.776e-33 4.796e-33 4.816e-33 4.837e-33 4.858e-33 4.880e-33
 4.902e-33 4.924e-33 4.946e-33 4.969e-33 4.991e-33 5.014e-33 5.036e-33 5.059e-33
 5.082e-33 5.105e-33 5.129e-33 5.153e-33 5.178e-33 5.203e-33 5.228e-33 5.253e-33
 5.279e-33 5.305e-33 5.332e-33 5.358e-33 5.385e-33 5.413e-33 5.440e-33 5.468e-33
 5.497e-33 5.525e-33 5.554e-33 5.583e-33 5.612e-33 5.642e-33 5.671e-33 5.701e-33
 5.732e-33 5.762e-33 5.793e-33 5.824e-33 5.855e-33 5.887e-33 5.919e-33 5.951e-33
 5.983e-33 6.015e-33 6.048e-33 6.081e-33 6.114e-33 6.147e-33 6.181e-33 6.215e-33
 6.249e-33 6.283e-33 6.318e-33 6.352e-33 6.387e-33 6.422e-33 6.458e-33 6.494e-33
 6.529e-33 6.565e-33 6.602e-33 6.638e-33 6.675e-33 6.712e-33 6.749e-33 6.787e-33
 6.825e-33 6.862e-33 6.901e-33 6.939e-33 6.978e-33 7.016e-33 7.056e-33 7.095e-33
 7.134e-33 7.174e-33 7.214e-33 7.255e-33 7.295e-33 7.336e-33 7.377e-33 7.418e-33
Lz[Wm**3] in equilibrium - infinite confinement
 5.939e-36 6.777e-36 7.735e-36 8.827e-36 1.007e-35 1.150e-35 1.312e-35 1.497e-35
 1.709e-35 1.950e-35 2.226e-35 2.540e-35 2.899e-35 3.308e-35 3.775e-35 4.308e-35
 4.917e-35 5.611e-35 6.403e-35 7.307e-35 8.338e-35 9.514e-35 1.086e-34 1.239e-34
 1.414e-34 1.613e-34 1.840e-34 2.100e-34 2.395e-34 2.732e-34 3.117e-34 3.555e-34
 4.055e-34 4.624e-34 5.273e-34 6.012e-34 6.853e-34 7.811e-34 8.900e-34 1.014e-33
 1.155e-33 1.315e-33 1.496e-33 1.702e-33 1.935e-33 2.199e-33 2.497e-33 2.833e-33
 3.211e-33 3.636e-33 4.113e-33 4.647e-33 5.242e-33 5.902e-33 6.634e-33 7.441e-33
 8.327e-33 9.294e-33 1.034e-32 1.148e-32 1.268e-32 1.395e-32 1.527e-32 1.663e-32
 1.801e-32 1.939e-32 2.075e-32 2.209e-32 2.339e-32 2.466e-32 2.590e-32 2.712e-32
 2.831e-32 2.943e-32 3.045e-32 3.131e-32 3.195e-32 3.231e-32 3.231e-32 3.188e-32
 3.095e-32 2.952e-32 2.766e-32 2.549e-32 2.313e-32 2.074e-32 1.845e-32 1.637e-32
 1.454e-32 1.302e-32 1.179e-32 1.083e-32 1.010e-32 9.547e-33 9.152e-33 8.883e-33
 8.713e-33 8.619e-33 8.580e-33 8.572e-33 8.576e-33 8.576e-33 8.556e-33 8.502e-33
 8.405e-33 8.266e-33 8.090e-33 7.891e-33 7.687e-33 7.499e-33 7.344e-33 7.234e-33
 7.180e-33 7.188e-33 7.264e-33 7.410e-33 7.626e-33 7.912e-33 8.266e-33 8.685e-33
 9.165e-33 9.702e-33 1.029e-32 1.092e-32 1.159e-32 1.228e-32 1.299e-32 1.372e-32
 1.444e-32 1.517e-32 1.588e-32 1.658e-32 1.726e-32 1.791e-32 1.854e-32 1.913e-32
 1.969e-32 2.022e-32 2.070e-32 2.115e-32 2.157e-32 2.196e-32 2.233e-32 2.269e-32
 2.303e-32 2.337e-32 2.372e-32 2.407e-32 2.444e-32 2.484e-32 2.527e-32 2.573e-32
 2.624e-32 2.680e-32 2.740e-32 2.805e-32 2.875e-32 2.950e-32 3.030e-32 3.115e-32
 3.205e-32 3.299e-32 3.398e-32 3.501e-32 3.607e-32 3.717e-32 3.829e-32 3.943e-32
 4.058e-32 4.174e-32 4.289e-32 4.403e-32 4.514e-32 4.623e-32 4.727e-32 4.827e-32
 4.920e-32 5.007e-32 5.086e-32 5.156e-32 5.218e-32 5.271e-32 5.313e-32 5.346e-32
 5.367e-32 5.378e-32 5.378e-32 5.367e-32 5.346e-32 5.315e-32 5.274e-32 5.224e-32
 5.166e-32 5.100e-32 5.026e-32 4.947e-32 4.863e-32 4.774e-32 4.682e-32 4.589e-32
 4.495e-32 4.403e-32 4.314e-32 4.230e-32 4.153e-32 4.087e-32 4.034e-32 3.997e-32
 3.980e-32 3.985e-32 4.016e-32 4.077e-32 4.170e-32 4.299e-32 4.467e-32 4.677e-32
 4.930e-32 5.227e-32 5.571e-32 5.962e-32 6.400e-32 6.883e-32 7.411e-32 7.980e-32
 8.589e-32 9.234e-32 9.910e-32 1.061e-31 1.133e-31 1.207e-31 1.281e-31 1.354e-31
 1.427e-31 1.496e-31 1.563e-31 1.625e-31 1.681e-31 1.730e-31 1.771e-31 1.803e-31
 1.826e-31 1.839e-31 1.840e-31 1.832e-31 1.812e-31 1.783e-31 1.744e-31 1.697e-31
 1.642e-31 1.581e-31 1.515e-31 1.446e-31 1.374e-31 1.300e-31 1.226e-31 1.153e-31
 1.079e-31 1.007e-31 9.345e-32 8.627e-32 7.912e-32 7.201e-32 6.501e-32 5.823e-32
 5.178e-32 4.580e-32 4.038e-32 3.558e-32 3.141e-32 2.785e-32 2.484e-32 2.234e-32
 2.028e-32 1.861e-32 1.727e-32 1.621e-32 1.540e-32 1.481e-32 1.440e-32 1.417e-32
 1.408e-32 1.413e-32 1.431e-32 1.461e-32 1.501e-32 1.553e-32 1.614e-32 1.685e-32
 1.766e-32 1.856e-32 1.954e-32 2.060e-32 2.173e-32 2.293e-32 2.418e-32 2.549e-32
 2.682e-32 2.818e-32 2.954e-32 3.089e-32 3.220e-32 3.347e-32 3.467e-32 3.578e-32
 3.678e-32 3.766e-32 3.840e-32 3.900e-32 3.943e-32 3.969e-32 3.980e-32 3.973e-32
 3.952e-32 3.915e-32 3.865e-32 3.803e-32 3.731e-32 3.650e-32 3.563e-32 3.471e-32
 3.376e-32 3.280e-32 3.184e-32 3.090e-32 2.999e-32 2.911e-32 2.829e-32 2.752e-32
 2.681e-32 2.616e-32 2.557e-32 2.505e-32 2.457e-32 2.415e-32 2.375e-32 2.338e-32
 2.302e-32 2.266e-32 2.228e-32 2.188e-32 2.145e-32 2.098e-32 2.047e-32 1.992e-32
 1.935e-32 1.874e-32 1.812e-32 1.749e-32 1.685e-32 1.621e-32 1.558e-32 1.496e-32
 1.436e-32 1.378e-32 1.322e-32 1.269e-32 1.219e-32 1.171e-32 1.127e-32 1.085e-32
 1.046e-32 1.010e-32 9.771e-33 9.467e-33 9.189e-33 8.937e-33 8.709e-33 8.505e-33
 8.321e-33 8.159e-33 8.016e-33 7.892e-33 7.784e-33 7.693e-33 7.618e-33 7.557e-33
 7.510e-33 7.475e-33 7.453e-33 7.442e-33 7.442e-33 7.452e-33 7.471e-33 7.498e-33
 7.533e-33 7.575e-33 7.623e-33 7.677e-33 7.735e-33 7.798e-33 7.865e-33 7.934e-33
 8.006e-33 8.079e-33 8.153e-33 8.228e-33 8.302e-33 8.375e-33 8.446e-33 8.516e-33
 8.582e-33 8.646e-33 8.705e-33 8.760e-33 8.811e-33 8.856e-33 8.896e-33 8.930e-33
 8.957e-33 8.979e-33 8.993e-33 9.000e-33 9.000e-33 8.993e-33 8.979e-33 8.957e-33
 8.928e-33 8.891e-33 8.848e-33 8.798e-33 8.742e-33 8.679e-33 8.611e-33 8.537e-33
 8.458e-33 8.374e-33 8.286e-33 8.193e-33 8.098e-33 7.999e-33 7.897e-33 7.793e-33
 7.687e-33 7.580e-33 7.472e-33 7.363e-33 7.254e-33 7.145e-33 7.038e-33 6.931e-33
 6.825e-33 6.721e-33 6.619e-33 6.519e-33 6.420e-33 6.324e-33 6.230e-33 6.138e-33
 6.049e-33 5.961e-33 5.877e-33 5.794e-33 5.714e-33 5.636e-33 5.562e-33 5.489e-33
 5.420e-33 5.353e-33 5.289e-33 5.228e-33 5.170e-33 5.115e-33 5.063e-33 5.013e-33
 4.966e-33 4.922e-33 4.880e-33 4.840e-33 4.803e-33 4.768e-33 4.735e-33 4.704e-33
 4.676e-33 4.649e-33 4.625e-33 4.602e-33 4.581e-33 4.562e-33 4.544e-33 4.529e-33
 4.514e-33 4.502e-33 4.490e-33 4.481e-33 4.472e-33 4.466e-33 4.460e-33 4.457e-33
 4.454e-33 4.453e-33 4.453e-33 4.455e-33 4.458e-33 4.462e-33 4.467e-33 4.474e-33
 4.481e-33 4.490e-33 4.500e-33 4.511e-33 4.522e-33 4.534e-33 4.547e-33 4.561e-33
 4.576e-33 4.590e-33 4.606e-33 4.622e-33 4.639e-33 4.656e-33 4.673e-33 4.691e-33
 4.710e-33 4.729e-33 4.748e-33 4.768e-33 4.788e-33 4.809e-33 4.830e-33 4.851e-33
 4.873e-33 4.895e-33 4.917e-33 4.940e-33 4.963e-33 4.987e-33 5.010e-33 5.035e-33
 5.059e-33 5.083e-33 5.108e-33 5.133e-33 5.159e-33 5.185e-33 5.211e-33 5.237e-33
 5.263e-33 5.290e-33 5.317e-33 5.345e-33 5.372e-33 5.400e-33 5.428e-33 5.456e-33
 5.485e-33 5.514e-33 5.543e-33 5.572e-33 5.601e-33 5.631e-33 5.661e-33 5.691e-33
 5.722e-33 5.753e-33 5.783e-33 5.815e-33 5.846e-33 5.878e-33 5.909e-33 5.941e-33
 5.974e-33 6.006e-33 6.039e-33 6.072e-33 6.105e-33 6.139e-33 6.172e-33 6.206e-33
 6.240e-33 6.274e-33 6.309e-33 6.344e-33 6.379e-33 6.414e-33 6.449e-33 6.485e-33
 6.521e-33 6.557e-33 6.593e-33 6.630e-33 6.667e-33 6.704e-33 6.741e-33 6.778e-33
 6.816e-33 6.854e-33 6.892e-33 6.931e-33 6.969e-33 7.008e-33 7.047e-33 7.087e-33
 7.126e-33 7.166e-33 7.206e-33 7.246e-33 7.287e-33 7.328e-33 7.369e-33 7.410e-33
C-------------------------------------------------------------------------------
C
C  The fractional abundance and radiated power were generated from the
C  ADAS installation at UKAEA with the named adf11 files. The adf11 data
C  files may be updated in a later release of ADAS and publicly
C  available versions may be found at https://open.adas.ac.uk/.
C
C  The equilibrium balance data was produced with run_adas405.py and
C  the balance with a confinement time with adas4xx_ionbal_tau.py
C  which are functions from the ADAS library. Details on these codes
C  may be found at: https://www.adas.ac.uk/python_lib/index.html
C
C  Copyright (C) 2023 UK Atomic Energy Authority
C
C  This file was generated for use in the UKAEA systems code PROCESS
C  using a script written by Martin O'Mullane.
C  If acquired without provenance a user is strongly advised
C  to check its validity by re-generating using the adf11 files from
C  the OPEN-ADAS site.
C
C  Produced by : Timothy Nunn
C  Date        : 29-07-26
C
C-------------------------------------------------------------------------------
