Mean charge as a function dwell time.
Temperature :      0.2 - 500000.0 eV
Density     : 1.00e+20 m-3
   600     5  # Te values, dwell time

Source data:
acd : /home/adas/adas/adf11/acd85/acd85_fe.dat
scd : /home/adas/adas/adf11/scd85/scd85_fe.dat
plt : /home/adas/adas/adf11/plt89/plt89_fe.dat
prb : /home/adas/adas/adf11/prb89/prb89_fe.dat

Te[eV]
 2.500e-01 2.561e-01 2.624e-01 2.688e-01 2.754e-01 2.822e-01 2.891e-01 2.962e-01
 3.035e-01 3.109e-01 3.185e-01 3.263e-01 3.343e-01 3.425e-01 3.509e-01 3.595e-01
 3.683e-01 3.774e-01 3.866e-01 3.961e-01 4.058e-01 4.158e-01 4.260e-01 4.364e-01
 4.471e-01 4.581e-01 4.693e-01 4.808e-01 4.926e-01 5.047e-01 5.170e-01 5.297e-01
 5.427e-01 5.560e-01 5.696e-01 5.836e-01 5.979e-01 6.126e-01 6.276e-01 6.430e-01
 6.587e-01 6.749e-01 6.914e-01 7.084e-01 7.257e-01 7.435e-01 7.618e-01 7.804e-01
 7.996e-01 8.192e-01 8.393e-01 8.598e-01 8.809e-01 9.025e-01 9.247e-01 9.473e-01
 9.706e-01 9.943e-01 1.019e+00 1.044e+00 1.069e+00 1.096e+00 1.122e+00 1.150e+00
 1.178e+00 1.207e+00 1.237e+00 1.267e+00 1.298e+00 1.330e+00 1.362e+00 1.396e+00
 1.430e+00 1.465e+00 1.501e+00 1.538e+00 1.575e+00 1.614e+00 1.654e+00 1.694e+00
 1.736e+00 1.778e+00 1.822e+00 1.867e+00 1.912e+00 1.959e+00 2.007e+00 2.056e+00
 2.107e+00 2.159e+00 2.211e+00 2.266e+00 2.321e+00 2.378e+00 2.436e+00 2.496e+00
 2.557e+00 2.620e+00 2.684e+00 2.750e+00 2.818e+00 2.887e+00 2.957e+00 3.030e+00
 3.104e+00 3.180e+00 3.258e+00 3.338e+00 3.420e+00 3.504e+00 3.590e+00 3.678e+00
 3.768e+00 3.860e+00 3.955e+00 4.052e+00 4.151e+00 4.253e+00 4.357e+00 4.464e+00
 4.574e+00 4.686e+00 4.801e+00 4.918e+00 5.039e+00 5.162e+00 5.289e+00 5.419e+00
 5.551e+00 5.688e+00 5.827e+00 5.970e+00 6.116e+00 6.266e+00 6.420e+00 6.577e+00
 6.738e+00 6.904e+00 7.073e+00 7.246e+00 7.424e+00 7.606e+00 7.792e+00 7.983e+00
 8.179e+00 8.380e+00 8.585e+00 8.796e+00 9.011e+00 9.232e+00 9.459e+00 9.691e+00
 9.928e+00 1.017e+01 1.042e+01 1.068e+01 1.094e+01 1.121e+01 1.148e+01 1.176e+01
 1.205e+01 1.235e+01 1.265e+01 1.296e+01 1.328e+01 1.360e+01 1.394e+01 1.428e+01
 1.463e+01 1.499e+01 1.535e+01 1.573e+01 1.612e+01 1.651e+01 1.692e+01 1.733e+01
 1.776e+01 1.819e+01 1.864e+01 1.909e+01 1.956e+01 2.004e+01 2.053e+01 2.104e+01
 2.155e+01 2.208e+01 2.262e+01 2.318e+01 2.374e+01 2.433e+01 2.492e+01 2.553e+01
 2.616e+01 2.680e+01 2.746e+01 2.813e+01 2.882e+01 2.953e+01 3.025e+01 3.099e+01
 3.175e+01 3.253e+01 3.333e+01 3.415e+01 3.498e+01 3.584e+01 3.672e+01 3.762e+01
 3.854e+01 3.949e+01 4.046e+01 4.145e+01 4.246e+01 4.351e+01 4.457e+01 4.566e+01
 4.678e+01 4.793e+01 4.911e+01 5.031e+01 5.154e+01 5.281e+01 5.410e+01 5.543e+01
 5.679e+01 5.818e+01 5.961e+01 6.107e+01 6.256e+01 6.410e+01 6.567e+01 6.728e+01
 6.893e+01 7.062e+01 7.235e+01 7.412e+01 7.594e+01 7.780e+01 7.971e+01 8.167e+01
 8.367e+01 8.572e+01 8.782e+01 8.997e+01 9.218e+01 9.444e+01 9.676e+01 9.913e+01
 1.016e+02 1.040e+02 1.066e+02 1.092e+02 1.119e+02 1.146e+02 1.174e+02 1.203e+02
 1.233e+02 1.263e+02 1.294e+02 1.326e+02 1.358e+02 1.391e+02 1.426e+02 1.461e+02
 1.496e+02 1.533e+02 1.571e+02 1.609e+02 1.649e+02 1.689e+02 1.730e+02 1.773e+02
 1.816e+02 1.861e+02 1.906e+02 1.953e+02 2.001e+02 2.050e+02 2.100e+02 2.152e+02
 2.205e+02 2.259e+02 2.314e+02 2.371e+02 2.429e+02 2.488e+02 2.549e+02 2.612e+02
 2.676e+02 2.742e+02 2.809e+02 2.878e+02 2.948e+02 3.021e+02 3.095e+02 3.170e+02
 3.248e+02 3.328e+02 3.409e+02 3.493e+02 3.579e+02 3.666e+02 3.756e+02 3.848e+02
 3.943e+02 4.039e+02 4.138e+02 4.240e+02 4.344e+02 4.450e+02 4.559e+02 4.671e+02
 4.786e+02 4.903e+02 5.023e+02 5.146e+02 5.273e+02 5.402e+02 5.534e+02 5.670e+02
 5.809e+02 5.951e+02 6.097e+02 6.247e+02 6.400e+02 6.557e+02 6.718e+02 6.882e+02
 7.051e+02 7.224e+02 7.401e+02 7.582e+02 7.768e+02 7.959e+02 8.154e+02 8.354e+02
 8.559e+02 8.769e+02 8.984e+02 9.204e+02 9.429e+02 9.661e+02 9.897e+02 1.014e+03
 1.039e+03 1.064e+03 1.090e+03 1.117e+03 1.145e+03 1.173e+03 1.201e+03 1.231e+03
 1.261e+03 1.292e+03 1.324e+03 1.356e+03 1.389e+03 1.423e+03 1.458e+03 1.494e+03
 1.531e+03 1.568e+03 1.607e+03 1.646e+03 1.686e+03 1.728e+03 1.770e+03 1.813e+03
 1.858e+03 1.903e+03 1.950e+03 1.998e+03 2.047e+03 2.097e+03 2.149e+03 2.201e+03
 2.255e+03 2.310e+03 2.367e+03 2.425e+03 2.485e+03 2.546e+03 2.608e+03 2.672e+03
 2.737e+03 2.804e+03 2.873e+03 2.944e+03 3.016e+03 3.090e+03 3.166e+03 3.243e+03
 3.323e+03 3.404e+03 3.488e+03 3.573e+03 3.661e+03 3.750e+03 3.842e+03 3.937e+03
 4.033e+03 4.132e+03 4.233e+03 4.337e+03 4.443e+03 4.552e+03 4.664e+03 4.778e+03
 4.895e+03 5.015e+03 5.138e+03 5.264e+03 5.393e+03 5.526e+03 5.661e+03 5.800e+03
 5.942e+03 6.088e+03 6.237e+03 6.390e+03 6.547e+03 6.707e+03 6.872e+03 7.040e+03
 7.213e+03 7.390e+03 7.571e+03 7.756e+03 7.947e+03 8.141e+03 8.341e+03 8.545e+03
 8.755e+03 8.970e+03 9.190e+03 9.415e+03 9.646e+03 9.882e+03 1.012e+04 1.037e+04
 1.063e+04 1.089e+04 1.115e+04 1.143e+04 1.171e+04 1.200e+04 1.229e+04 1.259e+04
 1.290e+04 1.322e+04 1.354e+04 1.387e+04 1.421e+04 1.456e+04 1.492e+04 1.528e+04
 1.566e+04 1.604e+04 1.643e+04 1.684e+04 1.725e+04 1.767e+04 1.811e+04 1.855e+04
 1.901e+04 1.947e+04 1.995e+04 2.044e+04 2.094e+04 2.145e+04 2.198e+04 2.252e+04
 2.307e+04 2.363e+04 2.421e+04 2.481e+04 2.542e+04 2.604e+04 2.668e+04 2.733e+04
 2.800e+04 2.869e+04 2.939e+04 3.011e+04 3.085e+04 3.161e+04 3.238e+04 3.318e+04
 3.399e+04 3.482e+04 3.568e+04 3.655e+04 3.745e+04 3.836e+04 3.931e+04 4.027e+04
 4.126e+04 4.227e+04 4.330e+04 4.437e+04 4.545e+04 4.657e+04 4.771e+04 4.888e+04
 5.008e+04 5.131e+04 5.256e+04 5.385e+04 5.517e+04 5.652e+04 5.791e+04 5.933e+04
 6.078e+04 6.228e+04 6.380e+04 6.537e+04 6.697e+04 6.861e+04 7.029e+04 7.202e+04
 7.378e+04 7.559e+04 7.744e+04 7.934e+04 8.129e+04 8.328e+04 8.532e+04 8.741e+04
 8.956e+04 9.175e+04 9.400e+04 9.631e+04 9.867e+04 1.011e+05 1.036e+05 1.061e+05
 1.087e+05 1.114e+05 1.141e+05 1.169e+05 1.198e+05 1.227e+05 1.257e+05 1.288e+05
 1.320e+05 1.352e+05 1.385e+05 1.419e+05 1.454e+05 1.489e+05 1.526e+05 1.563e+05
 1.602e+05 1.641e+05 1.681e+05 1.722e+05 1.765e+05 1.808e+05 1.852e+05 1.898e+05
 1.944e+05 1.992e+05 2.041e+05 2.091e+05 2.142e+05 2.194e+05 2.248e+05 2.303e+05
 2.360e+05 2.418e+05 2.477e+05 2.538e+05 2.600e+05 2.664e+05 2.729e+05 2.796e+05
 2.864e+05 2.935e+05 3.007e+05 3.080e+05 3.156e+05 3.233e+05 3.312e+05 3.394e+05
 3.477e+05 3.562e+05 3.649e+05 3.739e+05 3.831e+05 3.924e+05 4.021e+05 4.119e+05
 4.220e+05 4.324e+05 4.430e+05 4.538e+05 4.650e+05 4.764e+05 4.880e+05 5.000e+05
<Z> for tau[ms]=    0.1
 3.443e-07 4.300e-07 5.370e-07 6.706e-07 8.375e-07 1.046e-06 1.306e-06 1.630e-06
 2.035e-06 2.540e-06 3.171e-06 3.958e-06 4.939e-06 6.163e-06 7.690e-06 9.594e-06
 1.197e-05 1.493e-05 1.862e-05 2.321e-05 2.894e-05 3.607e-05 4.495e-05 5.600e-05
 6.976e-05 8.688e-05 1.082e-04 1.347e-04 1.676e-04 2.084e-04 2.592e-04 3.222e-04
 4.004e-04 4.974e-04 6.176e-04 7.665e-04 9.507e-04 1.179e-03 1.460e-03 1.808e-03
 2.238e-03 2.767e-03 3.419e-03 4.221e-03 5.206e-03 6.415e-03 7.896e-03 9.708e-03
 1.192e-02 1.462e-02 1.789e-02 2.187e-02 2.667e-02 3.246e-02 3.938e-02 4.762e-02
 5.736e-02 6.878e-02 8.206e-02 9.737e-02 1.149e-01 1.346e-01 1.567e-01 1.810e-01
 2.073e-01 2.353e-01 2.645e-01 2.946e-01 3.250e-01 3.550e-01 3.841e-01 4.119e-01
 4.382e-01 4.634e-01 4.878e-01 5.117e-01 5.354e-01 5.594e-01 5.839e-01 6.095e-01
 6.364e-01 6.647e-01 6.939e-01 7.239e-01 7.544e-01 7.851e-01 8.161e-01 8.473e-01
 8.787e-01 9.104e-01 9.424e-01 9.749e-01 1.008e+00 1.042e+00 1.076e+00 1.112e+00
 1.148e+00 1.185e+00 1.223e+00 1.261e+00 1.301e+00 1.340e+00 1.379e+00 1.418e+00
 1.457e+00 1.494e+00 1.531e+00 1.566e+00 1.600e+00 1.634e+00 1.666e+00 1.697e+00
 1.728e+00 1.758e+00 1.788e+00 1.818e+00 1.849e+00 1.880e+00 1.912e+00 1.945e+00
 1.979e+00 2.015e+00 2.051e+00 2.089e+00 2.128e+00 2.168e+00 2.208e+00 2.249e+00
 2.290e+00 2.331e+00 2.372e+00 2.413e+00 2.453e+00 2.493e+00 2.532e+00 2.571e+00
 2.609e+00 2.647e+00 2.685e+00 2.723e+00 2.761e+00 2.800e+00 2.840e+00 2.880e+00
 2.922e+00 2.965e+00 3.008e+00 3.053e+00 3.099e+00 3.146e+00 3.194e+00 3.242e+00
 3.291e+00 3.341e+00 3.391e+00 3.440e+00 3.491e+00 3.541e+00 3.591e+00 3.641e+00
 3.691e+00 3.741e+00 3.791e+00 3.840e+00 3.890e+00 3.939e+00 3.987e+00 4.036e+00
 4.083e+00 4.130e+00 4.176e+00 4.222e+00 4.267e+00 4.311e+00 4.354e+00 4.396e+00
 4.438e+00 4.480e+00 4.520e+00 4.561e+00 4.601e+00 4.640e+00 4.679e+00 4.719e+00
 4.758e+00 4.797e+00 4.836e+00 4.876e+00 4.915e+00 4.955e+00 4.995e+00 5.036e+00
 5.077e+00 5.118e+00 5.160e+00 5.202e+00 5.244e+00 5.287e+00 5.330e+00 5.374e+00
 5.418e+00 5.463e+00 5.508e+00 5.553e+00 5.599e+00 5.646e+00 5.693e+00 5.740e+00
 5.788e+00 5.837e+00 5.885e+00 5.935e+00 5.984e+00 6.034e+00 6.085e+00 6.135e+00
 6.187e+00 6.238e+00 6.291e+00 6.343e+00 6.396e+00 6.450e+00 6.505e+00 6.560e+00
 6.615e+00 6.672e+00 6.729e+00 6.787e+00 6.846e+00 6.906e+00 6.967e+00 7.029e+00
 7.093e+00 7.157e+00 7.223e+00 7.289e+00 7.357e+00 7.427e+00 7.497e+00 7.569e+00
 7.641e+00 7.715e+00 7.789e+00 7.865e+00 7.942e+00 8.019e+00 8.097e+00 8.176e+00
 8.255e+00 8.335e+00 8.416e+00 8.497e+00 8.578e+00 8.660e+00 8.741e+00 8.824e+00
 8.906e+00 8.989e+00 9.071e+00 9.154e+00 9.237e+00 9.320e+00 9.404e+00 9.487e+00
 9.571e+00 9.655e+00 9.739e+00 9.823e+00 9.907e+00 9.992e+00 1.008e+01 1.016e+01
 1.025e+01 1.033e+01 1.041e+01 1.050e+01 1.058e+01 1.067e+01 1.075e+01 1.083e+01
 1.091e+01 1.100e+01 1.108e+01 1.116e+01 1.124e+01 1.132e+01 1.139e+01 1.147e+01
 1.155e+01 1.162e+01 1.169e+01 1.176e+01 1.183e+01 1.190e+01 1.197e+01 1.203e+01
 1.210e+01 1.216e+01 1.222e+01 1.228e+01 1.234e+01 1.240e+01 1.245e+01 1.251e+01
 1.256e+01 1.261e+01 1.266e+01 1.271e+01 1.276e+01 1.281e+01 1.285e+01 1.290e+01
 1.294e+01 1.299e+01 1.303e+01 1.307e+01 1.311e+01 1.315e+01 1.319e+01 1.322e+01
 1.326e+01 1.330e+01 1.333e+01 1.336e+01 1.340e+01 1.343e+01 1.346e+01 1.350e+01
 1.353e+01 1.356e+01 1.359e+01 1.362e+01 1.365e+01 1.367e+01 1.370e+01 1.373e+01
 1.376e+01 1.378e+01 1.381e+01 1.383e+01 1.386e+01 1.388e+01 1.391e+01 1.393e+01
 1.395e+01 1.397e+01 1.400e+01 1.402e+01 1.404e+01 1.406e+01 1.408e+01 1.410e+01
 1.412e+01 1.414e+01 1.416e+01 1.417e+01 1.419e+01 1.421e+01 1.423e+01 1.424e+01
 1.426e+01 1.427e+01 1.429e+01 1.430e+01 1.432e+01 1.433e+01 1.434e+01 1.435e+01
 1.437e+01 1.438e+01 1.439e+01 1.440e+01 1.441e+01 1.442e+01 1.442e+01 1.443e+01
 1.444e+01 1.445e+01 1.445e+01 1.446e+01 1.446e+01 1.447e+01 1.447e+01 1.448e+01
 1.448e+01 1.448e+01 1.449e+01 1.449e+01 1.449e+01 1.449e+01 1.450e+01 1.450e+01
 1.450e+01 1.450e+01 1.450e+01 1.450e+01 1.449e+01 1.449e+01 1.449e+01 1.449e+01
 1.448e+01 1.448e+01 1.447e+01 1.447e+01 1.446e+01 1.446e+01 1.445e+01 1.445e+01
 1.444e+01 1.443e+01 1.443e+01 1.442e+01 1.441e+01 1.440e+01 1.439e+01 1.438e+01
 1.437e+01 1.436e+01 1.435e+01 1.434e+01 1.432e+01 1.431e+01 1.430e+01 1.429e+01
 1.427e+01 1.426e+01 1.425e+01 1.423e+01 1.422e+01 1.420e+01 1.419e+01 1.417e+01
 1.416e+01 1.414e+01 1.413e+01 1.411e+01 1.409e+01 1.407e+01 1.406e+01 1.404e+01
 1.402e+01 1.400e+01 1.398e+01 1.396e+01 1.394e+01 1.392e+01 1.390e+01 1.388e+01
 1.386e+01 1.384e+01 1.382e+01 1.380e+01 1.378e+01 1.375e+01 1.373e+01 1.371e+01
 1.369e+01 1.366e+01 1.364e+01 1.362e+01 1.359e+01 1.357e+01 1.355e+01 1.352e+01
 1.350e+01 1.347e+01 1.345e+01 1.342e+01 1.340e+01 1.337e+01 1.334e+01 1.332e+01
 1.329e+01 1.327e+01 1.324e+01 1.321e+01 1.318e+01 1.316e+01 1.313e+01 1.310e+01
 1.307e+01 1.305e+01 1.302e+01 1.299e+01 1.296e+01 1.293e+01 1.290e+01 1.287e+01
 1.284e+01 1.281e+01 1.278e+01 1.275e+01 1.272e+01 1.269e+01 1.266e+01 1.263e+01
 1.260e+01 1.257e+01 1.254e+01 1.251e+01 1.248e+01 1.245e+01 1.242e+01 1.238e+01
 1.235e+01 1.232e+01 1.229e+01 1.226e+01 1.223e+01 1.219e+01 1.216e+01 1.213e+01
 1.210e+01 1.206e+01 1.203e+01 1.200e+01 1.197e+01 1.193e+01 1.190e+01 1.187e+01
 1.183e+01 1.180e+01 1.176e+01 1.173e+01 1.170e+01 1.166e+01 1.163e+01 1.159e+01
 1.156e+01 1.152e+01 1.149e+01 1.145e+01 1.142e+01 1.138e+01 1.135e+01 1.132e+01
 1.128e+01 1.125e+01 1.121e+01 1.118e+01 1.114e+01 1.111e+01 1.107e+01 1.104e+01
 1.100e+01 1.097e+01 1.093e+01 1.090e+01 1.086e+01 1.083e+01 1.079e+01 1.076e+01
 1.072e+01 1.068e+01 1.065e+01 1.061e+01 1.058e+01 1.054e+01 1.051e+01 1.047e+01
 1.044e+01 1.040e+01 1.037e+01 1.033e+01 1.029e+01 1.026e+01 1.022e+01 1.019e+01
 1.015e+01 1.012e+01 1.008e+01 1.005e+01 1.001e+01 9.974e+00 9.939e+00 9.903e+00
 9.867e+00 9.832e+00 9.796e+00 9.760e+00 9.725e+00 9.689e+00 9.653e+00 9.617e+00
 9.582e+00 9.546e+00 9.510e+00 9.475e+00 9.439e+00 9.403e+00 9.367e+00 9.332e+00
 9.296e+00 9.260e+00 9.225e+00 9.189e+00 9.153e+00 9.118e+00 9.082e+00 9.046e+00
<Z> for tau[ms]=    1.0
 3.211e-06 3.990e-06 4.956e-06 6.154e-06 7.637e-06 9.473e-06 1.174e-05 1.455e-05
 1.802e-05 2.231e-05 2.759e-05 3.411e-05 4.213e-05 5.200e-05 6.413e-05 7.904e-05
 9.732e-05 1.197e-04 1.471e-04 1.807e-04 2.216e-04 2.716e-04 3.324e-04 4.064e-04
 4.963e-04 6.054e-04 7.375e-04 8.973e-04 1.090e-03 1.323e-03 1.604e-03 1.941e-03
 2.346e-03 2.831e-03 3.412e-03 4.106e-03 4.933e-03 5.919e-03 7.091e-03 8.481e-03
 1.013e-02 1.208e-02 1.438e-02 1.708e-02 2.027e-02 2.400e-02 2.838e-02 3.348e-02
 3.942e-02 4.633e-02 5.431e-02 6.353e-02 7.412e-02 8.624e-02 1.000e-01 1.156e-01
 1.331e-01 1.526e-01 1.742e-01 1.979e-01 2.238e-01 2.516e-01 2.814e-01 3.127e-01
 3.451e-01 3.782e-01 4.115e-01 4.446e-01 4.768e-01 5.078e-01 5.373e-01 5.650e-01
 5.912e-01 6.165e-01 6.413e-01 6.663e-01 6.919e-01 7.188e-01 7.477e-01 7.792e-01
 8.143e-01 8.535e-01 8.969e-01 9.449e-01 9.973e-01 1.054e+00 1.114e+00 1.178e+00
 1.242e+00 1.306e+00 1.368e+00 1.427e+00 1.482e+00 1.533e+00 1.579e+00 1.622e+00
 1.661e+00 1.697e+00 1.730e+00 1.762e+00 1.791e+00 1.820e+00 1.847e+00 1.875e+00
 1.903e+00 1.932e+00 1.963e+00 1.995e+00 2.030e+00 2.068e+00 2.109e+00 2.152e+00
 2.198e+00 2.245e+00 2.295e+00 2.344e+00 2.394e+00 2.443e+00 2.491e+00 2.536e+00
 2.579e+00 2.620e+00 2.659e+00 2.696e+00 2.730e+00 2.763e+00 2.795e+00 2.827e+00
 2.858e+00 2.890e+00 2.923e+00 2.957e+00 2.992e+00 3.029e+00 3.067e+00 3.108e+00
 3.151e+00 3.195e+00 3.241e+00 3.288e+00 3.337e+00 3.387e+00 3.438e+00 3.490e+00
 3.542e+00 3.595e+00 3.648e+00 3.701e+00 3.755e+00 3.809e+00 3.862e+00 3.916e+00
 3.969e+00 4.021e+00 4.073e+00 4.124e+00 4.175e+00 4.224e+00 4.272e+00 4.319e+00
 4.365e+00 4.409e+00 4.452e+00 4.494e+00 4.535e+00 4.575e+00 4.613e+00 4.651e+00
 4.688e+00 4.724e+00 4.759e+00 4.794e+00 4.829e+00 4.864e+00 4.898e+00 4.933e+00
 4.968e+00 5.003e+00 5.038e+00 5.074e+00 5.110e+00 5.147e+00 5.184e+00 5.222e+00
 5.261e+00 5.301e+00 5.341e+00 5.382e+00 5.424e+00 5.466e+00 5.510e+00 5.554e+00
 5.598e+00 5.644e+00 5.690e+00 5.736e+00 5.783e+00 5.831e+00 5.879e+00 5.928e+00
 5.977e+00 6.027e+00 6.077e+00 6.128e+00 6.179e+00 6.231e+00 6.283e+00 6.335e+00
 6.389e+00 6.442e+00 6.496e+00 6.551e+00 6.606e+00 6.662e+00 6.719e+00 6.777e+00
 6.836e+00 6.896e+00 6.958e+00 7.021e+00 7.085e+00 7.152e+00 7.221e+00 7.292e+00
 7.366e+00 7.442e+00 7.522e+00 7.605e+00 7.691e+00 7.781e+00 7.875e+00 7.972e+00
 8.074e+00 8.179e+00 8.288e+00 8.401e+00 8.516e+00 8.634e+00 8.755e+00 8.878e+00
 9.003e+00 9.129e+00 9.256e+00 9.384e+00 9.512e+00 9.641e+00 9.769e+00 9.898e+00
 1.003e+01 1.016e+01 1.029e+01 1.042e+01 1.055e+01 1.068e+01 1.081e+01 1.095e+01
 1.109e+01 1.124e+01 1.139e+01 1.154e+01 1.171e+01 1.187e+01 1.205e+01 1.222e+01
 1.240e+01 1.258e+01 1.277e+01 1.294e+01 1.312e+01 1.329e+01 1.345e+01 1.360e+01
 1.375e+01 1.388e+01 1.401e+01 1.412e+01 1.423e+01 1.434e+01 1.443e+01 1.452e+01
 1.460e+01 1.468e+01 1.475e+01 1.481e+01 1.488e+01 1.494e+01 1.499e+01 1.505e+01
 1.510e+01 1.515e+01 1.519e+01 1.524e+01 1.528e+01 1.533e+01 1.537e+01 1.541e+01
 1.545e+01 1.550e+01 1.554e+01 1.558e+01 1.563e+01 1.567e+01 1.572e+01 1.576e+01
 1.581e+01 1.586e+01 1.590e+01 1.595e+01 1.601e+01 1.606e+01 1.611e+01 1.616e+01
 1.622e+01 1.628e+01 1.634e+01 1.639e+01 1.645e+01 1.652e+01 1.658e+01 1.664e+01
 1.670e+01 1.677e+01 1.684e+01 1.690e+01 1.697e+01 1.704e+01 1.711e+01 1.717e+01
 1.724e+01 1.731e+01 1.739e+01 1.746e+01 1.753e+01 1.760e+01 1.767e+01 1.774e+01
 1.782e+01 1.789e+01 1.796e+01 1.803e+01 1.810e+01 1.818e+01 1.825e+01 1.832e+01
 1.839e+01 1.846e+01 1.853e+01 1.860e+01 1.867e+01 1.873e+01 1.880e+01 1.886e+01
 1.893e+01 1.899e+01 1.905e+01 1.911e+01 1.917e+01 1.923e+01 1.929e+01 1.934e+01
 1.940e+01 1.945e+01 1.950e+01 1.955e+01 1.960e+01 1.965e+01 1.970e+01 1.974e+01
 1.979e+01 1.983e+01 1.987e+01 1.991e+01 1.995e+01 1.999e+01 2.003e+01 2.006e+01
 2.010e+01 2.013e+01 2.017e+01 2.020e+01 2.023e+01 2.026e+01 2.029e+01 2.031e+01
 2.034e+01 2.037e+01 2.039e+01 2.042e+01 2.044e+01 2.047e+01 2.049e+01 2.051e+01
 2.053e+01 2.055e+01 2.057e+01 2.059e+01 2.061e+01 2.062e+01 2.064e+01 2.065e+01
 2.067e+01 2.068e+01 2.070e+01 2.071e+01 2.072e+01 2.074e+01 2.075e+01 2.076e+01
 2.077e+01 2.078e+01 2.079e+01 2.080e+01 2.081e+01 2.082e+01 2.083e+01 2.083e+01
 2.084e+01 2.085e+01 2.085e+01 2.086e+01 2.086e+01 2.087e+01 2.087e+01 2.088e+01
 2.088e+01 2.088e+01 2.089e+01 2.089e+01 2.089e+01 2.089e+01 2.089e+01 2.089e+01
 2.090e+01 2.090e+01 2.090e+01 2.090e+01 2.089e+01 2.089e+01 2.089e+01 2.089e+01
 2.089e+01 2.088e+01 2.088e+01 2.088e+01 2.088e+01 2.087e+01 2.087e+01 2.086e+01
 2.086e+01 2.085e+01 2.085e+01 2.084e+01 2.084e+01 2.083e+01 2.082e+01 2.082e+01
 2.081e+01 2.080e+01 2.079e+01 2.079e+01 2.078e+01 2.077e+01 2.076e+01 2.075e+01
 2.074e+01 2.073e+01 2.072e+01 2.071e+01 2.070e+01 2.069e+01 2.068e+01 2.067e+01
 2.066e+01 2.065e+01 2.064e+01 2.063e+01 2.061e+01 2.060e+01 2.059e+01 2.058e+01
 2.057e+01 2.055e+01 2.054e+01 2.052e+01 2.051e+01 2.050e+01 2.048e+01 2.047e+01
 2.045e+01 2.044e+01 2.042e+01 2.041e+01 2.039e+01 2.038e+01 2.036e+01 2.034e+01
 2.033e+01 2.031e+01 2.030e+01 2.028e+01 2.026e+01 2.024e+01 2.023e+01 2.021e+01
 2.019e+01 2.017e+01 2.015e+01 2.013e+01 2.012e+01 2.010e+01 2.008e+01 2.006e+01
 2.004e+01 2.002e+01 2.000e+01 1.998e+01 1.996e+01 1.994e+01 1.992e+01 1.989e+01
 1.987e+01 1.985e+01 1.983e+01 1.981e+01 1.979e+01 1.976e+01 1.974e+01 1.972e+01
 1.970e+01 1.967e+01 1.965e+01 1.963e+01 1.961e+01 1.958e+01 1.956e+01 1.954e+01
 1.952e+01 1.949e+01 1.947e+01 1.945e+01 1.942e+01 1.940e+01 1.938e+01 1.935e+01
 1.933e+01 1.931e+01 1.928e+01 1.926e+01 1.923e+01 1.921e+01 1.919e+01 1.916e+01
 1.914e+01 1.911e+01 1.909e+01 1.906e+01 1.904e+01 1.902e+01 1.899e+01 1.897e+01
 1.894e+01 1.892e+01 1.889e+01 1.887e+01 1.884e+01 1.882e+01 1.879e+01 1.877e+01
 1.874e+01 1.872e+01 1.869e+01 1.866e+01 1.864e+01 1.861e+01 1.859e+01 1.856e+01
 1.854e+01 1.851e+01 1.848e+01 1.846e+01 1.843e+01 1.840e+01 1.838e+01 1.835e+01
 1.833e+01 1.830e+01 1.827e+01 1.825e+01 1.822e+01 1.819e+01 1.816e+01 1.814e+01
 1.811e+01 1.808e+01 1.806e+01 1.803e+01 1.800e+01 1.797e+01 1.795e+01 1.792e+01
<Z> for tau[ms]=   10.0
 1.919e-05 2.319e-05 2.799e-05 3.373e-05 4.060e-05 4.880e-05 5.858e-05 7.023e-05
 8.408e-05 1.005e-04 1.200e-04 1.432e-04 1.705e-04 2.029e-04 2.411e-04 2.861e-04
 3.392e-04 4.018e-04 4.753e-04 5.617e-04 6.632e-04 7.823e-04 9.220e-04 1.086e-03
 1.277e-03 1.501e-03 1.763e-03 2.070e-03 2.427e-03 2.845e-03 3.332e-03 3.900e-03
 4.562e-03 5.334e-03 6.231e-03 7.276e-03 8.490e-03 9.901e-03 1.154e-02 1.344e-02
 1.565e-02 1.820e-02 2.116e-02 2.457e-02 2.852e-02 3.307e-02 3.831e-02 4.434e-02
 5.125e-02 5.916e-02 6.820e-02 7.849e-02 9.016e-02 1.034e-01 1.182e-01 1.348e-01
 1.533e-01 1.738e-01 1.963e-01 2.208e-01 2.473e-01 2.758e-01 3.061e-01 3.379e-01
 3.708e-01 4.045e-01 4.385e-01 4.724e-01 5.059e-01 5.387e-01 5.707e-01 6.018e-01
 6.325e-01 6.636e-01 6.957e-01 7.298e-01 7.667e-01 8.073e-01 8.526e-01 9.036e-01
 9.612e-01 1.026e+00 1.097e+00 1.172e+00 1.251e+00 1.330e+00 1.406e+00 1.478e+00
 1.544e+00 1.603e+00 1.654e+00 1.697e+00 1.735e+00 1.768e+00 1.798e+00 1.825e+00
 1.850e+00 1.875e+00 1.901e+00 1.928e+00 1.958e+00 1.992e+00 2.030e+00 2.073e+00
 2.121e+00 2.173e+00 2.229e+00 2.288e+00 2.348e+00 2.407e+00 2.465e+00 2.520e+00
 2.571e+00 2.618e+00 2.661e+00 2.699e+00 2.734e+00 2.766e+00 2.794e+00 2.821e+00
 2.846e+00 2.870e+00 2.894e+00 2.918e+00 2.943e+00 2.970e+00 2.998e+00 3.027e+00
 3.059e+00 3.093e+00 3.129e+00 3.167e+00 3.207e+00 3.248e+00 3.291e+00 3.335e+00
 3.380e+00 3.427e+00 3.475e+00 3.525e+00 3.575e+00 3.626e+00 3.677e+00 3.729e+00
 3.781e+00 3.834e+00 3.887e+00 3.939e+00 3.991e+00 4.042e+00 4.092e+00 4.142e+00
 4.190e+00 4.237e+00 4.283e+00 4.328e+00 4.371e+00 4.413e+00 4.454e+00 4.494e+00
 4.532e+00 4.569e+00 4.606e+00 4.641e+00 4.676e+00 4.709e+00 4.742e+00 4.775e+00
 4.807e+00 4.839e+00 4.870e+00 4.902e+00 4.934e+00 4.965e+00 4.997e+00 5.030e+00
 5.063e+00 5.096e+00 5.130e+00 5.165e+00 5.200e+00 5.236e+00 5.273e+00 5.311e+00
 5.349e+00 5.389e+00 5.429e+00 5.470e+00 5.512e+00 5.554e+00 5.598e+00 5.642e+00
 5.687e+00 5.733e+00 5.779e+00 5.826e+00 5.873e+00 5.921e+00 5.970e+00 6.019e+00
 6.068e+00 6.118e+00 6.169e+00 6.220e+00 6.271e+00 6.323e+00 6.375e+00 6.428e+00
 6.481e+00 6.535e+00 6.590e+00 6.645e+00 6.701e+00 6.758e+00 6.815e+00 6.874e+00
 6.934e+00 6.996e+00 7.059e+00 7.124e+00 7.191e+00 7.261e+00 7.333e+00 7.408e+00
 7.487e+00 7.569e+00 7.654e+00 7.744e+00 7.838e+00 7.937e+00 8.041e+00 8.149e+00
 8.262e+00 8.379e+00 8.501e+00 8.627e+00 8.757e+00 8.890e+00 9.025e+00 9.163e+00
 9.302e+00 9.442e+00 9.583e+00 9.725e+00 9.867e+00 1.001e+01 1.015e+01 1.029e+01
 1.043e+01 1.058e+01 1.072e+01 1.087e+01 1.102e+01 1.118e+01 1.134e+01 1.151e+01
 1.170e+01 1.190e+01 1.212e+01 1.237e+01 1.263e+01 1.290e+01 1.319e+01 1.348e+01
 1.377e+01 1.404e+01 1.428e+01 1.451e+01 1.470e+01 1.487e+01 1.502e+01 1.514e+01
 1.524e+01 1.533e+01 1.541e+01 1.548e+01 1.553e+01 1.558e+01 1.563e+01 1.567e+01
 1.570e+01 1.574e+01 1.577e+01 1.580e+01 1.583e+01 1.585e+01 1.588e+01 1.591e+01
 1.594e+01 1.597e+01 1.600e+01 1.603e+01 1.606e+01 1.610e+01 1.614e+01 1.617e+01
 1.622e+01 1.626e+01 1.630e+01 1.635e+01 1.640e+01 1.646e+01 1.651e+01 1.657e+01
 1.664e+01 1.670e+01 1.677e+01 1.684e+01 1.691e+01 1.699e+01 1.707e+01 1.715e+01
 1.724e+01 1.732e+01 1.741e+01 1.750e+01 1.759e+01 1.769e+01 1.779e+01 1.788e+01
 1.799e+01 1.809e+01 1.819e+01 1.830e+01 1.841e+01 1.852e+01 1.864e+01 1.876e+01
 1.888e+01 1.901e+01 1.914e+01 1.928e+01 1.941e+01 1.956e+01 1.970e+01 1.985e+01
 2.000e+01 2.016e+01 2.031e+01 2.046e+01 2.061e+01 2.076e+01 2.090e+01 2.104e+01
 2.117e+01 2.130e+01 2.142e+01 2.154e+01 2.165e+01 2.175e+01 2.185e+01 2.194e+01
 2.203e+01 2.211e+01 2.219e+01 2.226e+01 2.233e+01 2.239e+01 2.245e+01 2.251e+01
 2.256e+01 2.261e+01 2.266e+01 2.270e+01 2.274e+01 2.278e+01 2.282e+01 2.285e+01
 2.289e+01 2.292e+01 2.295e+01 2.298e+01 2.300e+01 2.303e+01 2.306e+01 2.308e+01
 2.310e+01 2.312e+01 2.314e+01 2.316e+01 2.318e+01 2.320e+01 2.322e+01 2.324e+01
 2.326e+01 2.327e+01 2.329e+01 2.330e+01 2.332e+01 2.334e+01 2.335e+01 2.337e+01
 2.338e+01 2.339e+01 2.341e+01 2.342e+01 2.344e+01 2.345e+01 2.347e+01 2.348e+01
 2.349e+01 2.351e+01 2.352e+01 2.354e+01 2.355e+01 2.357e+01 2.358e+01 2.359e+01
 2.361e+01 2.362e+01 2.364e+01 2.365e+01 2.367e+01 2.368e+01 2.370e+01 2.372e+01
 2.373e+01 2.375e+01 2.376e+01 2.378e+01 2.380e+01 2.381e+01 2.383e+01 2.385e+01
 2.386e+01 2.388e+01 2.389e+01 2.391e+01 2.393e+01 2.394e+01 2.396e+01 2.398e+01
 2.399e+01 2.401e+01 2.402e+01 2.404e+01 2.405e+01 2.407e+01 2.409e+01 2.410e+01
 2.411e+01 2.413e+01 2.414e+01 2.416e+01 2.417e+01 2.418e+01 2.420e+01 2.421e+01
 2.422e+01 2.423e+01 2.425e+01 2.426e+01 2.427e+01 2.428e+01 2.429e+01 2.430e+01
 2.431e+01 2.432e+01 2.433e+01 2.434e+01 2.435e+01 2.436e+01 2.437e+01 2.438e+01
 2.438e+01 2.439e+01 2.440e+01 2.440e+01 2.441e+01 2.442e+01 2.442e+01 2.443e+01
 2.443e+01 2.444e+01 2.444e+01 2.445e+01 2.445e+01 2.446e+01 2.446e+01 2.447e+01
 2.447e+01 2.447e+01 2.448e+01 2.448e+01 2.448e+01 2.448e+01 2.448e+01 2.449e+01
 2.449e+01 2.449e+01 2.449e+01 2.449e+01 2.449e+01 2.449e+01 2.449e+01 2.449e+01
 2.449e+01 2.449e+01 2.449e+01 2.449e+01 2.449e+01 2.449e+01 2.449e+01 2.449e+01
 2.449e+01 2.448e+01 2.448e+01 2.448e+01 2.448e+01 2.448e+01 2.447e+01 2.447e+01
 2.447e+01 2.446e+01 2.446e+01 2.446e+01 2.445e+01 2.445e+01 2.445e+01 2.444e+01
 2.444e+01 2.443e+01 2.443e+01 2.442e+01 2.442e+01 2.441e+01 2.441e+01 2.440e+01
 2.440e+01 2.439e+01 2.439e+01 2.438e+01 2.438e+01 2.437e+01 2.437e+01 2.436e+01
 2.436e+01 2.435e+01 2.435e+01 2.434e+01 2.434e+01 2.433e+01 2.432e+01 2.432e+01
 2.431e+01 2.431e+01 2.430e+01 2.430e+01 2.429e+01 2.428e+01 2.428e+01 2.427e+01
 2.426e+01 2.426e+01 2.425e+01 2.424e+01 2.424e+01 2.423e+01 2.422e+01 2.422e+01
 2.421e+01 2.420e+01 2.420e+01 2.419e+01 2.418e+01 2.417e+01 2.417e+01 2.416e+01
 2.415e+01 2.415e+01 2.414e+01 2.413e+01 2.412e+01 2.412e+01 2.411e+01 2.410e+01
 2.409e+01 2.408e+01 2.408e+01 2.407e+01 2.406e+01 2.405e+01 2.404e+01 2.404e+01
 2.403e+01 2.402e+01 2.401e+01 2.400e+01 2.399e+01 2.399e+01 2.398e+01 2.397e+01
 2.396e+01 2.395e+01 2.394e+01 2.393e+01 2.392e+01 2.391e+01 2.391e+01 2.390e+01
<Z> for tau[ms]=  100.0
 3.819e-05 4.470e-05 5.228e-05 6.113e-05 7.144e-05 8.345e-05 9.745e-05 1.137e-04
 1.327e-04 1.548e-04 1.805e-04 2.105e-04 2.453e-04 2.858e-04 3.329e-04 3.877e-04
 4.515e-04 5.256e-04 6.117e-04 7.119e-04 8.283e-04 9.636e-04 1.121e-03 1.303e-03
 1.516e-03 1.762e-03 2.048e-03 2.381e-03 2.767e-03 3.215e-03 3.735e-03 4.338e-03
 5.039e-03 5.851e-03 6.793e-03 7.885e-03 9.150e-03 1.062e-02 1.231e-02 1.428e-02
 1.655e-02 1.917e-02 2.220e-02 2.570e-02 2.973e-02 3.437e-02 3.970e-02 4.582e-02
 5.283e-02 6.085e-02 6.999e-02 8.038e-02 9.216e-02 1.055e-01 1.204e-01 1.371e-01
 1.557e-01 1.763e-01 1.988e-01 2.234e-01 2.500e-01 2.786e-01 3.089e-01 3.408e-01
 3.739e-01 4.077e-01 4.420e-01 4.763e-01 5.103e-01 5.440e-01 5.770e-01 6.096e-01
 6.422e-01 6.757e-01 7.109e-01 7.487e-01 7.900e-01 8.358e-01 8.871e-01 9.447e-01
 1.009e+00 1.081e+00 1.158e+00 1.238e+00 1.320e+00 1.399e+00 1.474e+00 1.543e+00
 1.604e+00 1.657e+00 1.702e+00 1.741e+00 1.774e+00 1.803e+00 1.830e+00 1.854e+00
 1.879e+00 1.904e+00 1.932e+00 1.962e+00 1.998e+00 2.038e+00 2.085e+00 2.137e+00
 2.195e+00 2.257e+00 2.322e+00 2.387e+00 2.450e+00 2.510e+00 2.565e+00 2.615e+00
 2.660e+00 2.700e+00 2.736e+00 2.767e+00 2.795e+00 2.820e+00 2.844e+00 2.866e+00
 2.888e+00 2.909e+00 2.932e+00 2.955e+00 2.980e+00 3.006e+00 3.034e+00 3.065e+00
 3.097e+00 3.132e+00 3.169e+00 3.207e+00 3.247e+00 3.288e+00 3.331e+00 3.375e+00
 3.420e+00 3.467e+00 3.515e+00 3.564e+00 3.614e+00 3.665e+00 3.716e+00 3.768e+00
 3.820e+00 3.872e+00 3.924e+00 3.975e+00 4.026e+00 4.076e+00 4.126e+00 4.174e+00
 4.221e+00 4.267e+00 4.311e+00 4.354e+00 4.396e+00 4.437e+00 4.477e+00 4.515e+00
 4.552e+00 4.589e+00 4.624e+00 4.658e+00 4.692e+00 4.725e+00 4.757e+00 4.789e+00
 4.820e+00 4.852e+00 4.883e+00 4.914e+00 4.945e+00 4.977e+00 5.009e+00 5.041e+00
 5.073e+00 5.107e+00 5.140e+00 5.175e+00 5.210e+00 5.246e+00 5.283e+00 5.320e+00
 5.359e+00 5.398e+00 5.438e+00 5.479e+00 5.521e+00 5.564e+00 5.607e+00 5.652e+00
 5.697e+00 5.742e+00 5.789e+00 5.835e+00 5.883e+00 5.931e+00 5.980e+00 6.029e+00
 6.078e+00 6.128e+00 6.179e+00 6.229e+00 6.281e+00 6.333e+00 6.385e+00 6.438e+00
 6.491e+00 6.545e+00 6.600e+00 6.655e+00 6.711e+00 6.768e+00 6.825e+00 6.884e+00
 6.945e+00 7.006e+00 7.070e+00 7.135e+00 7.203e+00 7.272e+00 7.345e+00 7.421e+00
 7.500e+00 7.582e+00 7.669e+00 7.759e+00 7.854e+00 7.954e+00 8.059e+00 8.168e+00
 8.283e+00 8.402e+00 8.526e+00 8.653e+00 8.785e+00 8.919e+00 9.056e+00 9.195e+00
 9.336e+00 9.478e+00 9.621e+00 9.764e+00 9.908e+00 1.005e+01 1.019e+01 1.034e+01
 1.048e+01 1.063e+01 1.077e+01 1.092e+01 1.108e+01 1.124e+01 1.141e+01 1.159e+01
 1.179e+01 1.201e+01 1.225e+01 1.251e+01 1.280e+01 1.311e+01 1.343e+01 1.375e+01
 1.405e+01 1.433e+01 1.459e+01 1.481e+01 1.499e+01 1.515e+01 1.528e+01 1.539e+01
 1.548e+01 1.555e+01 1.561e+01 1.566e+01 1.571e+01 1.575e+01 1.578e+01 1.581e+01
 1.584e+01 1.587e+01 1.589e+01 1.592e+01 1.594e+01 1.597e+01 1.599e+01 1.601e+01
 1.604e+01 1.607e+01 1.610e+01 1.613e+01 1.616e+01 1.619e+01 1.623e+01 1.627e+01
 1.631e+01 1.636e+01 1.640e+01 1.646e+01 1.651e+01 1.657e+01 1.663e+01 1.669e+01
 1.675e+01 1.682e+01 1.690e+01 1.697e+01 1.705e+01 1.714e+01 1.722e+01 1.731e+01
 1.740e+01 1.749e+01 1.759e+01 1.768e+01 1.778e+01 1.788e+01 1.799e+01 1.809e+01
 1.820e+01 1.831e+01 1.843e+01 1.855e+01 1.867e+01 1.879e+01 1.893e+01 1.906e+01
 1.920e+01 1.935e+01 1.951e+01 1.967e+01 1.984e+01 2.002e+01 2.020e+01 2.039e+01
 2.058e+01 2.077e+01 2.096e+01 2.115e+01 2.133e+01 2.151e+01 2.168e+01 2.184e+01
 2.199e+01 2.213e+01 2.226e+01 2.238e+01 2.250e+01 2.260e+01 2.269e+01 2.278e+01
 2.286e+01 2.293e+01 2.300e+01 2.306e+01 2.311e+01 2.317e+01 2.321e+01 2.326e+01
 2.330e+01 2.333e+01 2.337e+01 2.340e+01 2.343e+01 2.346e+01 2.348e+01 2.351e+01
 2.353e+01 2.355e+01 2.357e+01 2.359e+01 2.361e+01 2.362e+01 2.364e+01 2.365e+01
 2.367e+01 2.368e+01 2.370e+01 2.371e+01 2.372e+01 2.374e+01 2.375e+01 2.376e+01
 2.378e+01 2.379e+01 2.380e+01 2.381e+01 2.382e+01 2.384e+01 2.385e+01 2.386e+01
 2.388e+01 2.389e+01 2.390e+01 2.392e+01 2.393e+01 2.394e+01 2.396e+01 2.397e+01
 2.399e+01 2.401e+01 2.402e+01 2.404e+01 2.406e+01 2.408e+01 2.409e+01 2.411e+01
 2.413e+01 2.415e+01 2.417e+01 2.420e+01 2.422e+01 2.424e+01 2.426e+01 2.429e+01
 2.431e+01 2.434e+01 2.436e+01 2.439e+01 2.441e+01 2.444e+01 2.447e+01 2.449e+01
 2.452e+01 2.455e+01 2.458e+01 2.460e+01 2.463e+01 2.466e+01 2.469e+01 2.471e+01
 2.474e+01 2.477e+01 2.480e+01 2.482e+01 2.485e+01 2.488e+01 2.490e+01 2.493e+01
 2.495e+01 2.498e+01 2.500e+01 2.502e+01 2.505e+01 2.507e+01 2.509e+01 2.511e+01
 2.513e+01 2.515e+01 2.517e+01 2.519e+01 2.521e+01 2.523e+01 2.525e+01 2.527e+01
 2.529e+01 2.530e+01 2.532e+01 2.534e+01 2.535e+01 2.537e+01 2.538e+01 2.539e+01
 2.541e+01 2.542e+01 2.543e+01 2.544e+01 2.546e+01 2.547e+01 2.548e+01 2.549e+01
 2.550e+01 2.551e+01 2.552e+01 2.553e+01 2.553e+01 2.554e+01 2.555e+01 2.556e+01
 2.557e+01 2.557e+01 2.558e+01 2.559e+01 2.560e+01 2.560e+01 2.561e+01 2.561e+01
 2.562e+01 2.563e+01 2.563e+01 2.564e+01 2.564e+01 2.565e+01 2.565e+01 2.565e+01
 2.566e+01 2.566e+01 2.567e+01 2.567e+01 2.567e+01 2.568e+01 2.568e+01 2.568e+01
 2.569e+01 2.569e+01 2.569e+01 2.570e+01 2.570e+01 2.570e+01 2.570e+01 2.571e+01
 2.571e+01 2.571e+01 2.571e+01 2.571e+01 2.572e+01 2.572e+01 2.572e+01 2.572e+01
 2.572e+01 2.572e+01 2.572e+01 2.572e+01 2.573e+01 2.573e+01 2.573e+01 2.573e+01
 2.573e+01 2.573e+01 2.573e+01 2.574e+01 2.574e+01 2.574e+01 2.574e+01 2.574e+01
 2.574e+01 2.574e+01 2.574e+01 2.574e+01 2.574e+01 2.574e+01 2.575e+01 2.575e+01
 2.575e+01 2.575e+01 2.575e+01 2.575e+01 2.575e+01 2.575e+01 2.575e+01 2.575e+01
 2.575e+01 2.575e+01 2.575e+01 2.575e+01 2.575e+01 2.575e+01 2.575e+01 2.575e+01
 2.575e+01 2.575e+01 2.575e+01 2.575e+01 2.575e+01 2.575e+01 2.575e+01 2.574e+01
 2.574e+01 2.574e+01 2.574e+01 2.574e+01 2.574e+01 2.574e+01 2.574e+01 2.574e+01
 2.574e+01 2.574e+01 2.574e+01 2.574e+01 2.574e+01 2.574e+01 2.574e+01 2.573e+01
 2.573e+01 2.573e+01 2.573e+01 2.573e+01 2.573e+01 2.573e+01 2.573e+01 2.573e+01
 2.573e+01 2.573e+01 2.572e+01 2.572e+01 2.572e+01 2.572e+01 2.572e+01 2.572e+01
<Z> for tau[ms]= 1000.0
 4.239e-05 4.927e-05 5.725e-05 6.653e-05 7.731e-05 8.983e-05 1.044e-04 1.213e-04
 1.409e-04 1.637e-04 1.901e-04 2.209e-04 2.565e-04 2.980e-04 3.461e-04 4.020e-04
 4.669e-04 5.423e-04 6.298e-04 7.314e-04 8.494e-04 9.864e-04 1.145e-03 1.330e-03
 1.544e-03 1.793e-03 2.082e-03 2.417e-03 2.806e-03 3.257e-03 3.780e-03 4.388e-03
 5.092e-03 5.908e-03 6.854e-03 7.951e-03 9.222e-03 1.069e-02 1.240e-02 1.437e-02
 1.664e-02 1.928e-02 2.231e-02 2.582e-02 2.986e-02 3.451e-02 3.985e-02 4.598e-02
 5.300e-02 6.102e-02 7.017e-02 8.057e-02 9.236e-02 1.057e-01 1.206e-01 1.374e-01
 1.560e-01 1.765e-01 1.991e-01 2.237e-01 2.503e-01 2.788e-01 3.092e-01 3.411e-01
 3.742e-01 4.080e-01 4.423e-01 4.767e-01 5.108e-01 5.446e-01 5.778e-01 6.105e-01
 6.434e-01 6.772e-01 7.128e-01 7.510e-01 7.929e-01 8.394e-01 8.915e-01 9.499e-01
 1.015e+00 1.088e+00 1.165e+00 1.246e+00 1.328e+00 1.407e+00 1.482e+00 1.550e+00
 1.610e+00 1.663e+00 1.707e+00 1.745e+00 1.778e+00 1.807e+00 1.833e+00 1.858e+00
 1.882e+00 1.907e+00 1.935e+00 1.966e+00 2.003e+00 2.044e+00 2.092e+00 2.146e+00
 2.205e+00 2.268e+00 2.334e+00 2.399e+00 2.463e+00 2.522e+00 2.577e+00 2.627e+00
 2.671e+00 2.710e+00 2.744e+00 2.774e+00 2.802e+00 2.826e+00 2.849e+00 2.871e+00
 2.892e+00 2.914e+00 2.936e+00 2.959e+00 2.984e+00 3.010e+00 3.039e+00 3.069e+00
 3.102e+00 3.136e+00 3.173e+00 3.211e+00 3.251e+00 3.293e+00 3.335e+00 3.379e+00
 3.425e+00 3.471e+00 3.519e+00 3.568e+00 3.618e+00 3.669e+00 3.720e+00 3.772e+00
 3.824e+00 3.876e+00 3.928e+00 3.979e+00 4.030e+00 4.080e+00 4.129e+00 4.177e+00
 4.224e+00 4.270e+00 4.314e+00 4.357e+00 4.399e+00 4.439e+00 4.479e+00 4.517e+00
 4.554e+00 4.591e+00 4.626e+00 4.660e+00 4.694e+00 4.726e+00 4.759e+00 4.790e+00
 4.822e+00 4.853e+00 4.884e+00 4.915e+00 4.946e+00 4.978e+00 5.010e+00 5.042e+00
 5.074e+00 5.108e+00 5.141e+00 5.176e+00 5.211e+00 5.247e+00 5.284e+00 5.321e+00
 5.360e+00 5.399e+00 5.439e+00 5.480e+00 5.522e+00 5.565e+00 5.608e+00 5.653e+00
 5.698e+00 5.743e+00 5.790e+00 5.836e+00 5.884e+00 5.932e+00 5.981e+00 6.030e+00
 6.079e+00 6.129e+00 6.180e+00 6.230e+00 6.282e+00 6.334e+00 6.386e+00 6.439e+00
 6.492e+00 6.546e+00 6.601e+00 6.656e+00 6.712e+00 6.769e+00 6.826e+00 6.885e+00
 6.946e+00 7.007e+00 7.071e+00 7.136e+00 7.204e+00 7.274e+00 7.346e+00 7.422e+00
 7.501e+00 7.584e+00 7.670e+00 7.761e+00 7.856e+00 7.956e+00 8.061e+00 8.170e+00
 8.285e+00 8.404e+00 8.528e+00 8.656e+00 8.787e+00 8.922e+00 9.059e+00 9.199e+00
 9.340e+00 9.482e+00 9.625e+00 9.768e+00 9.912e+00 1.006e+01 1.020e+01 1.034e+01
 1.049e+01 1.063e+01 1.078e+01 1.093e+01 1.108e+01 1.124e+01 1.141e+01 1.160e+01
 1.180e+01 1.202e+01 1.226e+01 1.253e+01 1.282e+01 1.314e+01 1.346e+01 1.378e+01
 1.409e+01 1.437e+01 1.462e+01 1.484e+01 1.502e+01 1.518e+01 1.531e+01 1.541e+01
 1.550e+01 1.557e+01 1.563e+01 1.568e+01 1.573e+01 1.577e+01 1.580e+01 1.583e+01
 1.586e+01 1.588e+01 1.591e+01 1.593e+01 1.595e+01 1.598e+01 1.600e+01 1.603e+01
 1.605e+01 1.608e+01 1.611e+01 1.614e+01 1.617e+01 1.620e+01 1.624e+01 1.628e+01
 1.632e+01 1.637e+01 1.642e+01 1.647e+01 1.652e+01 1.658e+01 1.664e+01 1.670e+01
 1.677e+01 1.684e+01 1.691e+01 1.699e+01 1.707e+01 1.715e+01 1.724e+01 1.732e+01
 1.742e+01 1.751e+01 1.760e+01 1.770e+01 1.780e+01 1.791e+01 1.801e+01 1.812e+01
 1.823e+01 1.834e+01 1.845e+01 1.857e+01 1.870e+01 1.882e+01 1.896e+01 1.910e+01
 1.924e+01 1.939e+01 1.955e+01 1.972e+01 1.989e+01 2.007e+01 2.026e+01 2.045e+01
 2.065e+01 2.084e+01 2.104e+01 2.123e+01 2.142e+01 2.160e+01 2.178e+01 2.194e+01
 2.209e+01 2.224e+01 2.237e+01 2.249e+01 2.260e+01 2.270e+01 2.280e+01 2.288e+01
 2.296e+01 2.303e+01 2.309e+01 2.315e+01 2.321e+01 2.326e+01 2.330e+01 2.334e+01
 2.338e+01 2.342e+01 2.345e+01 2.348e+01 2.351e+01 2.353e+01 2.356e+01 2.358e+01
 2.360e+01 2.362e+01 2.364e+01 2.366e+01 2.367e+01 2.369e+01 2.370e+01 2.372e+01
 2.373e+01 2.375e+01 2.376e+01 2.377e+01 2.378e+01 2.380e+01 2.381e+01 2.382e+01
 2.383e+01 2.384e+01 2.386e+01 2.387e+01 2.388e+01 2.389e+01 2.390e+01 2.392e+01
 2.393e+01 2.394e+01 2.396e+01 2.397e+01 2.398e+01 2.400e+01 2.401e+01 2.403e+01
 2.405e+01 2.406e+01 2.408e+01 2.410e+01 2.412e+01 2.413e+01 2.415e+01 2.417e+01
 2.419e+01 2.422e+01 2.424e+01 2.426e+01 2.428e+01 2.431e+01 2.433e+01 2.436e+01
 2.438e+01 2.441e+01 2.444e+01 2.447e+01 2.449e+01 2.452e+01 2.455e+01 2.458e+01
 2.461e+01 2.464e+01 2.467e+01 2.470e+01 2.473e+01 2.476e+01 2.479e+01 2.482e+01
 2.485e+01 2.487e+01 2.490e+01 2.493e+01 2.496e+01 2.499e+01 2.502e+01 2.504e+01
 2.507e+01 2.510e+01 2.512e+01 2.515e+01 2.517e+01 2.519e+01 2.522e+01 2.524e+01
 2.526e+01 2.529e+01 2.531e+01 2.533e+01 2.535e+01 2.537e+01 2.539e+01 2.541e+01
 2.542e+01 2.544e+01 2.546e+01 2.548e+01 2.549e+01 2.551e+01 2.552e+01 2.554e+01
 2.555e+01 2.556e+01 2.558e+01 2.559e+01 2.560e+01 2.561e+01 2.562e+01 2.563e+01
 2.565e+01 2.566e+01 2.567e+01 2.567e+01 2.568e+01 2.569e+01 2.570e+01 2.571e+01
 2.572e+01 2.573e+01 2.573e+01 2.574e+01 2.575e+01 2.576e+01 2.576e+01 2.577e+01
 2.577e+01 2.578e+01 2.579e+01 2.579e+01 2.580e+01 2.580e+01 2.581e+01 2.581e+01
 2.582e+01 2.582e+01 2.583e+01 2.583e+01 2.583e+01 2.584e+01 2.584e+01 2.585e+01
 2.585e+01 2.585e+01 2.586e+01 2.586e+01 2.586e+01 2.587e+01 2.587e+01 2.587e+01
 2.588e+01 2.588e+01 2.588e+01 2.588e+01 2.589e+01 2.589e+01 2.589e+01 2.589e+01
 2.589e+01 2.590e+01 2.590e+01 2.590e+01 2.590e+01 2.590e+01 2.591e+01 2.591e+01
 2.591e+01 2.591e+01 2.592e+01 2.592e+01 2.592e+01 2.592e+01 2.592e+01 2.593e+01
 2.593e+01 2.593e+01 2.593e+01 2.593e+01 2.593e+01 2.594e+01 2.594e+01 2.594e+01
 2.594e+01 2.594e+01 2.594e+01 2.594e+01 2.594e+01 2.595e+01 2.595e+01 2.595e+01
 2.595e+01 2.595e+01 2.595e+01 2.595e+01 2.595e+01 2.595e+01 2.595e+01 2.595e+01
 2.595e+01 2.596e+01 2.596e+01 2.596e+01 2.596e+01 2.596e+01 2.596e+01 2.596e+01
 2.596e+01 2.596e+01 2.596e+01 2.596e+01 2.596e+01 2.596e+01 2.596e+01 2.596e+01
 2.596e+01 2.596e+01 2.596e+01 2.596e+01 2.596e+01 2.596e+01 2.596e+01 2.596e+01
 2.596e+01 2.596e+01 2.596e+01 2.596e+01 2.597e+01 2.597e+01 2.597e+01 2.597e+01
 2.597e+01 2.597e+01 2.597e+01 2.597e+01 2.597e+01 2.597e+01 2.597e+01 2.597e+01
<Z> in equilibrium - infinite confinement
 4.292e-05 4.983e-05 5.787e-05 6.719e-05 7.802e-05 9.060e-05 1.052e-04 1.222e-04
 1.418e-04 1.647e-04 1.912e-04 2.221e-04 2.579e-04 2.994e-04 3.477e-04 4.037e-04
 4.687e-04 5.442e-04 6.319e-04 7.337e-04 8.518e-04 9.890e-04 1.148e-03 1.333e-03
 1.548e-03 1.797e-03 2.086e-03 2.421e-03 2.810e-03 3.262e-03 3.786e-03 4.393e-03
 5.098e-03 5.915e-03 6.861e-03 7.959e-03 9.230e-03 1.070e-02 1.241e-02 1.438e-02
 1.665e-02 1.929e-02 2.233e-02 2.583e-02 2.987e-02 3.452e-02 3.987e-02 4.600e-02
 5.302e-02 6.104e-02 7.019e-02 8.059e-02 9.238e-02 1.057e-01 1.207e-01 1.374e-01
 1.560e-01 1.765e-01 1.991e-01 2.237e-01 2.503e-01 2.789e-01 3.093e-01 3.412e-01
 3.742e-01 4.081e-01 4.424e-01 4.767e-01 5.109e-01 5.446e-01 5.779e-01 6.106e-01
 6.435e-01 6.774e-01 7.130e-01 7.513e-01 7.933e-01 8.398e-01 8.919e-01 9.505e-01
 1.016e+00 1.088e+00 1.166e+00 1.247e+00 1.329e+00 1.408e+00 1.483e+00 1.551e+00
 1.611e+00 1.663e+00 1.708e+00 1.746e+00 1.779e+00 1.807e+00 1.833e+00 1.858e+00
 1.882e+00 1.908e+00 1.936e+00 1.967e+00 2.003e+00 2.045e+00 2.093e+00 2.147e+00
 2.206e+00 2.270e+00 2.335e+00 2.401e+00 2.464e+00 2.524e+00 2.579e+00 2.628e+00
 2.672e+00 2.711e+00 2.745e+00 2.775e+00 2.802e+00 2.827e+00 2.850e+00 2.872e+00
 2.893e+00 2.914e+00 2.936e+00 2.959e+00 2.984e+00 3.011e+00 3.039e+00 3.070e+00
 3.102e+00 3.137e+00 3.174e+00 3.212e+00 3.252e+00 3.293e+00 3.336e+00 3.380e+00
 3.425e+00 3.472e+00 3.520e+00 3.569e+00 3.619e+00 3.670e+00 3.721e+00 3.773e+00
 3.825e+00 3.876e+00 3.928e+00 3.980e+00 4.030e+00 4.081e+00 4.130e+00 4.178e+00
 4.224e+00 4.270e+00 4.314e+00 4.357e+00 4.399e+00 4.440e+00 4.479e+00 4.517e+00
 4.555e+00 4.591e+00 4.626e+00 4.660e+00 4.694e+00 4.727e+00 4.759e+00 4.791e+00
 4.822e+00 4.853e+00 4.884e+00 4.915e+00 4.947e+00 4.978e+00 5.010e+00 5.042e+00
 5.075e+00 5.108e+00 5.142e+00 5.176e+00 5.211e+00 5.247e+00 5.284e+00 5.322e+00
 5.360e+00 5.399e+00 5.439e+00 5.480e+00 5.522e+00 5.565e+00 5.608e+00 5.653e+00
 5.698e+00 5.743e+00 5.790e+00 5.837e+00 5.884e+00 5.932e+00 5.981e+00 6.030e+00
 6.079e+00 6.129e+00 6.180e+00 6.231e+00 6.282e+00 6.334e+00 6.386e+00 6.439e+00
 6.492e+00 6.546e+00 6.601e+00 6.656e+00 6.712e+00 6.769e+00 6.827e+00 6.885e+00
 6.946e+00 7.007e+00 7.071e+00 7.136e+00 7.204e+00 7.274e+00 7.346e+00 7.422e+00
 7.501e+00 7.584e+00 7.670e+00 7.761e+00 7.856e+00 7.956e+00 8.061e+00 8.171e+00
 8.285e+00 8.404e+00 8.528e+00 8.656e+00 8.788e+00 8.922e+00 9.060e+00 9.199e+00
 9.340e+00 9.482e+00 9.625e+00 9.769e+00 9.912e+00 1.006e+01 1.020e+01 1.034e+01
 1.049e+01 1.063e+01 1.078e+01 1.093e+01 1.108e+01 1.124e+01 1.142e+01 1.160e+01
 1.180e+01 1.202e+01 1.226e+01 1.253e+01 1.283e+01 1.314e+01 1.346e+01 1.378e+01
 1.409e+01 1.437e+01 1.462e+01 1.484e+01 1.503e+01 1.518e+01 1.531e+01 1.542e+01
 1.550e+01 1.558e+01 1.564e+01 1.569e+01 1.573e+01 1.577e+01 1.580e+01 1.583e+01
 1.586e+01 1.588e+01 1.591e+01 1.593e+01 1.595e+01 1.598e+01 1.600e+01 1.603e+01
 1.605e+01 1.608e+01 1.611e+01 1.614e+01 1.617e+01 1.621e+01 1.624e+01 1.628e+01
 1.632e+01 1.637e+01 1.642e+01 1.647e+01 1.652e+01 1.658e+01 1.664e+01 1.670e+01
 1.677e+01 1.684e+01 1.691e+01 1.699e+01 1.707e+01 1.715e+01 1.724e+01 1.733e+01
 1.742e+01 1.751e+01 1.761e+01 1.770e+01 1.781e+01 1.791e+01 1.801e+01 1.812e+01
 1.823e+01 1.834e+01 1.846e+01 1.858e+01 1.870e+01 1.883e+01 1.896e+01 1.910e+01
 1.924e+01 1.940e+01 1.956e+01 1.972e+01 1.990e+01 2.008e+01 2.027e+01 2.046e+01
 2.066e+01 2.085e+01 2.105e+01 2.124e+01 2.143e+01 2.162e+01 2.179e+01 2.195e+01
 2.211e+01 2.225e+01 2.238e+01 2.250e+01 2.261e+01 2.272e+01 2.281e+01 2.289e+01
 2.297e+01 2.304e+01 2.311e+01 2.316e+01 2.322e+01 2.327e+01 2.331e+01 2.335e+01
 2.339e+01 2.343e+01 2.346e+01 2.349e+01 2.352e+01 2.354e+01 2.357e+01 2.359e+01
 2.361e+01 2.363e+01 2.365e+01 2.366e+01 2.368e+01 2.370e+01 2.371e+01 2.373e+01
 2.374e+01 2.375e+01 2.377e+01 2.378e+01 2.379e+01 2.380e+01 2.381e+01 2.383e+01
 2.384e+01 2.385e+01 2.386e+01 2.387e+01 2.389e+01 2.390e+01 2.391e+01 2.392e+01
 2.394e+01 2.395e+01 2.396e+01 2.398e+01 2.399e+01 2.401e+01 2.402e+01 2.404e+01
 2.405e+01 2.407e+01 2.409e+01 2.410e+01 2.412e+01 2.414e+01 2.416e+01 2.418e+01
 2.420e+01 2.422e+01 2.425e+01 2.427e+01 2.429e+01 2.432e+01 2.434e+01 2.437e+01
 2.439e+01 2.442e+01 2.445e+01 2.447e+01 2.450e+01 2.453e+01 2.456e+01 2.459e+01
 2.462e+01 2.465e+01 2.468e+01 2.471e+01 2.474e+01 2.477e+01 2.480e+01 2.483e+01
 2.486e+01 2.489e+01 2.492e+01 2.494e+01 2.497e+01 2.500e+01 2.503e+01 2.506e+01
 2.508e+01 2.511e+01 2.514e+01 2.516e+01 2.519e+01 2.521e+01 2.523e+01 2.526e+01
 2.528e+01 2.530e+01 2.532e+01 2.534e+01 2.536e+01 2.538e+01 2.540e+01 2.542e+01
 2.544e+01 2.546e+01 2.548e+01 2.549e+01 2.551e+01 2.552e+01 2.554e+01 2.555e+01
 2.557e+01 2.558e+01 2.559e+01 2.561e+01 2.562e+01 2.563e+01 2.564e+01 2.565e+01
 2.566e+01 2.567e+01 2.568e+01 2.569e+01 2.570e+01 2.571e+01 2.572e+01 2.573e+01
 2.574e+01 2.574e+01 2.575e+01 2.576e+01 2.577e+01 2.577e+01 2.578e+01 2.579e+01
 2.579e+01 2.580e+01 2.580e+01 2.581e+01 2.582e+01 2.582e+01 2.583e+01 2.583e+01
 2.583e+01 2.584e+01 2.584e+01 2.585e+01 2.585e+01 2.586e+01 2.586e+01 2.586e+01
 2.587e+01 2.587e+01 2.588e+01 2.588e+01 2.588e+01 2.589e+01 2.589e+01 2.589e+01
 2.589e+01 2.590e+01 2.590e+01 2.590e+01 2.590e+01 2.591e+01 2.591e+01 2.591e+01
 2.591e+01 2.592e+01 2.592e+01 2.592e+01 2.592e+01 2.592e+01 2.593e+01 2.593e+01
 2.593e+01 2.593e+01 2.593e+01 2.594e+01 2.594e+01 2.594e+01 2.594e+01 2.594e+01
 2.594e+01 2.594e+01 2.595e+01 2.595e+01 2.595e+01 2.595e+01 2.595e+01 2.595e+01
 2.595e+01 2.595e+01 2.596e+01 2.596e+01 2.596e+01 2.596e+01 2.596e+01 2.596e+01
 2.596e+01 2.596e+01 2.596e+01 2.597e+01 2.597e+01 2.597e+01 2.597e+01 2.597e+01
 2.597e+01 2.597e+01 2.597e+01 2.597e+01 2.597e+01 2.597e+01 2.597e+01 2.597e+01
 2.597e+01 2.598e+01 2.598e+01 2.598e+01 2.598e+01 2.598e+01 2.598e+01 2.598e+01
 2.598e+01 2.598e+01 2.598e+01 2.598e+01 2.598e+01 2.598e+01 2.598e+01 2.598e+01
 2.598e+01 2.598e+01 2.598e+01 2.598e+01 2.599e+01 2.599e+01 2.599e+01 2.599e+01
 2.599e+01 2.599e+01 2.599e+01 2.599e+01 2.599e+01 2.599e+01 2.599e+01 2.599e+01
C-------------------------------------------------------------------------------
C
C  The fractional abundance and radiated power were generated from the
C  ADAS installation at UKAEA with the named adf11 files. The adf11 data
C  files may be updated in a later release of ADAS and publicly
C  available versions may be found at https://open.adas.ac.uk/.
C
C  The equilibrium balance data was produced with run_adas405.py and
C  the balance with a confinement time with adas4xx_ionbal_tau.py
C  which are functions from the ADAS library. Details on these codes
C  may be found at: https://www.adas.ac.uk/python_lib/index.html
C
C  Copyright (C) 2023 UK Atomic Energy Authority
C
C  This file was generated for use in the UKAEA systems code PROCESS
C  using a script written by Martin O'Mullane.
C  If acquired without provenance a user is strongly advised
C  to check its validity by re-generating using the adf11 files from
C  the OPEN-ADAS site.
C
C  Produced by : Timothy Nunn
C  Date        : 29-07-26
C
C-------------------------------------------------------------------------------
