Mean quadratic charge as a function dwell time.
Temperature :      0.2 - 500000.0 eV
Density     : 1.00e+20 m-3
   600     5  # Te values, dwell time

Source data:
acd : /home/adas/adas/adf11/acd85/acd85_fe.dat
scd : /home/adas/adas/adf11/scd85/scd85_fe.dat
plt : /home/adas/adas/adf11/plt89/plt89_fe.dat
prb : /home/adas/adas/adf11/prb89/prb89_fe.dat

Te[eV]
 2.500e-01 2.561e-01 2.624e-01 2.688e-01 2.754e-01 2.822e-01 2.891e-01 2.962e-01
 3.035e-01 3.109e-01 3.185e-01 3.263e-01 3.343e-01 3.425e-01 3.509e-01 3.595e-01
 3.683e-01 3.774e-01 3.866e-01 3.961e-01 4.058e-01 4.158e-01 4.260e-01 4.364e-01
 4.471e-01 4.581e-01 4.693e-01 4.808e-01 4.926e-01 5.047e-01 5.170e-01 5.297e-01
 5.427e-01 5.560e-01 5.696e-01 5.836e-01 5.979e-01 6.126e-01 6.276e-01 6.430e-01
 6.587e-01 6.749e-01 6.914e-01 7.084e-01 7.257e-01 7.435e-01 7.618e-01 7.804e-01
 7.996e-01 8.192e-01 8.393e-01 8.598e-01 8.809e-01 9.025e-01 9.247e-01 9.473e-01
 9.706e-01 9.943e-01 1.019e+00 1.044e+00 1.069e+00 1.096e+00 1.122e+00 1.150e+00
 1.178e+00 1.207e+00 1.237e+00 1.267e+00 1.298e+00 1.330e+00 1.362e+00 1.396e+00
 1.430e+00 1.465e+00 1.501e+00 1.538e+00 1.575e+00 1.614e+00 1.654e+00 1.694e+00
 1.736e+00 1.778e+00 1.822e+00 1.867e+00 1.912e+00 1.959e+00 2.007e+00 2.056e+00
 2.107e+00 2.159e+00 2.211e+00 2.266e+00 2.321e+00 2.378e+00 2.436e+00 2.496e+00
 2.557e+00 2.620e+00 2.684e+00 2.750e+00 2.818e+00 2.887e+00 2.957e+00 3.030e+00
 3.104e+00 3.180e+00 3.258e+00 3.338e+00 3.420e+00 3.504e+00 3.590e+00 3.678e+00
 3.768e+00 3.860e+00 3.955e+00 4.052e+00 4.151e+00 4.253e+00 4.357e+00 4.464e+00
 4.574e+00 4.686e+00 4.801e+00 4.918e+00 5.039e+00 5.162e+00 5.289e+00 5.419e+00
 5.551e+00 5.688e+00 5.827e+00 5.970e+00 6.116e+00 6.266e+00 6.420e+00 6.577e+00
 6.738e+00 6.904e+00 7.073e+00 7.246e+00 7.424e+00 7.606e+00 7.792e+00 7.983e+00
 8.179e+00 8.380e+00 8.585e+00 8.796e+00 9.011e+00 9.232e+00 9.459e+00 9.691e+00
 9.928e+00 1.017e+01 1.042e+01 1.068e+01 1.094e+01 1.121e+01 1.148e+01 1.176e+01
 1.205e+01 1.235e+01 1.265e+01 1.296e+01 1.328e+01 1.360e+01 1.394e+01 1.428e+01
 1.463e+01 1.499e+01 1.535e+01 1.573e+01 1.612e+01 1.651e+01 1.692e+01 1.733e+01
 1.776e+01 1.819e+01 1.864e+01 1.909e+01 1.956e+01 2.004e+01 2.053e+01 2.104e+01
 2.155e+01 2.208e+01 2.262e+01 2.318e+01 2.374e+01 2.433e+01 2.492e+01 2.553e+01
 2.616e+01 2.680e+01 2.746e+01 2.813e+01 2.882e+01 2.953e+01 3.025e+01 3.099e+01
 3.175e+01 3.253e+01 3.333e+01 3.415e+01 3.498e+01 3.584e+01 3.672e+01 3.762e+01
 3.854e+01 3.949e+01 4.046e+01 4.145e+01 4.246e+01 4.351e+01 4.457e+01 4.566e+01
 4.678e+01 4.793e+01 4.911e+01 5.031e+01 5.154e+01 5.281e+01 5.410e+01 5.543e+01
 5.679e+01 5.818e+01 5.961e+01 6.107e+01 6.256e+01 6.410e+01 6.567e+01 6.728e+01
 6.893e+01 7.062e+01 7.235e+01 7.412e+01 7.594e+01 7.780e+01 7.971e+01 8.167e+01
 8.367e+01 8.572e+01 8.782e+01 8.997e+01 9.218e+01 9.444e+01 9.676e+01 9.913e+01
 1.016e+02 1.040e+02 1.066e+02 1.092e+02 1.119e+02 1.146e+02 1.174e+02 1.203e+02
 1.233e+02 1.263e+02 1.294e+02 1.326e+02 1.358e+02 1.391e+02 1.426e+02 1.461e+02
 1.496e+02 1.533e+02 1.571e+02 1.609e+02 1.649e+02 1.689e+02 1.730e+02 1.773e+02
 1.816e+02 1.861e+02 1.906e+02 1.953e+02 2.001e+02 2.050e+02 2.100e+02 2.152e+02
 2.205e+02 2.259e+02 2.314e+02 2.371e+02 2.429e+02 2.488e+02 2.549e+02 2.612e+02
 2.676e+02 2.742e+02 2.809e+02 2.878e+02 2.948e+02 3.021e+02 3.095e+02 3.170e+02
 3.248e+02 3.328e+02 3.409e+02 3.493e+02 3.579e+02 3.666e+02 3.756e+02 3.848e+02
 3.943e+02 4.039e+02 4.138e+02 4.240e+02 4.344e+02 4.450e+02 4.559e+02 4.671e+02
 4.786e+02 4.903e+02 5.023e+02 5.146e+02 5.273e+02 5.402e+02 5.534e+02 5.670e+02
 5.809e+02 5.951e+02 6.097e+02 6.247e+02 6.400e+02 6.557e+02 6.718e+02 6.882e+02
 7.051e+02 7.224e+02 7.401e+02 7.582e+02 7.768e+02 7.959e+02 8.154e+02 8.354e+02
 8.559e+02 8.769e+02 8.984e+02 9.204e+02 9.429e+02 9.661e+02 9.897e+02 1.014e+03
 1.039e+03 1.064e+03 1.090e+03 1.117e+03 1.145e+03 1.173e+03 1.201e+03 1.231e+03
 1.261e+03 1.292e+03 1.324e+03 1.356e+03 1.389e+03 1.423e+03 1.458e+03 1.494e+03
 1.531e+03 1.568e+03 1.607e+03 1.646e+03 1.686e+03 1.728e+03 1.770e+03 1.813e+03
 1.858e+03 1.903e+03 1.950e+03 1.998e+03 2.047e+03 2.097e+03 2.149e+03 2.201e+03
 2.255e+03 2.310e+03 2.367e+03 2.425e+03 2.485e+03 2.546e+03 2.608e+03 2.672e+03
 2.737e+03 2.804e+03 2.873e+03 2.944e+03 3.016e+03 3.090e+03 3.166e+03 3.243e+03
 3.323e+03 3.404e+03 3.488e+03 3.573e+03 3.661e+03 3.750e+03 3.842e+03 3.937e+03
 4.033e+03 4.132e+03 4.233e+03 4.337e+03 4.443e+03 4.552e+03 4.664e+03 4.778e+03
 4.895e+03 5.015e+03 5.138e+03 5.264e+03 5.393e+03 5.526e+03 5.661e+03 5.800e+03
 5.942e+03 6.088e+03 6.237e+03 6.390e+03 6.547e+03 6.707e+03 6.872e+03 7.040e+03
 7.213e+03 7.390e+03 7.571e+03 7.756e+03 7.947e+03 8.141e+03 8.341e+03 8.545e+03
 8.755e+03 8.970e+03 9.190e+03 9.415e+03 9.646e+03 9.882e+03 1.012e+04 1.037e+04
 1.063e+04 1.089e+04 1.115e+04 1.143e+04 1.171e+04 1.200e+04 1.229e+04 1.259e+04
 1.290e+04 1.322e+04 1.354e+04 1.387e+04 1.421e+04 1.456e+04 1.492e+04 1.528e+04
 1.566e+04 1.604e+04 1.643e+04 1.684e+04 1.725e+04 1.767e+04 1.811e+04 1.855e+04
 1.901e+04 1.947e+04 1.995e+04 2.044e+04 2.094e+04 2.145e+04 2.198e+04 2.252e+04
 2.307e+04 2.363e+04 2.421e+04 2.481e+04 2.542e+04 2.604e+04 2.668e+04 2.733e+04
 2.800e+04 2.869e+04 2.939e+04 3.011e+04 3.085e+04 3.161e+04 3.238e+04 3.318e+04
 3.399e+04 3.482e+04 3.568e+04 3.655e+04 3.745e+04 3.836e+04 3.931e+04 4.027e+04
 4.126e+04 4.227e+04 4.330e+04 4.437e+04 4.545e+04 4.657e+04 4.771e+04 4.888e+04
 5.008e+04 5.131e+04 5.256e+04 5.385e+04 5.517e+04 5.652e+04 5.791e+04 5.933e+04
 6.078e+04 6.228e+04 6.380e+04 6.537e+04 6.697e+04 6.861e+04 7.029e+04 7.202e+04
 7.378e+04 7.559e+04 7.744e+04 7.934e+04 8.129e+04 8.328e+04 8.532e+04 8.741e+04
 8.956e+04 9.175e+04 9.400e+04 9.631e+04 9.867e+04 1.011e+05 1.036e+05 1.061e+05
 1.087e+05 1.114e+05 1.141e+05 1.169e+05 1.198e+05 1.227e+05 1.257e+05 1.288e+05
 1.320e+05 1.352e+05 1.385e+05 1.419e+05 1.454e+05 1.489e+05 1.526e+05 1.563e+05
 1.602e+05 1.641e+05 1.681e+05 1.722e+05 1.765e+05 1.808e+05 1.852e+05 1.898e+05
 1.944e+05 1.992e+05 2.041e+05 2.091e+05 2.142e+05 2.194e+05 2.248e+05 2.303e+05
 2.360e+05 2.418e+05 2.477e+05 2.538e+05 2.600e+05 2.664e+05 2.729e+05 2.796e+05
 2.864e+05 2.935e+05 3.007e+05 3.080e+05 3.156e+05 3.233e+05 3.312e+05 3.394e+05
 3.477e+05 3.562e+05 3.649e+05 3.739e+05 3.831e+05 3.924e+05 4.021e+05 4.119e+05
 4.220e+05 4.324e+05 4.430e+05 4.538e+05 4.650e+05 4.764e+05 4.880e+05 5.000e+05
sqrt(<Z^2>) for tau[ms]=    0.1
 5.868e-04 6.558e-04 7.328e-04 8.189e-04 9.151e-04 1.023e-03 1.143e-03 1.277e-03
 1.427e-03 1.594e-03 1.781e-03 1.989e-03 2.222e-03 2.483e-03 2.773e-03 3.097e-03
 3.459e-03 3.864e-03 4.315e-03 4.818e-03 5.379e-03 6.006e-03 6.704e-03 7.484e-03
 8.352e-03 9.321e-03 1.040e-02 1.160e-02 1.294e-02 1.444e-02 1.610e-02 1.795e-02
 2.001e-02 2.230e-02 2.485e-02 2.768e-02 3.083e-02 3.433e-02 3.822e-02 4.252e-02
 4.730e-02 5.260e-02 5.847e-02 6.497e-02 7.215e-02 8.009e-02 8.886e-02 9.853e-02
 1.092e-01 1.209e-01 1.338e-01 1.479e-01 1.633e-01 1.802e-01 1.985e-01 2.182e-01
 2.395e-01 2.623e-01 2.865e-01 3.121e-01 3.389e-01 3.669e-01 3.959e-01 4.255e-01
 4.553e-01 4.852e-01 5.145e-01 5.431e-01 5.705e-01 5.963e-01 6.205e-01 6.427e-01
 6.632e-01 6.823e-01 7.004e-01 7.177e-01 7.348e-01 7.517e-01 7.690e-01 7.869e-01
 8.056e-01 8.254e-01 8.460e-01 8.676e-01 8.901e-01 9.137e-01 9.384e-01 9.646e-01
 9.923e-01 1.022e+00 1.052e+00 1.084e+00 1.118e+00 1.152e+00 1.188e+00 1.224e+00
 1.262e+00 1.299e+00 1.338e+00 1.376e+00 1.415e+00 1.453e+00 1.490e+00 1.527e+00
 1.563e+00 1.598e+00 1.631e+00 1.663e+00 1.694e+00 1.724e+00 1.754e+00 1.782e+00
 1.811e+00 1.839e+00 1.868e+00 1.897e+00 1.928e+00 1.959e+00 1.992e+00 2.026e+00
 2.061e+00 2.098e+00 2.135e+00 2.175e+00 2.214e+00 2.255e+00 2.296e+00 2.337e+00
 2.378e+00 2.419e+00 2.459e+00 2.499e+00 2.538e+00 2.576e+00 2.614e+00 2.652e+00
 2.689e+00 2.726e+00 2.763e+00 2.801e+00 2.839e+00 2.878e+00 2.918e+00 2.959e+00
 3.001e+00 3.045e+00 3.090e+00 3.136e+00 3.183e+00 3.230e+00 3.279e+00 3.328e+00
 3.378e+00 3.428e+00 3.478e+00 3.529e+00 3.579e+00 3.629e+00 3.680e+00 3.730e+00
 3.780e+00 3.830e+00 3.880e+00 3.929e+00 3.979e+00 4.028e+00 4.076e+00 4.124e+00
 4.171e+00 4.217e+00 4.263e+00 4.307e+00 4.351e+00 4.395e+00 4.437e+00 4.479e+00
 4.520e+00 4.560e+00 4.601e+00 4.640e+00 4.680e+00 4.719e+00 4.758e+00 4.797e+00
 4.836e+00 4.875e+00 4.914e+00 4.954e+00 4.994e+00 5.034e+00 5.075e+00 5.116e+00
 5.157e+00 5.199e+00 5.241e+00 5.284e+00 5.327e+00 5.370e+00 5.415e+00 5.459e+00
 5.504e+00 5.550e+00 5.596e+00 5.642e+00 5.689e+00 5.736e+00 5.784e+00 5.833e+00
 5.882e+00 5.931e+00 5.980e+00 6.031e+00 6.081e+00 6.132e+00 6.184e+00 6.235e+00
 6.288e+00 6.341e+00 6.394e+00 6.448e+00 6.502e+00 6.558e+00 6.613e+00 6.670e+00
 6.727e+00 6.785e+00 6.845e+00 6.905e+00 6.966e+00 7.028e+00 7.091e+00 7.156e+00
 7.222e+00 7.289e+00 7.357e+00 7.427e+00 7.498e+00 7.571e+00 7.645e+00 7.720e+00
 7.796e+00 7.873e+00 7.952e+00 8.031e+00 8.112e+00 8.193e+00 8.275e+00 8.358e+00
 8.441e+00 8.525e+00 8.610e+00 8.695e+00 8.780e+00 8.866e+00 8.952e+00 9.039e+00
 9.125e+00 9.212e+00 9.299e+00 9.386e+00 9.473e+00 9.561e+00 9.649e+00 9.737e+00
 9.825e+00 9.914e+00 1.000e+01 1.009e+01 1.018e+01 1.027e+01 1.036e+01 1.045e+01
 1.054e+01 1.063e+01 1.072e+01 1.081e+01 1.090e+01 1.098e+01 1.107e+01 1.116e+01
 1.125e+01 1.133e+01 1.142e+01 1.150e+01 1.159e+01 1.167e+01 1.175e+01 1.183e+01
 1.191e+01 1.199e+01 1.206e+01 1.214e+01 1.221e+01 1.228e+01 1.235e+01 1.242e+01
 1.248e+01 1.255e+01 1.261e+01 1.267e+01 1.273e+01 1.279e+01 1.285e+01 1.291e+01
 1.296e+01 1.301e+01 1.306e+01 1.311e+01 1.316e+01 1.321e+01 1.326e+01 1.330e+01
 1.335e+01 1.339e+01 1.344e+01 1.348e+01 1.352e+01 1.356e+01 1.360e+01 1.364e+01
 1.367e+01 1.371e+01 1.375e+01 1.378e+01 1.382e+01 1.385e+01 1.388e+01 1.392e+01
 1.395e+01 1.398e+01 1.401e+01 1.404e+01 1.407e+01 1.410e+01 1.413e+01 1.416e+01
 1.419e+01 1.422e+01 1.425e+01 1.428e+01 1.430e+01 1.433e+01 1.436e+01 1.438e+01
 1.441e+01 1.443e+01 1.446e+01 1.448e+01 1.450e+01 1.453e+01 1.455e+01 1.457e+01
 1.459e+01 1.462e+01 1.464e+01 1.466e+01 1.468e+01 1.470e+01 1.472e+01 1.474e+01
 1.475e+01 1.477e+01 1.479e+01 1.481e+01 1.482e+01 1.484e+01 1.486e+01 1.487e+01
 1.489e+01 1.490e+01 1.491e+01 1.493e+01 1.494e+01 1.495e+01 1.496e+01 1.498e+01
 1.499e+01 1.500e+01 1.500e+01 1.501e+01 1.502e+01 1.503e+01 1.504e+01 1.505e+01
 1.505e+01 1.506e+01 1.507e+01 1.507e+01 1.508e+01 1.508e+01 1.509e+01 1.509e+01
 1.509e+01 1.510e+01 1.510e+01 1.510e+01 1.510e+01 1.510e+01 1.510e+01 1.510e+01
 1.510e+01 1.510e+01 1.510e+01 1.510e+01 1.510e+01 1.510e+01 1.509e+01 1.509e+01
 1.509e+01 1.508e+01 1.508e+01 1.507e+01 1.507e+01 1.506e+01 1.506e+01 1.505e+01
 1.504e+01 1.503e+01 1.503e+01 1.502e+01 1.501e+01 1.500e+01 1.499e+01 1.498e+01
 1.497e+01 1.496e+01 1.495e+01 1.494e+01 1.493e+01 1.491e+01 1.490e+01 1.489e+01
 1.488e+01 1.486e+01 1.485e+01 1.484e+01 1.482e+01 1.481e+01 1.479e+01 1.478e+01
 1.476e+01 1.475e+01 1.473e+01 1.471e+01 1.470e+01 1.468e+01 1.466e+01 1.464e+01
 1.463e+01 1.461e+01 1.459e+01 1.457e+01 1.455e+01 1.453e+01 1.451e+01 1.450e+01
 1.448e+01 1.446e+01 1.443e+01 1.441e+01 1.439e+01 1.437e+01 1.435e+01 1.433e+01
 1.431e+01 1.428e+01 1.426e+01 1.424e+01 1.422e+01 1.419e+01 1.417e+01 1.415e+01
 1.412e+01 1.410e+01 1.407e+01 1.405e+01 1.403e+01 1.400e+01 1.398e+01 1.395e+01
 1.393e+01 1.390e+01 1.387e+01 1.385e+01 1.382e+01 1.380e+01 1.377e+01 1.374e+01
 1.372e+01 1.369e+01 1.366e+01 1.364e+01 1.361e+01 1.358e+01 1.355e+01 1.352e+01
 1.350e+01 1.347e+01 1.344e+01 1.341e+01 1.338e+01 1.335e+01 1.332e+01 1.330e+01
 1.327e+01 1.324e+01 1.321e+01 1.318e+01 1.315e+01 1.312e+01 1.309e+01 1.306e+01
 1.303e+01 1.300e+01 1.297e+01 1.294e+01 1.291e+01 1.288e+01 1.284e+01 1.281e+01
 1.278e+01 1.275e+01 1.272e+01 1.269e+01 1.265e+01 1.262e+01 1.259e+01 1.256e+01
 1.253e+01 1.249e+01 1.246e+01 1.243e+01 1.240e+01 1.236e+01 1.233e+01 1.230e+01
 1.227e+01 1.223e+01 1.220e+01 1.217e+01 1.213e+01 1.210e+01 1.207e+01 1.204e+01
 1.200e+01 1.197e+01 1.194e+01 1.190e+01 1.187e+01 1.184e+01 1.180e+01 1.177e+01
 1.174e+01 1.170e+01 1.167e+01 1.164e+01 1.160e+01 1.157e+01 1.154e+01 1.150e+01
 1.147e+01 1.143e+01 1.140e+01 1.137e+01 1.133e+01 1.130e+01 1.126e+01 1.123e+01
 1.120e+01 1.116e+01 1.113e+01 1.109e+01 1.106e+01 1.103e+01 1.099e+01 1.096e+01
 1.092e+01 1.089e+01 1.085e+01 1.082e+01 1.079e+01 1.075e+01 1.072e+01 1.068e+01
 1.065e+01 1.061e+01 1.058e+01 1.054e+01 1.051e+01 1.047e+01 1.044e+01 1.040e+01
 1.037e+01 1.034e+01 1.030e+01 1.027e+01 1.023e+01 1.020e+01 1.016e+01 1.013e+01
sqrt(<Z^2>) for tau[ms]=    1.0
 1.792e-03 1.998e-03 2.226e-03 2.481e-03 2.763e-03 3.078e-03 3.427e-03 3.815e-03
 4.245e-03 4.723e-03 5.253e-03 5.840e-03 6.491e-03 7.211e-03 8.008e-03 8.890e-03
 9.865e-03 1.094e-02 1.213e-02 1.344e-02 1.489e-02 1.648e-02 1.823e-02 2.016e-02
 2.228e-02 2.460e-02 2.716e-02 2.996e-02 3.302e-02 3.638e-02 4.005e-02 4.406e-02
 4.843e-02 5.321e-02 5.841e-02 6.408e-02 7.024e-02 7.694e-02 8.421e-02 9.209e-02
 1.006e-01 1.099e-01 1.199e-01 1.307e-01 1.424e-01 1.549e-01 1.685e-01 1.830e-01
 1.986e-01 2.152e-01 2.331e-01 2.521e-01 2.723e-01 2.937e-01 3.163e-01 3.400e-01
 3.648e-01 3.907e-01 4.174e-01 4.450e-01 4.732e-01 5.019e-01 5.308e-01 5.597e-01
 5.883e-01 6.162e-01 6.432e-01 6.692e-01 6.938e-01 7.171e-01 7.390e-01 7.595e-01
 7.790e-01 7.980e-01 8.170e-01 8.365e-01 8.571e-01 8.792e-01 9.037e-01 9.311e-01
 9.625e-01 9.984e-01 1.039e+00 1.085e+00 1.136e+00 1.191e+00 1.249e+00 1.310e+00
 1.371e+00 1.430e+00 1.486e+00 1.539e+00 1.587e+00 1.631e+00 1.670e+00 1.707e+00
 1.740e+00 1.770e+00 1.798e+00 1.825e+00 1.850e+00 1.875e+00 1.901e+00 1.927e+00
 1.954e+00 1.983e+00 2.015e+00 2.049e+00 2.086e+00 2.126e+00 2.169e+00 2.214e+00
 2.262e+00 2.312e+00 2.362e+00 2.412e+00 2.461e+00 2.509e+00 2.554e+00 2.598e+00
 2.639e+00 2.677e+00 2.713e+00 2.747e+00 2.779e+00 2.810e+00 2.841e+00 2.871e+00
 2.902e+00 2.933e+00 2.966e+00 3.001e+00 3.037e+00 3.075e+00 3.115e+00 3.157e+00
 3.201e+00 3.247e+00 3.295e+00 3.344e+00 3.394e+00 3.445e+00 3.496e+00 3.549e+00
 3.601e+00 3.654e+00 3.708e+00 3.761e+00 3.815e+00 3.869e+00 3.922e+00 3.976e+00
 4.028e+00 4.081e+00 4.132e+00 4.182e+00 4.232e+00 4.280e+00 4.327e+00 4.373e+00
 4.418e+00 4.461e+00 4.503e+00 4.544e+00 4.584e+00 4.622e+00 4.660e+00 4.696e+00
 4.732e+00 4.768e+00 4.802e+00 4.837e+00 4.871e+00 4.906e+00 4.940e+00 4.975e+00
 5.009e+00 5.044e+00 5.080e+00 5.116e+00 5.153e+00 5.190e+00 5.228e+00 5.267e+00
 5.306e+00 5.346e+00 5.387e+00 5.428e+00 5.471e+00 5.514e+00 5.558e+00 5.602e+00
 5.647e+00 5.693e+00 5.740e+00 5.787e+00 5.834e+00 5.882e+00 5.931e+00 5.980e+00
 6.029e+00 6.079e+00 6.130e+00 6.181e+00 6.232e+00 6.284e+00 6.336e+00 6.388e+00
 6.441e+00 6.495e+00 6.549e+00 6.604e+00 6.660e+00 6.716e+00 6.774e+00 6.832e+00
 6.891e+00 6.952e+00 7.014e+00 7.078e+00 7.144e+00 7.212e+00 7.282e+00 7.354e+00
 7.430e+00 7.508e+00 7.590e+00 7.675e+00 7.763e+00 7.856e+00 7.952e+00 8.052e+00
 8.157e+00 8.264e+00 8.376e+00 8.491e+00 8.609e+00 8.729e+00 8.852e+00 8.976e+00
 9.102e+00 9.230e+00 9.358e+00 9.487e+00 9.616e+00 9.745e+00 9.875e+00 1.000e+01
 1.013e+01 1.026e+01 1.039e+01 1.053e+01 1.066e+01 1.079e+01 1.093e+01 1.107e+01
 1.121e+01 1.136e+01 1.152e+01 1.168e+01 1.184e+01 1.202e+01 1.220e+01 1.238e+01
 1.256e+01 1.275e+01 1.293e+01 1.311e+01 1.329e+01 1.346e+01 1.362e+01 1.377e+01
 1.391e+01 1.405e+01 1.417e+01 1.429e+01 1.439e+01 1.449e+01 1.458e+01 1.467e+01
 1.474e+01 1.482e+01 1.488e+01 1.495e+01 1.501e+01 1.506e+01 1.512e+01 1.517e+01
 1.522e+01 1.526e+01 1.531e+01 1.535e+01 1.539e+01 1.544e+01 1.548e+01 1.552e+01
 1.556e+01 1.560e+01 1.565e+01 1.569e+01 1.573e+01 1.577e+01 1.582e+01 1.587e+01
 1.591e+01 1.596e+01 1.601e+01 1.606e+01 1.611e+01 1.616e+01 1.622e+01 1.627e+01
 1.633e+01 1.639e+01 1.645e+01 1.651e+01 1.657e+01 1.663e+01 1.670e+01 1.676e+01
 1.683e+01 1.689e+01 1.696e+01 1.703e+01 1.710e+01 1.717e+01 1.724e+01 1.731e+01
 1.739e+01 1.746e+01 1.753e+01 1.760e+01 1.768e+01 1.775e+01 1.783e+01 1.790e+01
 1.798e+01 1.805e+01 1.813e+01 1.820e+01 1.828e+01 1.835e+01 1.843e+01 1.850e+01
 1.858e+01 1.865e+01 1.872e+01 1.879e+01 1.887e+01 1.894e+01 1.900e+01 1.907e+01
 1.914e+01 1.920e+01 1.927e+01 1.933e+01 1.939e+01 1.945e+01 1.951e+01 1.957e+01
 1.963e+01 1.968e+01 1.974e+01 1.979e+01 1.984e+01 1.989e+01 1.994e+01 1.998e+01
 2.003e+01 2.007e+01 2.012e+01 2.016e+01 2.020e+01 2.024e+01 2.028e+01 2.032e+01
 2.035e+01 2.039e+01 2.042e+01 2.045e+01 2.048e+01 2.052e+01 2.055e+01 2.057e+01
 2.060e+01 2.063e+01 2.066e+01 2.068e+01 2.071e+01 2.073e+01 2.075e+01 2.078e+01
 2.080e+01 2.082e+01 2.084e+01 2.086e+01 2.088e+01 2.090e+01 2.091e+01 2.093e+01
 2.095e+01 2.096e+01 2.098e+01 2.099e+01 2.101e+01 2.102e+01 2.103e+01 2.104e+01
 2.106e+01 2.107e+01 2.108e+01 2.109e+01 2.110e+01 2.111e+01 2.112e+01 2.112e+01
 2.113e+01 2.114e+01 2.115e+01 2.115e+01 2.116e+01 2.117e+01 2.117e+01 2.118e+01
 2.118e+01 2.119e+01 2.119e+01 2.119e+01 2.120e+01 2.120e+01 2.120e+01 2.121e+01
 2.121e+01 2.121e+01 2.121e+01 2.121e+01 2.121e+01 2.121e+01 2.121e+01 2.121e+01
 2.121e+01 2.121e+01 2.121e+01 2.121e+01 2.121e+01 2.120e+01 2.120e+01 2.120e+01
 2.119e+01 2.119e+01 2.119e+01 2.118e+01 2.118e+01 2.117e+01 2.117e+01 2.116e+01
 2.116e+01 2.115e+01 2.115e+01 2.114e+01 2.113e+01 2.113e+01 2.112e+01 2.111e+01
 2.110e+01 2.110e+01 2.109e+01 2.108e+01 2.107e+01 2.106e+01 2.105e+01 2.105e+01
 2.104e+01 2.103e+01 2.102e+01 2.101e+01 2.100e+01 2.099e+01 2.098e+01 2.097e+01
 2.096e+01 2.095e+01 2.093e+01 2.092e+01 2.091e+01 2.090e+01 2.089e+01 2.087e+01
 2.086e+01 2.085e+01 2.083e+01 2.082e+01 2.081e+01 2.079e+01 2.078e+01 2.077e+01
 2.075e+01 2.074e+01 2.072e+01 2.071e+01 2.069e+01 2.068e+01 2.066e+01 2.065e+01
 2.063e+01 2.061e+01 2.060e+01 2.058e+01 2.056e+01 2.055e+01 2.053e+01 2.051e+01
 2.049e+01 2.048e+01 2.046e+01 2.044e+01 2.042e+01 2.040e+01 2.038e+01 2.037e+01
 2.035e+01 2.033e+01 2.031e+01 2.029e+01 2.027e+01 2.025e+01 2.023e+01 2.021e+01
 2.019e+01 2.017e+01 2.015e+01 2.013e+01 2.011e+01 2.009e+01 2.007e+01 2.004e+01
 2.002e+01 2.000e+01 1.998e+01 1.996e+01 1.994e+01 1.992e+01 1.990e+01 1.988e+01
 1.986e+01 1.983e+01 1.981e+01 1.979e+01 1.977e+01 1.975e+01 1.973e+01 1.970e+01
 1.968e+01 1.966e+01 1.964e+01 1.962e+01 1.959e+01 1.957e+01 1.955e+01 1.953e+01
 1.951e+01 1.948e+01 1.946e+01 1.944e+01 1.942e+01 1.939e+01 1.937e+01 1.935e+01
 1.932e+01 1.930e+01 1.928e+01 1.925e+01 1.923e+01 1.921e+01 1.919e+01 1.916e+01
 1.914e+01 1.911e+01 1.909e+01 1.907e+01 1.904e+01 1.902e+01 1.900e+01 1.897e+01
 1.895e+01 1.892e+01 1.890e+01 1.888e+01 1.885e+01 1.883e+01 1.880e+01 1.878e+01
 1.875e+01 1.873e+01 1.870e+01 1.868e+01 1.866e+01 1.863e+01 1.861e+01 1.858e+01
sqrt(<Z^2>) for tau[ms]=   10.0
 4.381e-03 4.816e-03 5.290e-03 5.808e-03 6.372e-03 6.986e-03 7.654e-03 8.380e-03
 9.170e-03 1.003e-02 1.096e-02 1.197e-02 1.306e-02 1.424e-02 1.553e-02 1.692e-02
 1.842e-02 2.004e-02 2.180e-02 2.370e-02 2.575e-02 2.797e-02 3.036e-02 3.295e-02
 3.574e-02 3.875e-02 4.199e-02 4.549e-02 4.927e-02 5.334e-02 5.773e-02 6.245e-02
 6.755e-02 7.303e-02 7.894e-02 8.530e-02 9.214e-02 9.951e-02 1.074e-01 1.159e-01
 1.251e-01 1.349e-01 1.455e-01 1.568e-01 1.689e-01 1.819e-01 1.957e-01 2.106e-01
 2.264e-01 2.432e-01 2.611e-01 2.802e-01 3.003e-01 3.215e-01 3.438e-01 3.672e-01
 3.916e-01 4.170e-01 4.431e-01 4.701e-01 4.977e-01 5.258e-01 5.542e-01 5.827e-01
 6.111e-01 6.392e-01 6.668e-01 6.938e-01 7.204e-01 7.464e-01 7.722e-01 7.978e-01
 8.239e-01 8.512e-01 8.804e-01 9.121e-01 9.472e-01 9.863e-01 1.030e+00 1.079e+00
 1.135e+00 1.196e+00 1.262e+00 1.331e+00 1.400e+00 1.469e+00 1.534e+00 1.595e+00
 1.649e+00 1.696e+00 1.736e+00 1.771e+00 1.801e+00 1.828e+00 1.852e+00 1.875e+00
 1.897e+00 1.920e+00 1.945e+00 1.972e+00 2.003e+00 2.039e+00 2.079e+00 2.125e+00
 2.176e+00 2.232e+00 2.290e+00 2.351e+00 2.411e+00 2.470e+00 2.526e+00 2.578e+00
 2.626e+00 2.670e+00 2.709e+00 2.744e+00 2.775e+00 2.804e+00 2.830e+00 2.855e+00
 2.878e+00 2.901e+00 2.924e+00 2.948e+00 2.974e+00 3.001e+00 3.030e+00 3.061e+00
 3.095e+00 3.131e+00 3.168e+00 3.208e+00 3.250e+00 3.293e+00 3.337e+00 3.383e+00
 3.430e+00 3.478e+00 3.527e+00 3.577e+00 3.628e+00 3.679e+00 3.731e+00 3.783e+00
 3.836e+00 3.888e+00 3.941e+00 3.993e+00 4.044e+00 4.095e+00 4.145e+00 4.194e+00
 4.241e+00 4.287e+00 4.332e+00 4.375e+00 4.418e+00 4.459e+00 4.498e+00 4.537e+00
 4.574e+00 4.610e+00 4.646e+00 4.680e+00 4.714e+00 4.746e+00 4.779e+00 4.811e+00
 4.842e+00 4.874e+00 4.905e+00 4.937e+00 4.968e+00 5.000e+00 5.032e+00 5.065e+00
 5.098e+00 5.132e+00 5.166e+00 5.201e+00 5.237e+00 5.274e+00 5.311e+00 5.350e+00
 5.389e+00 5.429e+00 5.469e+00 5.511e+00 5.553e+00 5.597e+00 5.641e+00 5.685e+00
 5.731e+00 5.777e+00 5.823e+00 5.871e+00 5.918e+00 5.967e+00 6.015e+00 6.065e+00
 6.114e+00 6.164e+00 6.215e+00 6.265e+00 6.317e+00 6.368e+00 6.421e+00 6.473e+00
 6.527e+00 6.581e+00 6.635e+00 6.690e+00 6.746e+00 6.803e+00 6.861e+00 6.921e+00
 6.981e+00 7.043e+00 7.107e+00 7.173e+00 7.241e+00 7.312e+00 7.386e+00 7.462e+00
 7.542e+00 7.626e+00 7.714e+00 7.806e+00 7.902e+00 8.003e+00 8.109e+00 8.220e+00
 8.335e+00 8.454e+00 8.578e+00 8.706e+00 8.837e+00 8.970e+00 9.106e+00 9.244e+00
 9.383e+00 9.523e+00 9.664e+00 9.805e+00 9.946e+00 1.009e+01 1.023e+01 1.037e+01
 1.051e+01 1.065e+01 1.080e+01 1.095e+01 1.110e+01 1.125e+01 1.142e+01 1.160e+01
 1.179e+01 1.200e+01 1.223e+01 1.247e+01 1.274e+01 1.302e+01 1.331e+01 1.360e+01
 1.388e+01 1.415e+01 1.439e+01 1.460e+01 1.479e+01 1.495e+01 1.508e+01 1.520e+01
 1.530e+01 1.538e+01 1.546e+01 1.552e+01 1.557e+01 1.562e+01 1.566e+01 1.570e+01
 1.573e+01 1.576e+01 1.579e+01 1.582e+01 1.585e+01 1.588e+01 1.591e+01 1.593e+01
 1.596e+01 1.599e+01 1.602e+01 1.605e+01 1.609e+01 1.612e+01 1.616e+01 1.620e+01
 1.624e+01 1.628e+01 1.633e+01 1.638e+01 1.643e+01 1.649e+01 1.654e+01 1.660e+01
 1.667e+01 1.673e+01 1.680e+01 1.688e+01 1.695e+01 1.703e+01 1.711e+01 1.719e+01
 1.728e+01 1.737e+01 1.746e+01 1.755e+01 1.764e+01 1.774e+01 1.784e+01 1.793e+01
 1.804e+01 1.814e+01 1.825e+01 1.836e+01 1.847e+01 1.858e+01 1.870e+01 1.882e+01
 1.895e+01 1.908e+01 1.921e+01 1.935e+01 1.949e+01 1.964e+01 1.979e+01 1.994e+01
 2.009e+01 2.025e+01 2.040e+01 2.055e+01 2.070e+01 2.085e+01 2.100e+01 2.114e+01
 2.127e+01 2.140e+01 2.152e+01 2.163e+01 2.174e+01 2.184e+01 2.194e+01 2.203e+01
 2.212e+01 2.220e+01 2.227e+01 2.234e+01 2.241e+01 2.247e+01 2.253e+01 2.259e+01
 2.264e+01 2.269e+01 2.273e+01 2.278e+01 2.282e+01 2.285e+01 2.289e+01 2.292e+01
 2.296e+01 2.299e+01 2.302e+01 2.304e+01 2.307e+01 2.310e+01 2.312e+01 2.314e+01
 2.316e+01 2.319e+01 2.321e+01 2.323e+01 2.325e+01 2.326e+01 2.328e+01 2.330e+01
 2.332e+01 2.333e+01 2.335e+01 2.336e+01 2.338e+01 2.339e+01 2.341e+01 2.342e+01
 2.344e+01 2.345e+01 2.347e+01 2.348e+01 2.349e+01 2.351e+01 2.352e+01 2.354e+01
 2.355e+01 2.357e+01 2.358e+01 2.359e+01 2.361e+01 2.362e+01 2.364e+01 2.365e+01
 2.367e+01 2.368e+01 2.370e+01 2.371e+01 2.373e+01 2.375e+01 2.376e+01 2.378e+01
 2.379e+01 2.381e+01 2.383e+01 2.384e+01 2.386e+01 2.388e+01 2.389e+01 2.391e+01
 2.393e+01 2.394e+01 2.396e+01 2.398e+01 2.399e+01 2.401e+01 2.403e+01 2.404e+01
 2.406e+01 2.408e+01 2.409e+01 2.411e+01 2.413e+01 2.414e+01 2.416e+01 2.417e+01
 2.419e+01 2.420e+01 2.422e+01 2.423e+01 2.425e+01 2.426e+01 2.427e+01 2.429e+01
 2.430e+01 2.431e+01 2.432e+01 2.434e+01 2.435e+01 2.436e+01 2.437e+01 2.438e+01
 2.439e+01 2.440e+01 2.442e+01 2.443e+01 2.443e+01 2.444e+01 2.445e+01 2.446e+01
 2.447e+01 2.448e+01 2.448e+01 2.449e+01 2.450e+01 2.451e+01 2.451e+01 2.452e+01
 2.452e+01 2.453e+01 2.454e+01 2.454e+01 2.455e+01 2.455e+01 2.456e+01 2.456e+01
 2.456e+01 2.457e+01 2.457e+01 2.458e+01 2.458e+01 2.458e+01 2.458e+01 2.459e+01
 2.459e+01 2.459e+01 2.459e+01 2.459e+01 2.460e+01 2.460e+01 2.460e+01 2.460e+01
 2.460e+01 2.460e+01 2.460e+01 2.460e+01 2.460e+01 2.460e+01 2.460e+01 2.460e+01
 2.460e+01 2.460e+01 2.459e+01 2.459e+01 2.459e+01 2.459e+01 2.459e+01 2.459e+01
 2.458e+01 2.458e+01 2.458e+01 2.458e+01 2.457e+01 2.457e+01 2.457e+01 2.456e+01
 2.456e+01 2.456e+01 2.455e+01 2.455e+01 2.454e+01 2.454e+01 2.454e+01 2.453e+01
 2.453e+01 2.452e+01 2.452e+01 2.452e+01 2.451e+01 2.451e+01 2.450e+01 2.450e+01
 2.449e+01 2.449e+01 2.449e+01 2.448e+01 2.448e+01 2.447e+01 2.447e+01 2.446e+01
 2.446e+01 2.445e+01 2.445e+01 2.444e+01 2.444e+01 2.443e+01 2.443e+01 2.442e+01
 2.441e+01 2.441e+01 2.440e+01 2.440e+01 2.439e+01 2.439e+01 2.438e+01 2.437e+01
 2.437e+01 2.436e+01 2.436e+01 2.435e+01 2.434e+01 2.434e+01 2.433e+01 2.433e+01
 2.432e+01 2.431e+01 2.431e+01 2.430e+01 2.429e+01 2.429e+01 2.428e+01 2.427e+01
 2.427e+01 2.426e+01 2.425e+01 2.425e+01 2.424e+01 2.423e+01 2.423e+01 2.422e+01
 2.421e+01 2.421e+01 2.420e+01 2.419e+01 2.418e+01 2.418e+01 2.417e+01 2.416e+01
 2.415e+01 2.415e+01 2.414e+01 2.413e+01 2.412e+01 2.412e+01 2.411e+01 2.410e+01
sqrt(<Z^2>) for tau[ms]=  100.0
 6.180e-03 6.686e-03 7.231e-03 7.818e-03 8.452e-03 9.135e-03 9.871e-03 1.067e-02
 1.152e-02 1.244e-02 1.344e-02 1.451e-02 1.566e-02 1.691e-02 1.825e-02 1.969e-02
 2.125e-02 2.293e-02 2.473e-02 2.668e-02 2.878e-02 3.104e-02 3.348e-02 3.610e-02
 3.893e-02 4.198e-02 4.526e-02 4.879e-02 5.260e-02 5.670e-02 6.111e-02 6.587e-02
 7.098e-02 7.649e-02 8.242e-02 8.880e-02 9.566e-02 1.030e-01 1.110e-01 1.195e-01
 1.286e-01 1.385e-01 1.490e-01 1.603e-01 1.724e-01 1.854e-01 1.993e-01 2.141e-01
 2.299e-01 2.467e-01 2.645e-01 2.835e-01 3.036e-01 3.247e-01 3.470e-01 3.703e-01
 3.946e-01 4.199e-01 4.460e-01 4.729e-01 5.004e-01 5.284e-01 5.569e-01 5.854e-01
 6.140e-01 6.423e-01 6.703e-01 6.980e-01 7.254e-01 7.526e-01 7.799e-01 8.077e-01
 8.364e-01 8.669e-01 8.999e-01 9.361e-01 9.763e-01 1.021e+00 1.071e+00 1.127e+00
 1.188e+00 1.254e+00 1.324e+00 1.395e+00 1.465e+00 1.532e+00 1.594e+00 1.650e+00
 1.698e+00 1.740e+00 1.776e+00 1.806e+00 1.833e+00 1.856e+00 1.878e+00 1.900e+00
 1.922e+00 1.946e+00 1.974e+00 2.006e+00 2.044e+00 2.087e+00 2.137e+00 2.194e+00
 2.255e+00 2.319e+00 2.385e+00 2.449e+00 2.511e+00 2.568e+00 2.620e+00 2.667e+00
 2.708e+00 2.744e+00 2.776e+00 2.804e+00 2.829e+00 2.852e+00 2.874e+00 2.895e+00
 2.915e+00 2.937e+00 2.959e+00 2.983e+00 3.008e+00 3.036e+00 3.066e+00 3.099e+00
 3.133e+00 3.170e+00 3.208e+00 3.248e+00 3.290e+00 3.333e+00 3.377e+00 3.423e+00
 3.469e+00 3.517e+00 3.566e+00 3.616e+00 3.667e+00 3.718e+00 3.770e+00 3.822e+00
 3.874e+00 3.926e+00 3.977e+00 4.028e+00 4.079e+00 4.129e+00 4.177e+00 4.224e+00
 4.270e+00 4.315e+00 4.358e+00 4.401e+00 4.441e+00 4.481e+00 4.519e+00 4.557e+00
 4.593e+00 4.628e+00 4.662e+00 4.696e+00 4.729e+00 4.761e+00 4.792e+00 4.824e+00
 4.855e+00 4.886e+00 4.917e+00 4.948e+00 4.979e+00 5.011e+00 5.042e+00 5.075e+00
 5.108e+00 5.142e+00 5.176e+00 5.211e+00 5.247e+00 5.283e+00 5.320e+00 5.359e+00
 5.398e+00 5.438e+00 5.478e+00 5.520e+00 5.562e+00 5.606e+00 5.650e+00 5.694e+00
 5.740e+00 5.786e+00 5.833e+00 5.880e+00 5.927e+00 5.976e+00 6.024e+00 6.074e+00
 6.123e+00 6.173e+00 6.224e+00 6.274e+00 6.326e+00 6.378e+00 6.430e+00 6.482e+00
 6.536e+00 6.590e+00 6.644e+00 6.699e+00 6.756e+00 6.813e+00 6.871e+00 6.930e+00
 6.991e+00 7.053e+00 7.117e+00 7.183e+00 7.252e+00 7.323e+00 7.397e+00 7.474e+00
 7.555e+00 7.639e+00 7.727e+00 7.820e+00 7.918e+00 8.020e+00 8.126e+00 8.238e+00
 8.355e+00 8.476e+00 8.601e+00 8.730e+00 8.863e+00 8.998e+00 9.135e+00 9.275e+00
 9.415e+00 9.557e+00 9.699e+00 9.841e+00 9.984e+00 1.013e+01 1.027e+01 1.041e+01
 1.055e+01 1.070e+01 1.085e+01 1.100e+01 1.115e+01 1.131e+01 1.149e+01 1.167e+01
 1.188e+01 1.210e+01 1.235e+01 1.262e+01 1.292e+01 1.323e+01 1.355e+01 1.386e+01
 1.416e+01 1.443e+01 1.467e+01 1.488e+01 1.505e+01 1.520e+01 1.532e+01 1.542e+01
 1.551e+01 1.558e+01 1.564e+01 1.568e+01 1.573e+01 1.576e+01 1.580e+01 1.583e+01
 1.585e+01 1.588e+01 1.590e+01 1.593e+01 1.595e+01 1.597e+01 1.600e+01 1.602e+01
 1.605e+01 1.608e+01 1.611e+01 1.614e+01 1.617e+01 1.621e+01 1.624e+01 1.628e+01
 1.633e+01 1.637e+01 1.642e+01 1.647e+01 1.653e+01 1.658e+01 1.665e+01 1.671e+01
 1.678e+01 1.685e+01 1.692e+01 1.700e+01 1.708e+01 1.716e+01 1.725e+01 1.734e+01
 1.743e+01 1.752e+01 1.762e+01 1.772e+01 1.782e+01 1.792e+01 1.803e+01 1.813e+01
 1.824e+01 1.836e+01 1.847e+01 1.859e+01 1.871e+01 1.884e+01 1.897e+01 1.911e+01
 1.926e+01 1.941e+01 1.956e+01 1.973e+01 1.990e+01 2.008e+01 2.026e+01 2.045e+01
 2.064e+01 2.083e+01 2.103e+01 2.121e+01 2.140e+01 2.157e+01 2.174e+01 2.190e+01
 2.205e+01 2.218e+01 2.231e+01 2.243e+01 2.254e+01 2.264e+01 2.273e+01 2.282e+01
 2.289e+01 2.296e+01 2.303e+01 2.309e+01 2.314e+01 2.319e+01 2.324e+01 2.328e+01
 2.332e+01 2.335e+01 2.339e+01 2.342e+01 2.345e+01 2.347e+01 2.350e+01 2.352e+01
 2.354e+01 2.357e+01 2.358e+01 2.360e+01 2.362e+01 2.364e+01 2.365e+01 2.367e+01
 2.368e+01 2.370e+01 2.371e+01 2.372e+01 2.374e+01 2.375e+01 2.376e+01 2.377e+01
 2.379e+01 2.380e+01 2.381e+01 2.382e+01 2.384e+01 2.385e+01 2.386e+01 2.387e+01
 2.389e+01 2.390e+01 2.391e+01 2.393e+01 2.394e+01 2.396e+01 2.397e+01 2.399e+01
 2.400e+01 2.402e+01 2.403e+01 2.405e+01 2.407e+01 2.409e+01 2.411e+01 2.413e+01
 2.415e+01 2.417e+01 2.419e+01 2.421e+01 2.423e+01 2.426e+01 2.428e+01 2.430e+01
 2.433e+01 2.435e+01 2.438e+01 2.440e+01 2.443e+01 2.446e+01 2.448e+01 2.451e+01
 2.454e+01 2.457e+01 2.459e+01 2.462e+01 2.465e+01 2.468e+01 2.471e+01 2.473e+01
 2.476e+01 2.479e+01 2.482e+01 2.484e+01 2.487e+01 2.490e+01 2.492e+01 2.495e+01
 2.497e+01 2.500e+01 2.502e+01 2.504e+01 2.507e+01 2.509e+01 2.511e+01 2.513e+01
 2.515e+01 2.517e+01 2.519e+01 2.521e+01 2.523e+01 2.525e+01 2.527e+01 2.529e+01
 2.531e+01 2.532e+01 2.534e+01 2.535e+01 2.537e+01 2.538e+01 2.540e+01 2.541e+01
 2.542e+01 2.544e+01 2.545e+01 2.546e+01 2.547e+01 2.548e+01 2.549e+01 2.551e+01
 2.552e+01 2.552e+01 2.553e+01 2.554e+01 2.555e+01 2.556e+01 2.557e+01 2.558e+01
 2.558e+01 2.559e+01 2.560e+01 2.561e+01 2.561e+01 2.562e+01 2.563e+01 2.563e+01
 2.564e+01 2.564e+01 2.565e+01 2.565e+01 2.566e+01 2.566e+01 2.567e+01 2.567e+01
 2.568e+01 2.568e+01 2.568e+01 2.569e+01 2.569e+01 2.569e+01 2.570e+01 2.570e+01
 2.570e+01 2.571e+01 2.571e+01 2.571e+01 2.572e+01 2.572e+01 2.572e+01 2.572e+01
 2.573e+01 2.573e+01 2.573e+01 2.573e+01 2.573e+01 2.574e+01 2.574e+01 2.574e+01
 2.574e+01 2.574e+01 2.574e+01 2.574e+01 2.574e+01 2.575e+01 2.575e+01 2.575e+01
 2.575e+01 2.575e+01 2.575e+01 2.575e+01 2.576e+01 2.576e+01 2.576e+01 2.576e+01
 2.576e+01 2.576e+01 2.576e+01 2.576e+01 2.576e+01 2.576e+01 2.577e+01 2.577e+01
 2.577e+01 2.577e+01 2.577e+01 2.577e+01 2.577e+01 2.577e+01 2.577e+01 2.577e+01
 2.577e+01 2.577e+01 2.577e+01 2.577e+01 2.577e+01 2.577e+01 2.577e+01 2.577e+01
 2.577e+01 2.577e+01 2.577e+01 2.577e+01 2.577e+01 2.577e+01 2.577e+01 2.577e+01
 2.577e+01 2.577e+01 2.577e+01 2.577e+01 2.577e+01 2.577e+01 2.577e+01 2.577e+01
 2.576e+01 2.576e+01 2.576e+01 2.576e+01 2.576e+01 2.576e+01 2.576e+01 2.576e+01
 2.576e+01 2.576e+01 2.576e+01 2.576e+01 2.576e+01 2.576e+01 2.576e+01 2.576e+01
 2.575e+01 2.575e+01 2.575e+01 2.575e+01 2.575e+01 2.575e+01 2.575e+01 2.575e+01
sqrt(<Z^2>) for tau[ms]= 1000.0
 6.511e-03 7.019e-03 7.567e-03 8.157e-03 8.793e-03 9.478e-03 1.022e-02 1.101e-02
 1.187e-02 1.279e-02 1.379e-02 1.486e-02 1.602e-02 1.726e-02 1.860e-02 2.005e-02
 2.161e-02 2.329e-02 2.510e-02 2.705e-02 2.915e-02 3.141e-02 3.384e-02 3.647e-02
 3.930e-02 4.235e-02 4.563e-02 4.916e-02 5.297e-02 5.707e-02 6.149e-02 6.624e-02
 7.136e-02 7.686e-02 8.279e-02 8.917e-02 9.603e-02 1.034e-01 1.113e-01 1.199e-01
 1.290e-01 1.388e-01 1.494e-01 1.607e-01 1.728e-01 1.858e-01 1.996e-01 2.144e-01
 2.302e-01 2.470e-01 2.649e-01 2.839e-01 3.039e-01 3.251e-01 3.473e-01 3.706e-01
 3.949e-01 4.202e-01 4.463e-01 4.732e-01 5.007e-01 5.287e-01 5.571e-01 5.857e-01
 6.143e-01 6.426e-01 6.707e-01 6.984e-01 7.259e-01 7.534e-01 7.809e-01 8.088e-01
 8.379e-01 8.688e-01 9.023e-01 9.391e-01 9.800e-01 1.025e+00 1.076e+00 1.132e+00
 1.194e+00 1.261e+00 1.331e+00 1.403e+00 1.473e+00 1.539e+00 1.601e+00 1.656e+00
 1.704e+00 1.745e+00 1.780e+00 1.810e+00 1.836e+00 1.859e+00 1.881e+00 1.903e+00
 1.925e+00 1.950e+00 1.978e+00 2.010e+00 2.049e+00 2.094e+00 2.145e+00 2.203e+00
 2.265e+00 2.331e+00 2.397e+00 2.462e+00 2.523e+00 2.580e+00 2.631e+00 2.677e+00
 2.717e+00 2.752e+00 2.783e+00 2.810e+00 2.835e+00 2.857e+00 2.878e+00 2.899e+00
 2.920e+00 2.941e+00 2.963e+00 2.987e+00 3.012e+00 3.040e+00 3.070e+00 3.103e+00
 3.137e+00 3.174e+00 3.213e+00 3.253e+00 3.295e+00 3.338e+00 3.382e+00 3.427e+00
 3.474e+00 3.522e+00 3.570e+00 3.620e+00 3.671e+00 3.722e+00 3.774e+00 3.826e+00
 3.878e+00 3.930e+00 3.981e+00 4.032e+00 4.083e+00 4.132e+00 4.180e+00 4.228e+00
 4.273e+00 4.318e+00 4.361e+00 4.403e+00 4.444e+00 4.483e+00 4.522e+00 4.559e+00
 4.595e+00 4.630e+00 4.664e+00 4.697e+00 4.730e+00 4.762e+00 4.794e+00 4.825e+00
 4.856e+00 4.887e+00 4.918e+00 4.949e+00 4.980e+00 5.012e+00 5.044e+00 5.076e+00
 5.109e+00 5.143e+00 5.177e+00 5.212e+00 5.248e+00 5.284e+00 5.321e+00 5.360e+00
 5.399e+00 5.438e+00 5.479e+00 5.521e+00 5.563e+00 5.607e+00 5.651e+00 5.695e+00
 5.741e+00 5.787e+00 5.833e+00 5.881e+00 5.928e+00 5.977e+00 6.025e+00 6.075e+00
 6.124e+00 6.174e+00 6.225e+00 6.275e+00 6.327e+00 6.378e+00 6.431e+00 6.483e+00
 6.537e+00 6.591e+00 6.645e+00 6.700e+00 6.756e+00 6.813e+00 6.872e+00 6.931e+00
 6.992e+00 7.054e+00 7.118e+00 7.184e+00 7.253e+00 7.324e+00 7.398e+00 7.475e+00
 7.556e+00 7.640e+00 7.729e+00 7.822e+00 7.919e+00 8.021e+00 8.128e+00 8.240e+00
 8.357e+00 8.478e+00 8.603e+00 8.733e+00 8.865e+00 9.001e+00 9.138e+00 9.278e+00
 9.418e+00 9.560e+00 9.702e+00 9.845e+00 9.987e+00 1.013e+01 1.027e+01 1.042e+01
 1.056e+01 1.070e+01 1.085e+01 1.100e+01 1.116e+01 1.132e+01 1.149e+01 1.168e+01
 1.188e+01 1.211e+01 1.236e+01 1.264e+01 1.294e+01 1.325e+01 1.357e+01 1.389e+01
 1.419e+01 1.446e+01 1.470e+01 1.491e+01 1.508e+01 1.523e+01 1.535e+01 1.545e+01
 1.553e+01 1.560e+01 1.565e+01 1.570e+01 1.574e+01 1.578e+01 1.581e+01 1.584e+01
 1.587e+01 1.589e+01 1.591e+01 1.594e+01 1.596e+01 1.598e+01 1.601e+01 1.603e+01
 1.606e+01 1.609e+01 1.612e+01 1.615e+01 1.618e+01 1.622e+01 1.625e+01 1.629e+01
 1.634e+01 1.638e+01 1.643e+01 1.648e+01 1.654e+01 1.660e+01 1.666e+01 1.672e+01
 1.679e+01 1.686e+01 1.694e+01 1.701e+01 1.709e+01 1.718e+01 1.727e+01 1.735e+01
 1.745e+01 1.754e+01 1.764e+01 1.774e+01 1.784e+01 1.794e+01 1.805e+01 1.815e+01
 1.827e+01 1.838e+01 1.850e+01 1.862e+01 1.874e+01 1.887e+01 1.900e+01 1.914e+01
 1.929e+01 1.944e+01 1.961e+01 1.977e+01 1.995e+01 2.013e+01 2.032e+01 2.052e+01
 2.071e+01 2.091e+01 2.110e+01 2.130e+01 2.148e+01 2.166e+01 2.183e+01 2.199e+01
 2.214e+01 2.228e+01 2.241e+01 2.253e+01 2.264e+01 2.274e+01 2.283e+01 2.291e+01
 2.299e+01 2.306e+01 2.312e+01 2.318e+01 2.323e+01 2.328e+01 2.332e+01 2.336e+01
 2.340e+01 2.343e+01 2.346e+01 2.349e+01 2.352e+01 2.354e+01 2.357e+01 2.359e+01
 2.361e+01 2.363e+01 2.365e+01 2.366e+01 2.368e+01 2.370e+01 2.371e+01 2.373e+01
 2.374e+01 2.375e+01 2.377e+01 2.378e+01 2.379e+01 2.380e+01 2.381e+01 2.383e+01
 2.384e+01 2.385e+01 2.386e+01 2.387e+01 2.389e+01 2.390e+01 2.391e+01 2.392e+01
 2.394e+01 2.395e+01 2.396e+01 2.398e+01 2.399e+01 2.401e+01 2.402e+01 2.404e+01
 2.405e+01 2.407e+01 2.409e+01 2.410e+01 2.412e+01 2.414e+01 2.416e+01 2.418e+01
 2.420e+01 2.422e+01 2.425e+01 2.427e+01 2.429e+01 2.432e+01 2.434e+01 2.437e+01
 2.439e+01 2.442e+01 2.445e+01 2.448e+01 2.450e+01 2.453e+01 2.456e+01 2.459e+01
 2.462e+01 2.465e+01 2.468e+01 2.471e+01 2.474e+01 2.477e+01 2.480e+01 2.483e+01
 2.486e+01 2.489e+01 2.492e+01 2.495e+01 2.497e+01 2.500e+01 2.503e+01 2.506e+01
 2.508e+01 2.511e+01 2.513e+01 2.516e+01 2.518e+01 2.521e+01 2.523e+01 2.525e+01
 2.527e+01 2.530e+01 2.532e+01 2.534e+01 2.536e+01 2.538e+01 2.540e+01 2.542e+01
 2.543e+01 2.545e+01 2.547e+01 2.549e+01 2.550e+01 2.552e+01 2.553e+01 2.555e+01
 2.556e+01 2.557e+01 2.558e+01 2.560e+01 2.561e+01 2.562e+01 2.563e+01 2.564e+01
 2.565e+01 2.566e+01 2.567e+01 2.568e+01 2.569e+01 2.570e+01 2.571e+01 2.572e+01
 2.572e+01 2.573e+01 2.574e+01 2.575e+01 2.575e+01 2.576e+01 2.577e+01 2.577e+01
 2.578e+01 2.579e+01 2.579e+01 2.580e+01 2.580e+01 2.581e+01 2.581e+01 2.582e+01
 2.582e+01 2.583e+01 2.583e+01 2.583e+01 2.584e+01 2.584e+01 2.585e+01 2.585e+01
 2.585e+01 2.586e+01 2.586e+01 2.586e+01 2.587e+01 2.587e+01 2.587e+01 2.588e+01
 2.588e+01 2.588e+01 2.588e+01 2.589e+01 2.589e+01 2.589e+01 2.589e+01 2.590e+01
 2.590e+01 2.590e+01 2.590e+01 2.590e+01 2.590e+01 2.591e+01 2.591e+01 2.591e+01
 2.591e+01 2.592e+01 2.592e+01 2.592e+01 2.592e+01 2.592e+01 2.593e+01 2.593e+01
 2.593e+01 2.593e+01 2.593e+01 2.594e+01 2.594e+01 2.594e+01 2.594e+01 2.594e+01
 2.594e+01 2.594e+01 2.594e+01 2.595e+01 2.595e+01 2.595e+01 2.595e+01 2.595e+01
 2.595e+01 2.595e+01 2.595e+01 2.595e+01 2.595e+01 2.596e+01 2.596e+01 2.596e+01
 2.596e+01 2.596e+01 2.596e+01 2.596e+01 2.596e+01 2.596e+01 2.596e+01 2.596e+01
 2.596e+01 2.596e+01 2.596e+01 2.596e+01 2.596e+01 2.596e+01 2.596e+01 2.596e+01
 2.597e+01 2.597e+01 2.597e+01 2.597e+01 2.597e+01 2.597e+01 2.597e+01 2.597e+01
 2.597e+01 2.597e+01 2.597e+01 2.597e+01 2.597e+01 2.597e+01 2.597e+01 2.597e+01
 2.597e+01 2.597e+01 2.597e+01 2.597e+01 2.597e+01 2.597e+01 2.597e+01 2.597e+01
sqrt(<Z^2>) in equilibrium - infinite confinement
 6.551e-03 7.059e-03 7.607e-03 8.197e-03 8.833e-03 9.518e-03 1.026e-02 1.105e-02
 1.191e-02 1.283e-02 1.383e-02 1.490e-02 1.606e-02 1.730e-02 1.865e-02 2.009e-02
 2.165e-02 2.333e-02 2.514e-02 2.709e-02 2.919e-02 3.145e-02 3.389e-02 3.651e-02
 3.934e-02 4.239e-02 4.567e-02 4.920e-02 5.301e-02 5.711e-02 6.153e-02 6.628e-02
 7.140e-02 7.691e-02 8.283e-02 8.921e-02 9.607e-02 1.034e-01 1.114e-01 1.199e-01
 1.291e-01 1.389e-01 1.494e-01 1.607e-01 1.728e-01 1.858e-01 1.997e-01 2.145e-01
 2.303e-01 2.471e-01 2.649e-01 2.839e-01 3.040e-01 3.251e-01 3.474e-01 3.707e-01
 3.950e-01 4.202e-01 4.463e-01 4.732e-01 5.007e-01 5.287e-01 5.572e-01 5.857e-01
 6.143e-01 6.426e-01 6.707e-01 6.985e-01 7.260e-01 7.534e-01 7.810e-01 8.090e-01
 8.381e-01 8.690e-01 9.026e-01 9.395e-01 9.804e-01 1.026e+00 1.077e+00 1.133e+00
 1.195e+00 1.262e+00 1.332e+00 1.403e+00 1.473e+00 1.540e+00 1.601e+00 1.656e+00
 1.704e+00 1.745e+00 1.780e+00 1.810e+00 1.836e+00 1.859e+00 1.881e+00 1.903e+00
 1.925e+00 1.950e+00 1.978e+00 2.011e+00 2.049e+00 2.094e+00 2.146e+00 2.204e+00
 2.266e+00 2.332e+00 2.398e+00 2.463e+00 2.525e+00 2.581e+00 2.632e+00 2.678e+00
 2.718e+00 2.753e+00 2.784e+00 2.811e+00 2.835e+00 2.858e+00 2.879e+00 2.899e+00
 2.920e+00 2.941e+00 2.963e+00 2.987e+00 3.013e+00 3.041e+00 3.071e+00 3.103e+00
 3.138e+00 3.175e+00 3.213e+00 3.253e+00 3.295e+00 3.338e+00 3.382e+00 3.428e+00
 3.474e+00 3.522e+00 3.571e+00 3.621e+00 3.671e+00 3.722e+00 3.774e+00 3.826e+00
 3.878e+00 3.930e+00 3.982e+00 4.033e+00 4.083e+00 4.132e+00 4.181e+00 4.228e+00
 4.274e+00 4.318e+00 4.362e+00 4.403e+00 4.444e+00 4.483e+00 4.522e+00 4.559e+00
 4.595e+00 4.630e+00 4.664e+00 4.698e+00 4.730e+00 4.762e+00 4.794e+00 4.825e+00
 4.856e+00 4.887e+00 4.918e+00 4.949e+00 4.980e+00 5.012e+00 5.044e+00 5.076e+00
 5.109e+00 5.143e+00 5.177e+00 5.212e+00 5.248e+00 5.284e+00 5.322e+00 5.360e+00
 5.399e+00 5.439e+00 5.479e+00 5.521e+00 5.563e+00 5.607e+00 5.651e+00 5.695e+00
 5.741e+00 5.787e+00 5.834e+00 5.881e+00 5.928e+00 5.977e+00 6.025e+00 6.075e+00
 6.124e+00 6.174e+00 6.225e+00 6.275e+00 6.327e+00 6.379e+00 6.431e+00 6.483e+00
 6.537e+00 6.591e+00 6.645e+00 6.700e+00 6.757e+00 6.814e+00 6.872e+00 6.931e+00
 6.992e+00 7.054e+00 7.118e+00 7.184e+00 7.253e+00 7.324e+00 7.398e+00 7.475e+00
 7.556e+00 7.640e+00 7.729e+00 7.822e+00 7.919e+00 8.021e+00 8.128e+00 8.240e+00
 8.357e+00 8.478e+00 8.604e+00 8.733e+00 8.865e+00 9.001e+00 9.139e+00 9.278e+00
 9.419e+00 9.560e+00 9.703e+00 9.845e+00 9.988e+00 1.013e+01 1.027e+01 1.042e+01
 1.056e+01 1.070e+01 1.085e+01 1.100e+01 1.116e+01 1.132e+01 1.149e+01 1.168e+01
 1.189e+01 1.211e+01 1.236e+01 1.264e+01 1.294e+01 1.325e+01 1.358e+01 1.389e+01
 1.419e+01 1.446e+01 1.471e+01 1.491e+01 1.509e+01 1.523e+01 1.535e+01 1.545e+01
 1.553e+01 1.560e+01 1.566e+01 1.570e+01 1.575e+01 1.578e+01 1.581e+01 1.584e+01
 1.587e+01 1.589e+01 1.592e+01 1.594e+01 1.596e+01 1.599e+01 1.601e+01 1.603e+01
 1.606e+01 1.609e+01 1.612e+01 1.615e+01 1.618e+01 1.622e+01 1.625e+01 1.629e+01
 1.634e+01 1.638e+01 1.643e+01 1.648e+01 1.654e+01 1.660e+01 1.666e+01 1.672e+01
 1.679e+01 1.686e+01 1.694e+01 1.701e+01 1.710e+01 1.718e+01 1.727e+01 1.736e+01
 1.745e+01 1.754e+01 1.764e+01 1.774e+01 1.784e+01 1.794e+01 1.805e+01 1.816e+01
 1.827e+01 1.838e+01 1.850e+01 1.862e+01 1.874e+01 1.887e+01 1.901e+01 1.915e+01
 1.929e+01 1.945e+01 1.961e+01 1.978e+01 1.996e+01 2.014e+01 2.033e+01 2.052e+01
 2.072e+01 2.092e+01 2.111e+01 2.131e+01 2.149e+01 2.167e+01 2.184e+01 2.201e+01
 2.216e+01 2.230e+01 2.242e+01 2.254e+01 2.265e+01 2.275e+01 2.284e+01 2.292e+01
 2.300e+01 2.307e+01 2.313e+01 2.319e+01 2.324e+01 2.329e+01 2.333e+01 2.337e+01
 2.341e+01 2.344e+01 2.347e+01 2.350e+01 2.353e+01 2.355e+01 2.358e+01 2.360e+01
 2.362e+01 2.364e+01 2.365e+01 2.367e+01 2.369e+01 2.370e+01 2.372e+01 2.373e+01
 2.375e+01 2.376e+01 2.377e+01 2.378e+01 2.380e+01 2.381e+01 2.382e+01 2.383e+01
 2.384e+01 2.386e+01 2.387e+01 2.388e+01 2.389e+01 2.390e+01 2.392e+01 2.393e+01
 2.394e+01 2.395e+01 2.397e+01 2.398e+01 2.400e+01 2.401e+01 2.403e+01 2.404e+01
 2.406e+01 2.407e+01 2.409e+01 2.411e+01 2.413e+01 2.415e+01 2.417e+01 2.419e+01
 2.421e+01 2.423e+01 2.425e+01 2.428e+01 2.430e+01 2.432e+01 2.435e+01 2.438e+01
 2.440e+01 2.443e+01 2.446e+01 2.448e+01 2.451e+01 2.454e+01 2.457e+01 2.460e+01
 2.463e+01 2.466e+01 2.469e+01 2.472e+01 2.475e+01 2.478e+01 2.481e+01 2.484e+01
 2.487e+01 2.490e+01 2.493e+01 2.496e+01 2.499e+01 2.501e+01 2.504e+01 2.507e+01
 2.510e+01 2.512e+01 2.515e+01 2.517e+01 2.520e+01 2.522e+01 2.524e+01 2.527e+01
 2.529e+01 2.531e+01 2.533e+01 2.535e+01 2.537e+01 2.539e+01 2.541e+01 2.543e+01
 2.545e+01 2.547e+01 2.548e+01 2.550e+01 2.552e+01 2.553e+01 2.555e+01 2.556e+01
 2.557e+01 2.559e+01 2.560e+01 2.561e+01 2.562e+01 2.564e+01 2.565e+01 2.566e+01
 2.567e+01 2.568e+01 2.569e+01 2.570e+01 2.571e+01 2.572e+01 2.572e+01 2.573e+01
 2.574e+01 2.575e+01 2.576e+01 2.576e+01 2.577e+01 2.578e+01 2.578e+01 2.579e+01
 2.580e+01 2.580e+01 2.581e+01 2.581e+01 2.582e+01 2.582e+01 2.583e+01 2.583e+01
 2.584e+01 2.584e+01 2.585e+01 2.585e+01 2.586e+01 2.586e+01 2.586e+01 2.587e+01
 2.587e+01 2.587e+01 2.588e+01 2.588e+01 2.588e+01 2.589e+01 2.589e+01 2.589e+01
 2.590e+01 2.590e+01 2.590e+01 2.590e+01 2.591e+01 2.591e+01 2.591e+01 2.591e+01
 2.592e+01 2.592e+01 2.592e+01 2.592e+01 2.592e+01 2.593e+01 2.593e+01 2.593e+01
 2.593e+01 2.593e+01 2.593e+01 2.594e+01 2.594e+01 2.594e+01 2.594e+01 2.594e+01
 2.594e+01 2.595e+01 2.595e+01 2.595e+01 2.595e+01 2.595e+01 2.595e+01 2.595e+01
 2.595e+01 2.596e+01 2.596e+01 2.596e+01 2.596e+01 2.596e+01 2.596e+01 2.596e+01
 2.596e+01 2.596e+01 2.596e+01 2.597e+01 2.597e+01 2.597e+01 2.597e+01 2.597e+01
 2.597e+01 2.597e+01 2.597e+01 2.597e+01 2.597e+01 2.597e+01 2.597e+01 2.597e+01
 2.598e+01 2.598e+01 2.598e+01 2.598e+01 2.598e+01 2.598e+01 2.598e+01 2.598e+01
 2.598e+01 2.598e+01 2.598e+01 2.598e+01 2.598e+01 2.598e+01 2.598e+01 2.598e+01
 2.598e+01 2.598e+01 2.598e+01 2.598e+01 2.599e+01 2.599e+01 2.599e+01 2.599e+01
 2.599e+01 2.599e+01 2.599e+01 2.599e+01 2.599e+01 2.599e+01 2.599e+01 2.599e+01
C-------------------------------------------------------------------------------
C
C  The fractional abundance and radiated power were generated from the
C  ADAS installation at UKAEA with the named adf11 files. The adf11 data
C  files may be updated in a later release of ADAS and publicly
C  available versions may be found at https://open.adas.ac.uk/.
C
C  The equilibrium balance data was produced with run_adas405.py and
C  the balance with a confinement time with adas4xx_ionbal_tau.py
C  which are functions from the ADAS library. Details on these codes
C  may be found at: https://www.adas.ac.uk/python_lib/index.html
C
C  Copyright (C) 2023 UK Atomic Energy Authority
C
C  This file was generated for use in the UKAEA systems code PROCESS
C  using a script written by Martin O'Mullane.
C  If acquired without provenance a user is strongly advised
C  to check its validity by re-generating using the adf11 files from
C  the OPEN-ADAS site.
C
C  Produced by : Timothy Nunn
C  Date        : 29-07-26
C
C-------------------------------------------------------------------------------
