Radiated power per atom (W m3) as a function dwell time.
Temperature :      0.2 - 500000.0 eV
Density     : 1.00e+20 m-3
   600     5  # Te values, dwell time

Source data:
acd : /home/adas/adas/adf11/acd12/acd12_h.dat
scd : /home/adas/adas/adf11/scd12/scd12_h.dat
plt : /home/adas/adas/adf11/plt12/plt12_h.dat
prb : /home/adas/adas/adf11/prb12/prb12_h.dat

Te[eV]
 2.500e-01 2.561e-01 2.624e-01 2.688e-01 2.754e-01 2.822e-01 2.891e-01 2.962e-01
 3.035e-01 3.109e-01 3.185e-01 3.263e-01 3.343e-01 3.425e-01 3.509e-01 3.595e-01
 3.683e-01 3.774e-01 3.866e-01 3.961e-01 4.058e-01 4.158e-01 4.260e-01 4.364e-01
 4.471e-01 4.581e-01 4.693e-01 4.808e-01 4.926e-01 5.047e-01 5.170e-01 5.297e-01
 5.427e-01 5.560e-01 5.696e-01 5.836e-01 5.979e-01 6.126e-01 6.276e-01 6.430e-01
 6.587e-01 6.749e-01 6.914e-01 7.084e-01 7.257e-01 7.435e-01 7.618e-01 7.804e-01
 7.996e-01 8.192e-01 8.393e-01 8.598e-01 8.809e-01 9.025e-01 9.247e-01 9.473e-01
 9.706e-01 9.943e-01 1.019e+00 1.044e+00 1.069e+00 1.096e+00 1.122e+00 1.150e+00
 1.178e+00 1.207e+00 1.237e+00 1.267e+00 1.298e+00 1.330e+00 1.362e+00 1.396e+00
 1.430e+00 1.465e+00 1.501e+00 1.538e+00 1.575e+00 1.614e+00 1.654e+00 1.694e+00
 1.736e+00 1.778e+00 1.822e+00 1.867e+00 1.912e+00 1.959e+00 2.007e+00 2.056e+00
 2.107e+00 2.159e+00 2.211e+00 2.266e+00 2.321e+00 2.378e+00 2.436e+00 2.496e+00
 2.557e+00 2.620e+00 2.684e+00 2.750e+00 2.818e+00 2.887e+00 2.957e+00 3.030e+00
 3.104e+00 3.180e+00 3.258e+00 3.338e+00 3.420e+00 3.504e+00 3.590e+00 3.678e+00
 3.768e+00 3.860e+00 3.955e+00 4.052e+00 4.151e+00 4.253e+00 4.357e+00 4.464e+00
 4.574e+00 4.686e+00 4.801e+00 4.918e+00 5.039e+00 5.162e+00 5.289e+00 5.419e+00
 5.551e+00 5.688e+00 5.827e+00 5.970e+00 6.116e+00 6.266e+00 6.420e+00 6.577e+00
 6.738e+00 6.904e+00 7.073e+00 7.246e+00 7.424e+00 7.606e+00 7.792e+00 7.983e+00
 8.179e+00 8.380e+00 8.585e+00 8.796e+00 9.011e+00 9.232e+00 9.459e+00 9.691e+00
 9.928e+00 1.017e+01 1.042e+01 1.068e+01 1.094e+01 1.121e+01 1.148e+01 1.176e+01
 1.205e+01 1.235e+01 1.265e+01 1.296e+01 1.328e+01 1.360e+01 1.394e+01 1.428e+01
 1.463e+01 1.499e+01 1.535e+01 1.573e+01 1.612e+01 1.651e+01 1.692e+01 1.733e+01
 1.776e+01 1.819e+01 1.864e+01 1.909e+01 1.956e+01 2.004e+01 2.053e+01 2.104e+01
 2.155e+01 2.208e+01 2.262e+01 2.318e+01 2.374e+01 2.433e+01 2.492e+01 2.553e+01
 2.616e+01 2.680e+01 2.746e+01 2.813e+01 2.882e+01 2.953e+01 3.025e+01 3.099e+01
 3.175e+01 3.253e+01 3.333e+01 3.415e+01 3.498e+01 3.584e+01 3.672e+01 3.762e+01
 3.854e+01 3.949e+01 4.046e+01 4.145e+01 4.246e+01 4.351e+01 4.457e+01 4.566e+01
 4.678e+01 4.793e+01 4.911e+01 5.031e+01 5.154e+01 5.281e+01 5.410e+01 5.543e+01
 5.679e+01 5.818e+01 5.961e+01 6.107e+01 6.256e+01 6.410e+01 6.567e+01 6.728e+01
 6.893e+01 7.062e+01 7.235e+01 7.412e+01 7.594e+01 7.780e+01 7.971e+01 8.167e+01
 8.367e+01 8.572e+01 8.782e+01 8.997e+01 9.218e+01 9.444e+01 9.676e+01 9.913e+01
 1.016e+02 1.040e+02 1.066e+02 1.092e+02 1.119e+02 1.146e+02 1.174e+02 1.203e+02
 1.233e+02 1.263e+02 1.294e+02 1.326e+02 1.358e+02 1.391e+02 1.426e+02 1.461e+02
 1.496e+02 1.533e+02 1.571e+02 1.609e+02 1.649e+02 1.689e+02 1.730e+02 1.773e+02
 1.816e+02 1.861e+02 1.906e+02 1.953e+02 2.001e+02 2.050e+02 2.100e+02 2.152e+02
 2.205e+02 2.259e+02 2.314e+02 2.371e+02 2.429e+02 2.488e+02 2.549e+02 2.612e+02
 2.676e+02 2.742e+02 2.809e+02 2.878e+02 2.948e+02 3.021e+02 3.095e+02 3.170e+02
 3.248e+02 3.328e+02 3.409e+02 3.493e+02 3.579e+02 3.666e+02 3.756e+02 3.848e+02
 3.943e+02 4.039e+02 4.138e+02 4.240e+02 4.344e+02 4.450e+02 4.559e+02 4.671e+02
 4.786e+02 4.903e+02 5.023e+02 5.146e+02 5.273e+02 5.402e+02 5.534e+02 5.670e+02
 5.809e+02 5.951e+02 6.097e+02 6.247e+02 6.400e+02 6.557e+02 6.718e+02 6.882e+02
 7.051e+02 7.224e+02 7.401e+02 7.582e+02 7.768e+02 7.959e+02 8.154e+02 8.354e+02
 8.559e+02 8.769e+02 8.984e+02 9.204e+02 9.429e+02 9.661e+02 9.897e+02 1.014e+03
 1.039e+03 1.064e+03 1.090e+03 1.117e+03 1.145e+03 1.173e+03 1.201e+03 1.231e+03
 1.261e+03 1.292e+03 1.324e+03 1.356e+03 1.389e+03 1.423e+03 1.458e+03 1.494e+03
 1.531e+03 1.568e+03 1.607e+03 1.646e+03 1.686e+03 1.728e+03 1.770e+03 1.813e+03
 1.858e+03 1.903e+03 1.950e+03 1.998e+03 2.047e+03 2.097e+03 2.149e+03 2.201e+03
 2.255e+03 2.310e+03 2.367e+03 2.425e+03 2.485e+03 2.546e+03 2.608e+03 2.672e+03
 2.737e+03 2.804e+03 2.873e+03 2.944e+03 3.016e+03 3.090e+03 3.166e+03 3.243e+03
 3.323e+03 3.404e+03 3.488e+03 3.573e+03 3.661e+03 3.750e+03 3.842e+03 3.937e+03
 4.033e+03 4.132e+03 4.233e+03 4.337e+03 4.443e+03 4.552e+03 4.664e+03 4.778e+03
 4.895e+03 5.015e+03 5.138e+03 5.264e+03 5.393e+03 5.526e+03 5.661e+03 5.800e+03
 5.942e+03 6.088e+03 6.237e+03 6.390e+03 6.547e+03 6.707e+03 6.872e+03 7.040e+03
 7.213e+03 7.390e+03 7.571e+03 7.756e+03 7.947e+03 8.141e+03 8.341e+03 8.545e+03
 8.755e+03 8.970e+03 9.190e+03 9.415e+03 9.646e+03 9.882e+03 1.012e+04 1.037e+04
 1.063e+04 1.089e+04 1.115e+04 1.143e+04 1.171e+04 1.200e+04 1.229e+04 1.259e+04
 1.290e+04 1.322e+04 1.354e+04 1.387e+04 1.421e+04 1.456e+04 1.492e+04 1.528e+04
 1.566e+04 1.604e+04 1.643e+04 1.684e+04 1.725e+04 1.767e+04 1.811e+04 1.855e+04
 1.901e+04 1.947e+04 1.995e+04 2.044e+04 2.094e+04 2.145e+04 2.198e+04 2.252e+04
 2.307e+04 2.363e+04 2.421e+04 2.481e+04 2.542e+04 2.604e+04 2.668e+04 2.733e+04
 2.800e+04 2.869e+04 2.939e+04 3.011e+04 3.085e+04 3.161e+04 3.238e+04 3.318e+04
 3.399e+04 3.482e+04 3.568e+04 3.655e+04 3.745e+04 3.836e+04 3.931e+04 4.027e+04
 4.126e+04 4.227e+04 4.330e+04 4.437e+04 4.545e+04 4.657e+04 4.771e+04 4.888e+04
 5.008e+04 5.131e+04 5.256e+04 5.385e+04 5.517e+04 5.652e+04 5.791e+04 5.933e+04
 6.078e+04 6.228e+04 6.380e+04 6.537e+04 6.697e+04 6.861e+04 7.029e+04 7.202e+04
 7.378e+04 7.559e+04 7.744e+04 7.934e+04 8.129e+04 8.328e+04 8.532e+04 8.741e+04
 8.956e+04 9.175e+04 9.400e+04 9.631e+04 9.867e+04 1.011e+05 1.036e+05 1.061e+05
 1.087e+05 1.114e+05 1.141e+05 1.169e+05 1.198e+05 1.227e+05 1.257e+05 1.288e+05
 1.320e+05 1.352e+05 1.385e+05 1.419e+05 1.454e+05 1.489e+05 1.526e+05 1.563e+05
 1.602e+05 1.641e+05 1.681e+05 1.722e+05 1.765e+05 1.808e+05 1.852e+05 1.898e+05
 1.944e+05 1.992e+05 2.041e+05 2.091e+05 2.142e+05 2.194e+05 2.248e+05 2.303e+05
 2.360e+05 2.418e+05 2.477e+05 2.538e+05 2.600e+05 2.664e+05 2.729e+05 2.796e+05
 2.864e+05 2.935e+05 3.007e+05 3.080e+05 3.156e+05 3.233e+05 3.312e+05 3.394e+05
 3.477e+05 3.562e+05 3.649e+05 3.739e+05 3.831e+05 3.924e+05 4.021e+05 4.119e+05
 4.220e+05 4.324e+05 4.430e+05 4.538e+05 4.650e+05 4.764e+05 4.880e+05 5.000e+05
Lz[Wm**3] for tau[ms]=    0.1
 1.166e-49 3.173e-49 8.498e-49 2.235e-48 5.767e-48 1.457e-47 3.598e-47 8.671e-47
 2.037e-46 4.660e-46 1.040e-45 2.262e-45 4.808e-45 9.986e-45 2.029e-44 4.035e-44
 7.861e-44 1.502e-43 2.817e-43 5.188e-43 9.394e-43 1.673e-42 2.936e-42 5.075e-42
 8.654e-42 1.457e-41 2.423e-41 3.985e-41 6.485e-41 1.045e-40 1.670e-40 2.644e-40
 4.148e-40 6.450e-40 9.938e-40 1.517e-39 2.296e-39 3.444e-39 5.119e-39 7.540e-39
 1.101e-38 1.592e-38 2.283e-38 3.244e-38 4.569e-38 6.379e-38 8.832e-38 1.213e-37
 1.652e-37 2.233e-37 2.995e-37 3.988e-37 5.272e-37 6.921e-37 9.024e-37 1.169e-36
 1.505e-36 1.925e-36 2.448e-36 3.096e-36 3.892e-36 4.865e-36 6.048e-36 7.477e-36
 9.194e-36 1.124e-35 1.368e-35 1.655e-35 1.992e-35 2.385e-35 2.840e-35 3.364e-35
 3.964e-35 4.644e-35 5.411e-35 6.268e-35 7.219e-35 8.264e-35 9.402e-35 1.063e-34
 1.194e-34 1.331e-34 1.475e-34 1.623e-34 1.773e-34 1.923e-34 2.071e-34 2.216e-34
 2.354e-34 2.484e-34 2.605e-34 2.715e-34 2.813e-34 2.899e-34 2.972e-34 3.032e-34
 3.081e-34 3.118e-34 3.144e-34 3.159e-34 3.166e-34 3.165e-34 3.156e-34 3.140e-34
 3.120e-34 3.094e-34 3.064e-34 3.031e-34 2.995e-34 2.957e-34 2.917e-34 2.876e-34
 2.834e-34 2.791e-34 2.748e-34 2.705e-34 2.662e-34 2.619e-34 2.577e-34 2.535e-34
 2.493e-34 2.453e-34 2.413e-34 2.374e-34 2.335e-34 2.298e-34 2.261e-34 2.225e-34
 2.190e-34 2.156e-34 2.123e-34 2.091e-34 2.059e-34 2.029e-34 1.999e-34 1.970e-34
 1.941e-34 1.914e-34 1.887e-34 1.861e-34 1.836e-34 1.811e-34 1.787e-34 1.764e-34
 1.741e-34 1.719e-34 1.697e-34 1.676e-34 1.656e-34 1.636e-34 1.617e-34 1.598e-34
 1.580e-34 1.562e-34 1.545e-34 1.528e-34 1.512e-34 1.496e-34 1.481e-34 1.466e-34
 1.451e-34 1.437e-34 1.423e-34 1.410e-34 1.397e-34 1.384e-34 1.372e-34 1.359e-34
 1.348e-34 1.336e-34 1.325e-34 1.314e-34 1.303e-34 1.293e-34 1.283e-34 1.273e-34
 1.263e-34 1.254e-34 1.244e-34 1.235e-34 1.227e-34 1.218e-34 1.209e-34 1.201e-34
 1.193e-34 1.185e-34 1.177e-34 1.170e-34 1.163e-34 1.156e-34 1.149e-34 1.142e-34
 1.136e-34 1.130e-34 1.124e-34 1.118e-34 1.113e-34 1.108e-34 1.103e-34 1.098e-34
 1.094e-34 1.090e-34 1.086e-34 1.082e-34 1.079e-34 1.076e-34 1.073e-34 1.070e-34
 1.067e-34 1.065e-34 1.063e-34 1.060e-34 1.058e-34 1.056e-34 1.055e-34 1.053e-34
 1.051e-34 1.050e-34 1.049e-34 1.047e-34 1.046e-34 1.045e-34 1.044e-34 1.043e-34
 1.042e-34 1.041e-34 1.040e-34 1.040e-34 1.039e-34 1.039e-34 1.038e-34 1.038e-34
 1.038e-34 1.038e-34 1.038e-34 1.038e-34 1.038e-34 1.038e-34 1.038e-34 1.039e-34
 1.039e-34 1.039e-34 1.040e-34 1.041e-34 1.041e-34 1.042e-34 1.043e-34 1.044e-34
 1.045e-34 1.046e-34 1.047e-34 1.048e-34 1.049e-34 1.050e-34 1.052e-34 1.053e-34
 1.054e-34 1.056e-34 1.057e-34 1.059e-34 1.061e-34 1.062e-34 1.064e-34 1.066e-34
 1.068e-34 1.070e-34 1.071e-34 1.074e-34 1.076e-34 1.078e-34 1.080e-34 1.082e-34
 1.084e-34 1.086e-34 1.089e-34 1.091e-34 1.093e-34 1.095e-34 1.098e-34 1.100e-34
 1.102e-34 1.105e-34 1.107e-34 1.109e-34 1.111e-34 1.114e-34 1.116e-34 1.118e-34
 1.121e-34 1.123e-34 1.125e-34 1.127e-34 1.130e-34 1.132e-34 1.134e-34 1.136e-34
 1.139e-34 1.141e-34 1.143e-34 1.145e-34 1.147e-34 1.150e-34 1.152e-34 1.154e-34
 1.156e-34 1.159e-34 1.161e-34 1.163e-34 1.165e-34 1.168e-34 1.170e-34 1.173e-34
 1.175e-34 1.177e-34 1.180e-34 1.182e-34 1.185e-34 1.188e-34 1.190e-34 1.193e-34
 1.196e-34 1.198e-34 1.201e-34 1.204e-34 1.207e-34 1.210e-34 1.213e-34 1.216e-34
 1.219e-34 1.221e-34 1.224e-34 1.227e-34 1.230e-34 1.234e-34 1.237e-34 1.240e-34
 1.243e-34 1.246e-34 1.249e-34 1.252e-34 1.255e-34 1.259e-34 1.262e-34 1.265e-34
 1.268e-34 1.272e-34 1.275e-34 1.278e-34 1.282e-34 1.285e-34 1.289e-34 1.292e-34
 1.295e-34 1.299e-34 1.302e-34 1.306e-34 1.309e-34 1.313e-34 1.316e-34 1.320e-34
 1.324e-34 1.327e-34 1.331e-34 1.334e-34 1.338e-34 1.342e-34 1.345e-34 1.349e-34
 1.353e-34 1.356e-34 1.360e-34 1.364e-34 1.368e-34 1.371e-34 1.375e-34 1.379e-34
 1.383e-34 1.387e-34 1.390e-34 1.394e-34 1.398e-34 1.402e-34 1.406e-34 1.410e-34
 1.414e-34 1.417e-34 1.421e-34 1.425e-34 1.429e-34 1.433e-34 1.437e-34 1.441e-34
 1.445e-34 1.449e-34 1.453e-34 1.457e-34 1.461e-34 1.465e-34 1.469e-34 1.473e-34
 1.477e-34 1.481e-34 1.485e-34 1.489e-34 1.494e-34 1.498e-34 1.502e-34 1.506e-34
 1.510e-34 1.514e-34 1.518e-34 1.523e-34 1.527e-34 1.531e-34 1.535e-34 1.539e-34
 1.543e-34 1.548e-34 1.552e-34 1.556e-34 1.560e-34 1.564e-34 1.569e-34 1.573e-34
 1.577e-34 1.581e-34 1.585e-34 1.589e-34 1.593e-34 1.598e-34 1.602e-34 1.606e-34
 1.610e-34 1.614e-34 1.618e-34 1.622e-34 1.627e-34 1.631e-34 1.635e-34 1.639e-34
 1.643e-34 1.648e-34 1.652e-34 1.656e-34 1.660e-34 1.665e-34 1.669e-34 1.673e-34
 1.677e-34 1.682e-34 1.686e-34 1.690e-34 1.695e-34 1.699e-34 1.703e-34 1.708e-34
 1.712e-34 1.717e-34 1.721e-34 1.725e-34 1.730e-34 1.734e-34 1.739e-34 1.743e-34
 1.748e-34 1.752e-34 1.757e-34 1.761e-34 1.766e-34 1.770e-34 1.775e-34 1.779e-34
 1.784e-34 1.788e-34 1.793e-34 1.798e-34 1.802e-34 1.807e-34 1.812e-34 1.816e-34
 1.821e-34 1.825e-34 1.830e-34 1.835e-34 1.840e-34 1.844e-34 1.849e-34 1.854e-34
 1.859e-34 1.863e-34 1.868e-34 1.873e-34 1.878e-34 1.883e-34 1.887e-34 1.892e-34
 1.897e-34 1.902e-34 1.907e-34 1.912e-34 1.917e-34 1.922e-34 1.926e-34 1.931e-34
 1.936e-34 1.941e-34 1.946e-34 1.951e-34 1.956e-34 1.961e-34 1.966e-34 1.971e-34
 1.976e-34 1.982e-34 1.987e-34 1.992e-34 1.997e-34 2.002e-34 2.007e-34 2.012e-34
 2.017e-34 2.023e-34 2.028e-34 2.033e-34 2.038e-34 2.043e-34 2.049e-34 2.054e-34
 2.059e-34 2.064e-34 2.070e-34 2.075e-34 2.080e-34 2.086e-34 2.091e-34 2.096e-34
 2.102e-34 2.107e-34 2.113e-34 2.118e-34 2.123e-34 2.129e-34 2.134e-34 2.140e-34
 2.145e-34 2.151e-34 2.156e-34 2.162e-34 2.167e-34 2.173e-34 2.179e-34 2.184e-34
 2.190e-34 2.195e-34 2.201e-34 2.207e-34 2.212e-34 2.218e-34 2.224e-34 2.229e-34
 2.235e-34 2.241e-34 2.246e-34 2.252e-34 2.258e-34 2.264e-34 2.270e-34 2.275e-34
 2.281e-34 2.287e-34 2.293e-34 2.299e-34 2.305e-34 2.311e-34 2.316e-34 2.322e-34
 2.328e-34 2.334e-34 2.340e-34 2.346e-34 2.352e-34 2.358e-34 2.364e-34 2.370e-34
 2.376e-34 2.382e-34 2.389e-34 2.395e-34 2.401e-34 2.407e-34 2.413e-34 2.419e-34
 2.425e-34 2.432e-34 2.438e-34 2.444e-34 2.450e-34 2.456e-34 2.463e-34 2.469e-34
Lz[Wm**3] for tau[ms]=    1.0
 1.166e-49 3.173e-49 8.498e-49 2.235e-48 5.767e-48 1.457e-47 3.598e-47 8.672e-47
 2.037e-46 4.661e-46 1.040e-45 2.263e-45 4.809e-45 9.988e-45 2.029e-44 4.036e-44
 7.864e-44 1.503e-43 2.818e-43 5.191e-43 9.400e-43 1.675e-42 2.938e-42 5.080e-42
 8.664e-42 1.459e-41 2.426e-41 3.991e-41 6.497e-41 1.047e-40 1.674e-40 2.650e-40
 4.159e-40 6.467e-40 9.967e-40 1.522e-39 2.304e-39 3.457e-39 5.139e-39 7.571e-39
 1.106e-38 1.600e-38 2.294e-38 3.261e-38 4.594e-38 6.416e-38 8.885e-38 1.220e-37
 1.663e-37 2.248e-37 3.015e-37 4.015e-37 5.307e-37 6.966e-37 9.080e-37 1.176e-36
 1.512e-36 1.932e-36 2.453e-36 3.094e-36 3.878e-36 4.828e-36 5.970e-36 7.329e-36
 8.932e-36 1.080e-35 1.296e-35 1.541e-35 1.816e-35 2.119e-35 2.447e-35 2.796e-35
 3.159e-35 3.527e-35 3.892e-35 4.243e-35 4.571e-35 4.869e-35 5.128e-35 5.347e-35
 5.521e-35 5.652e-35 5.741e-35 5.791e-35 5.807e-35 5.793e-35 5.754e-35 5.694e-35
 5.617e-35 5.527e-35 5.427e-35 5.319e-35 5.207e-35 5.091e-35 4.974e-35 4.856e-35
 4.738e-35 4.622e-35 4.508e-35 4.396e-35 4.286e-35 4.180e-35 4.076e-35 3.975e-35
 3.877e-35 3.782e-35 3.690e-35 3.601e-35 3.515e-35 3.432e-35 3.352e-35 3.275e-35
 3.201e-35 3.129e-35 3.060e-35 2.993e-35 2.929e-35 2.866e-35 2.807e-35 2.749e-35
 2.693e-35 2.640e-35 2.588e-35 2.538e-35 2.490e-35 2.444e-35 2.399e-35 2.355e-35
 2.313e-35 2.273e-35 2.234e-35 2.196e-35 2.160e-35 2.124e-35 2.090e-35 2.057e-35
 2.025e-35 1.994e-35 1.964e-35 1.935e-35 1.907e-35 1.880e-35 1.853e-35 1.828e-35
 1.803e-35 1.779e-35 1.755e-35 1.733e-35 1.711e-35 1.689e-35 1.668e-35 1.648e-35
 1.629e-35 1.610e-35 1.591e-35 1.574e-35 1.556e-35 1.539e-35 1.523e-35 1.507e-35
 1.492e-35 1.477e-35 1.462e-35 1.448e-35 1.434e-35 1.420e-35 1.407e-35 1.395e-35
 1.382e-35 1.370e-35 1.358e-35 1.347e-35 1.336e-35 1.325e-35 1.314e-35 1.304e-35
 1.294e-35 1.284e-35 1.274e-35 1.265e-35 1.256e-35 1.247e-35 1.238e-35 1.229e-35
 1.221e-35 1.213e-35 1.205e-35 1.197e-35 1.190e-35 1.182e-35 1.175e-35 1.169e-35
 1.162e-35 1.156e-35 1.150e-35 1.144e-35 1.139e-35 1.133e-35 1.128e-35 1.124e-35
 1.119e-35 1.115e-35 1.111e-35 1.107e-35 1.104e-35 1.101e-35 1.098e-35 1.095e-35
 1.092e-35 1.089e-35 1.087e-35 1.085e-35 1.083e-35 1.081e-35 1.079e-35 1.077e-35
 1.076e-35 1.074e-35 1.073e-35 1.072e-35 1.071e-35 1.070e-35 1.069e-35 1.068e-35
 1.067e-35 1.066e-35 1.065e-35 1.065e-35 1.064e-35 1.064e-35 1.063e-35 1.063e-35
 1.063e-35 1.063e-35 1.063e-35 1.063e-35 1.063e-35 1.063e-35 1.064e-35 1.064e-35
 1.065e-35 1.065e-35 1.066e-35 1.067e-35 1.068e-35 1.068e-35 1.069e-35 1.070e-35
 1.072e-35 1.073e-35 1.074e-35 1.075e-35 1.076e-35 1.078e-35 1.079e-35 1.081e-35
 1.082e-35 1.084e-35 1.086e-35 1.087e-35 1.089e-35 1.091e-35 1.093e-35 1.095e-35
 1.097e-35 1.099e-35 1.101e-35 1.103e-35 1.106e-35 1.108e-35 1.110e-35 1.113e-35
 1.115e-35 1.118e-35 1.120e-35 1.123e-35 1.125e-35 1.128e-35 1.130e-35 1.133e-35
 1.135e-35 1.138e-35 1.140e-35 1.143e-35 1.145e-35 1.148e-35 1.151e-35 1.153e-35
 1.156e-35 1.158e-35 1.161e-35 1.163e-35 1.166e-35 1.169e-35 1.171e-35 1.174e-35
 1.176e-35 1.179e-35 1.181e-35 1.184e-35 1.186e-35 1.189e-35 1.191e-35 1.194e-35
 1.197e-35 1.199e-35 1.202e-35 1.205e-35 1.207e-35 1.210e-35 1.213e-35 1.216e-35
 1.218e-35 1.221e-35 1.224e-35 1.227e-35 1.230e-35 1.233e-35 1.236e-35 1.239e-35
 1.243e-35 1.246e-35 1.249e-35 1.252e-35 1.256e-35 1.259e-35 1.262e-35 1.266e-35
 1.269e-35 1.273e-35 1.276e-35 1.280e-35 1.283e-35 1.287e-35 1.291e-35 1.294e-35
 1.298e-35 1.302e-35 1.305e-35 1.309e-35 1.313e-35 1.317e-35 1.321e-35 1.324e-35
 1.328e-35 1.332e-35 1.336e-35 1.340e-35 1.344e-35 1.348e-35 1.352e-35 1.356e-35
 1.361e-35 1.365e-35 1.369e-35 1.373e-35 1.377e-35 1.382e-35 1.386e-35 1.390e-35
 1.395e-35 1.399e-35 1.403e-35 1.408e-35 1.412e-35 1.417e-35 1.421e-35 1.426e-35
 1.430e-35 1.435e-35 1.439e-35 1.444e-35 1.448e-35 1.453e-35 1.458e-35 1.463e-35
 1.467e-35 1.472e-35 1.477e-35 1.482e-35 1.486e-35 1.491e-35 1.496e-35 1.501e-35
 1.506e-35 1.511e-35 1.516e-35 1.521e-35 1.526e-35 1.531e-35 1.536e-35 1.541e-35
 1.546e-35 1.551e-35 1.556e-35 1.562e-35 1.567e-35 1.572e-35 1.577e-35 1.582e-35
 1.588e-35 1.593e-35 1.598e-35 1.604e-35 1.609e-35 1.615e-35 1.620e-35 1.626e-35
 1.631e-35 1.637e-35 1.642e-35 1.648e-35 1.653e-35 1.659e-35 1.665e-35 1.670e-35
 1.676e-35 1.682e-35 1.688e-35 1.693e-35 1.699e-35 1.705e-35 1.711e-35 1.717e-35
 1.723e-35 1.728e-35 1.734e-35 1.740e-35 1.746e-35 1.752e-35 1.758e-35 1.764e-35
 1.770e-35 1.776e-35 1.782e-35 1.788e-35 1.794e-35 1.800e-35 1.807e-35 1.813e-35
 1.819e-35 1.825e-35 1.832e-35 1.838e-35 1.844e-35 1.851e-35 1.857e-35 1.864e-35
 1.870e-35 1.877e-35 1.883e-35 1.890e-35 1.897e-35 1.903e-35 1.910e-35 1.917e-35
 1.924e-35 1.931e-35 1.938e-35 1.945e-35 1.952e-35 1.959e-35 1.966e-35 1.973e-35
 1.980e-35 1.987e-35 1.994e-35 2.002e-35 2.009e-35 2.016e-35 2.024e-35 2.031e-35
 2.039e-35 2.046e-35 2.054e-35 2.062e-35 2.069e-35 2.077e-35 2.085e-35 2.093e-35
 2.101e-35 2.109e-35 2.117e-35 2.125e-35 2.133e-35 2.141e-35 2.149e-35 2.158e-35
 2.166e-35 2.174e-35 2.183e-35 2.191e-35 2.200e-35 2.208e-35 2.217e-35 2.226e-35
 2.234e-35 2.243e-35 2.252e-35 2.261e-35 2.270e-35 2.279e-35 2.288e-35 2.297e-35
 2.307e-35 2.316e-35 2.325e-35 2.335e-35 2.344e-35 2.354e-35 2.364e-35 2.373e-35
 2.383e-35 2.393e-35 2.403e-35 2.413e-35 2.423e-35 2.433e-35 2.443e-35 2.453e-35
 2.464e-35 2.474e-35 2.485e-35 2.495e-35 2.506e-35 2.517e-35 2.527e-35 2.538e-35
 2.549e-35 2.560e-35 2.571e-35 2.583e-35 2.594e-35 2.605e-35 2.617e-35 2.628e-35
 2.640e-35 2.651e-35 2.663e-35 2.675e-35 2.687e-35 2.699e-35 2.711e-35 2.724e-35
 2.736e-35 2.748e-35 2.761e-35 2.773e-35 2.786e-35 2.799e-35 2.812e-35 2.825e-35
 2.838e-35 2.851e-35 2.865e-35 2.878e-35 2.892e-35 2.905e-35 2.919e-35 2.933e-35
 2.947e-35 2.961e-35 2.975e-35 2.989e-35 3.004e-35 3.018e-35 3.033e-35 3.048e-35
 3.062e-35 3.077e-35 3.093e-35 3.108e-35 3.123e-35 3.139e-35 3.154e-35 3.170e-35
 3.186e-35 3.202e-35 3.218e-35 3.234e-35 3.251e-35 3.267e-35 3.284e-35 3.301e-35
 3.318e-35 3.335e-35 3.352e-35 3.369e-35 3.387e-35 3.405e-35 3.423e-35 3.441e-35
 3.459e-35 3.477e-35 3.495e-35 3.514e-35 3.533e-35 3.552e-35 3.571e-35 3.590e-35
Lz[Wm**3] for tau[ms]=   10.0
 1.166e-49 3.173e-49 8.498e-49 2.235e-48 5.767e-48 1.457e-47 3.598e-47 8.672e-47
 2.037e-46 4.661e-46 1.040e-45 2.263e-45 4.809e-45 9.989e-45 2.029e-44 4.036e-44
 7.866e-44 1.503e-43 2.819e-43 5.193e-43 9.405e-43 1.676e-42 2.940e-42 5.085e-42
 8.673e-42 1.460e-41 2.430e-41 3.998e-41 6.509e-41 1.050e-40 1.678e-40 2.658e-40
 4.173e-40 6.493e-40 1.001e-39 1.530e-39 2.318e-39 3.480e-39 5.177e-39 7.634e-39
 1.116e-38 1.616e-38 2.320e-38 3.302e-38 4.657e-38 6.511e-38 9.028e-38 1.241e-37
 1.693e-37 2.292e-37 3.078e-37 4.101e-37 5.425e-37 7.121e-37 9.278e-37 1.200e-36
 1.539e-36 1.959e-36 2.471e-36 3.089e-36 3.823e-36 4.680e-36 5.657e-36 6.746e-36
 7.925e-36 9.159e-36 1.040e-35 1.160e-35 1.270e-35 1.366e-35 1.443e-35 1.500e-35
 1.536e-35 1.552e-35 1.551e-35 1.536e-35 1.509e-35 1.473e-35 1.431e-35 1.384e-35
 1.335e-35 1.285e-35 1.235e-35 1.186e-35 1.138e-35 1.091e-35 1.047e-35 1.004e-35
 9.630e-36 9.243e-36 8.875e-36 8.527e-36 8.197e-36 7.885e-36 7.590e-36 7.310e-36
 7.046e-36 6.795e-36 6.558e-36 6.333e-36 6.120e-36 5.918e-36 5.726e-36 5.543e-36
 5.369e-36 5.204e-36 5.046e-36 4.896e-36 4.754e-36 4.617e-36 4.487e-36 4.364e-36
 4.245e-36 4.132e-36 4.024e-36 3.921e-36 3.822e-36 3.728e-36 3.637e-36 3.551e-36
 3.468e-36 3.388e-36 3.312e-36 3.239e-36 3.169e-36 3.101e-36 3.036e-36 2.974e-36
 2.914e-36 2.857e-36 2.801e-36 2.748e-36 2.697e-36 2.647e-36 2.600e-36 2.554e-36
 2.509e-36 2.467e-36 2.425e-36 2.386e-36 2.347e-36 2.310e-36 2.274e-36 2.239e-36
 2.206e-36 2.173e-36 2.142e-36 2.112e-36 2.082e-36 2.054e-36 2.026e-36 2.000e-36
 1.974e-36 1.949e-36 1.925e-36 1.902e-36 1.879e-36 1.857e-36 1.836e-36 1.815e-36
 1.795e-36 1.776e-36 1.757e-36 1.739e-36 1.722e-36 1.704e-36 1.688e-36 1.672e-36
 1.656e-36 1.641e-36 1.626e-36 1.612e-36 1.598e-36 1.584e-36 1.571e-36 1.559e-36
 1.546e-36 1.534e-36 1.522e-36 1.511e-36 1.500e-36 1.489e-36 1.478e-36 1.468e-36
 1.458e-36 1.448e-36 1.439e-36 1.430e-36 1.421e-36 1.413e-36 1.405e-36 1.397e-36
 1.389e-36 1.382e-36 1.375e-36 1.368e-36 1.362e-36 1.356e-36 1.351e-36 1.345e-36
 1.340e-36 1.336e-36 1.331e-36 1.327e-36 1.324e-36 1.320e-36 1.317e-36 1.314e-36
 1.311e-36 1.308e-36 1.306e-36 1.304e-36 1.302e-36 1.300e-36 1.298e-36 1.297e-36
 1.296e-36 1.294e-36 1.293e-36 1.292e-36 1.292e-36 1.291e-36 1.290e-36 1.290e-36
 1.290e-36 1.290e-36 1.289e-36 1.289e-36 1.290e-36 1.290e-36 1.290e-36 1.291e-36
 1.292e-36 1.292e-36 1.293e-36 1.294e-36 1.295e-36 1.297e-36 1.298e-36 1.300e-36
 1.301e-36 1.303e-36 1.305e-36 1.307e-36 1.309e-36 1.311e-36 1.313e-36 1.315e-36
 1.317e-36 1.320e-36 1.322e-36 1.325e-36 1.328e-36 1.331e-36 1.334e-36 1.337e-36
 1.340e-36 1.343e-36 1.346e-36 1.350e-36 1.353e-36 1.357e-36 1.360e-36 1.364e-36
 1.368e-36 1.372e-36 1.376e-36 1.380e-36 1.384e-36 1.389e-36 1.393e-36 1.398e-36
 1.402e-36 1.407e-36 1.411e-36 1.416e-36 1.421e-36 1.426e-36 1.431e-36 1.436e-36
 1.441e-36 1.446e-36 1.451e-36 1.456e-36 1.461e-36 1.466e-36 1.471e-36 1.476e-36
 1.482e-36 1.487e-36 1.492e-36 1.498e-36 1.503e-36 1.509e-36 1.514e-36 1.520e-36
 1.525e-36 1.531e-36 1.537e-36 1.542e-36 1.548e-36 1.554e-36 1.560e-36 1.566e-36
 1.572e-36 1.578e-36 1.584e-36 1.590e-36 1.597e-36 1.603e-36 1.610e-36 1.616e-36
 1.623e-36 1.630e-36 1.636e-36 1.643e-36 1.650e-36 1.658e-36 1.665e-36 1.672e-36
 1.680e-36 1.687e-36 1.695e-36 1.703e-36 1.711e-36 1.719e-36 1.727e-36 1.735e-36
 1.743e-36 1.751e-36 1.760e-36 1.768e-36 1.777e-36 1.785e-36 1.794e-36 1.803e-36
 1.812e-36 1.821e-36 1.830e-36 1.839e-36 1.849e-36 1.858e-36 1.868e-36 1.877e-36
 1.887e-36 1.897e-36 1.907e-36 1.917e-36 1.927e-36 1.937e-36 1.947e-36 1.958e-36
 1.968e-36 1.979e-36 1.989e-36 2.000e-36 2.011e-36 2.022e-36 2.033e-36 2.045e-36
 2.056e-36 2.068e-36 2.079e-36 2.091e-36 2.103e-36 2.115e-36 2.127e-36 2.139e-36
 2.152e-36 2.164e-36 2.177e-36 2.190e-36 2.202e-36 2.215e-36 2.229e-36 2.242e-36
 2.255e-36 2.269e-36 2.282e-36 2.296e-36 2.310e-36 2.324e-36 2.338e-36 2.352e-36
 2.367e-36 2.382e-36 2.396e-36 2.411e-36 2.426e-36 2.441e-36 2.457e-36 2.472e-36
 2.488e-36 2.503e-36 2.519e-36 2.535e-36 2.551e-36 2.568e-36 2.584e-36 2.601e-36
 2.618e-36 2.635e-36 2.652e-36 2.669e-36 2.687e-36 2.705e-36 2.722e-36 2.741e-36
 2.759e-36 2.777e-36 2.796e-36 2.815e-36 2.834e-36 2.853e-36 2.872e-36 2.892e-36
 2.912e-36 2.932e-36 2.952e-36 2.973e-36 2.993e-36 3.014e-36 3.035e-36 3.056e-36
 3.078e-36 3.099e-36 3.121e-36 3.143e-36 3.165e-36 3.188e-36 3.210e-36 3.233e-36
 3.257e-36 3.280e-36 3.303e-36 3.327e-36 3.351e-36 3.376e-36 3.400e-36 3.425e-36
 3.450e-36 3.475e-36 3.501e-36 3.527e-36 3.553e-36 3.579e-36 3.606e-36 3.633e-36
 3.660e-36 3.688e-36 3.715e-36 3.743e-36 3.772e-36 3.800e-36 3.829e-36 3.858e-36
 3.888e-36 3.918e-36 3.948e-36 3.978e-36 4.009e-36 4.040e-36 4.071e-36 4.103e-36
 4.135e-36 4.168e-36 4.200e-36 4.233e-36 4.267e-36 4.301e-36 4.335e-36 4.369e-36
 4.404e-36 4.439e-36 4.475e-36 4.511e-36 4.547e-36 4.584e-36 4.621e-36 4.658e-36
 4.696e-36 4.734e-36 4.773e-36 4.812e-36 4.851e-36 4.891e-36 4.932e-36 4.972e-36
 5.014e-36 5.055e-36 5.097e-36 5.140e-36 5.183e-36 5.226e-36 5.270e-36 5.315e-36
 5.359e-36 5.405e-36 5.451e-36 5.497e-36 5.544e-36 5.591e-36 5.639e-36 5.687e-36
 5.736e-36 5.785e-36 5.835e-36 5.886e-36 5.936e-36 5.988e-36 6.040e-36 6.093e-36
 6.146e-36 6.200e-36 6.254e-36 6.309e-36 6.365e-36 6.421e-36 6.477e-36 6.535e-36
 6.593e-36 6.651e-36 6.711e-36 6.771e-36 6.831e-36 6.892e-36 6.954e-36 7.017e-36
 7.080e-36 7.144e-36 7.209e-36 7.274e-36 7.340e-36 7.407e-36 7.474e-36 7.543e-36
 7.612e-36 7.681e-36 7.752e-36 7.823e-36 7.895e-36 7.968e-36 8.042e-36 8.116e-36
 8.192e-36 8.268e-36 8.345e-36 8.423e-36 8.501e-36 8.581e-36 8.661e-36 8.742e-36
 8.825e-36 8.908e-36 8.992e-36 9.077e-36 9.163e-36 9.250e-36 9.337e-36 9.426e-36
 9.516e-36 9.607e-36 9.699e-36 9.791e-36 9.885e-36 9.980e-36 1.008e-35 1.017e-35
 1.027e-35 1.037e-35 1.047e-35 1.057e-35 1.067e-35 1.078e-35 1.088e-35 1.099e-35
 1.110e-35 1.120e-35 1.131e-35 1.142e-35 1.154e-35 1.165e-35 1.176e-35 1.188e-35
 1.200e-35 1.212e-35 1.224e-35 1.236e-35 1.248e-35 1.260e-35 1.273e-35 1.286e-35
 1.298e-35 1.311e-35 1.324e-35 1.338e-35 1.351e-35 1.365e-35 1.378e-35 1.392e-35
Lz[Wm**3] for tau[ms]=  100.0
 1.166e-49 3.173e-49 8.498e-49 2.235e-48 5.767e-48 1.457e-47 3.598e-47 8.672e-47
 2.037e-46 4.661e-46 1.040e-45 2.263e-45 4.809e-45 9.989e-45 2.029e-44 4.037e-44
 7.866e-44 1.503e-43 2.819e-43 5.193e-43 9.405e-43 1.676e-42 2.941e-42 5.085e-42
 8.675e-42 1.461e-41 2.430e-41 3.999e-41 6.512e-41 1.050e-40 1.679e-40 2.660e-40
 4.177e-40 6.500e-40 1.003e-39 1.532e-39 2.322e-39 3.487e-39 5.189e-39 7.655e-39
 1.119e-38 1.622e-38 2.330e-38 3.317e-38 4.682e-38 6.551e-38 9.090e-38 1.251e-37
 1.708e-37 2.314e-37 3.110e-37 4.148e-37 5.490e-37 7.211e-37 9.397e-37 1.215e-36
 1.556e-36 1.976e-36 2.484e-36 3.086e-36 3.785e-36 4.575e-36 5.437e-36 6.344e-36
 7.251e-36 8.109e-36 8.866e-36 9.478e-36 9.917e-36 1.017e-35 1.025e-35 1.017e-35
 9.967e-36 9.665e-36 9.296e-36 8.884e-36 8.449e-36 8.007e-36 7.569e-36 7.143e-36
 6.734e-36 6.346e-36 5.978e-36 5.633e-36 5.310e-36 5.009e-36 4.727e-36 4.466e-36
 4.222e-36 3.996e-36 3.785e-36 3.589e-36 3.406e-36 3.236e-36 3.077e-36 2.928e-36
 2.790e-36 2.661e-36 2.539e-36 2.426e-36 2.320e-36 2.220e-36 2.126e-36 2.038e-36
 1.955e-36 1.877e-36 1.803e-36 1.734e-36 1.668e-36 1.606e-36 1.548e-36 1.492e-36
 1.440e-36 1.391e-36 1.344e-36 1.299e-36 1.257e-36 1.217e-36 1.179e-36 1.143e-36
 1.108e-36 1.075e-36 1.044e-36 1.015e-36 9.864e-37 9.594e-37 9.337e-37 9.091e-37
 8.857e-37 8.633e-37 8.419e-37 8.214e-37 8.018e-37 7.830e-37 7.651e-37 7.479e-37
 7.314e-37 7.156e-37 7.004e-37 6.859e-37 6.719e-37 6.585e-37 6.456e-37 6.332e-37
 6.213e-37 6.099e-37 5.989e-37 5.884e-37 5.782e-37 5.685e-37 5.591e-37 5.500e-37
 5.413e-37 5.329e-37 5.249e-37 5.171e-37 5.096e-37 5.024e-37 4.955e-37 4.888e-37
 4.824e-37 4.762e-37 4.702e-37 4.645e-37 4.589e-37 4.536e-37 4.484e-37 4.435e-37
 4.387e-37 4.341e-37 4.297e-37 4.254e-37 4.213e-37 4.173e-37 4.135e-37 4.098e-37
 4.063e-37 4.029e-37 3.996e-37 3.964e-37 3.934e-37 3.905e-37 3.877e-37 3.850e-37
 3.824e-37 3.799e-37 3.776e-37 3.753e-37 3.731e-37 3.711e-37 3.691e-37 3.673e-37
 3.655e-37 3.639e-37 3.623e-37 3.608e-37 3.595e-37 3.582e-37 3.570e-37 3.559e-37
 3.549e-37 3.540e-37 3.531e-37 3.524e-37 3.517e-37 3.511e-37 3.506e-37 3.501e-37
 3.498e-37 3.494e-37 3.492e-37 3.490e-37 3.489e-37 3.488e-37 3.488e-37 3.489e-37
 3.490e-37 3.492e-37 3.494e-37 3.496e-37 3.500e-37 3.503e-37 3.507e-37 3.512e-37
 3.517e-37 3.523e-37 3.529e-37 3.535e-37 3.542e-37 3.550e-37 3.558e-37 3.566e-37
 3.575e-37 3.584e-37 3.594e-37 3.604e-37 3.615e-37 3.626e-37 3.638e-37 3.650e-37
 3.662e-37 3.675e-37 3.688e-37 3.701e-37 3.715e-37 3.730e-37 3.744e-37 3.759e-37
 3.775e-37 3.791e-37 3.807e-37 3.823e-37 3.840e-37 3.858e-37 3.876e-37 3.894e-37
 3.912e-37 3.931e-37 3.951e-37 3.970e-37 3.991e-37 4.011e-37 4.033e-37 4.054e-37
 4.076e-37 4.099e-37 4.122e-37 4.146e-37 4.169e-37 4.194e-37 4.219e-37 4.244e-37
 4.270e-37 4.296e-37 4.323e-37 4.350e-37 4.377e-37 4.405e-37 4.433e-37 4.462e-37
 4.491e-37 4.521e-37 4.551e-37 4.581e-37 4.612e-37 4.643e-37 4.674e-37 4.706e-37
 4.739e-37 4.772e-37 4.805e-37 4.839e-37 4.873e-37 4.908e-37 4.943e-37 4.979e-37
 5.015e-37 5.051e-37 5.088e-37 5.126e-37 5.164e-37 5.202e-37 5.242e-37 5.281e-37
 5.321e-37 5.362e-37 5.404e-37 5.445e-37 5.488e-37 5.531e-37 5.575e-37 5.619e-37
 5.664e-37 5.710e-37 5.756e-37 5.803e-37 5.851e-37 5.900e-37 5.949e-37 5.998e-37
 6.049e-37 6.100e-37 6.152e-37 6.204e-37 6.258e-37 6.311e-37 6.366e-37 6.421e-37
 6.477e-37 6.534e-37 6.591e-37 6.649e-37 6.708e-37 6.767e-37 6.827e-37 6.888e-37
 6.950e-37 7.012e-37 7.075e-37 7.139e-37 7.203e-37 7.268e-37 7.334e-37 7.401e-37
 7.469e-37 7.537e-37 7.606e-37 7.676e-37 7.747e-37 7.818e-37 7.891e-37 7.964e-37
 8.039e-37 8.114e-37 8.190e-37 8.267e-37 8.345e-37 8.424e-37 8.504e-37 8.585e-37
 8.667e-37 8.750e-37 8.835e-37 8.920e-37 9.006e-37 9.094e-37 9.182e-37 9.272e-37
 9.362e-37 9.454e-37 9.547e-37 9.641e-37 9.736e-37 9.833e-37 9.930e-37 1.003e-36
 1.013e-36 1.023e-36 1.033e-36 1.044e-36 1.054e-36 1.065e-36 1.075e-36 1.086e-36
 1.097e-36 1.108e-36 1.119e-36 1.131e-36 1.142e-36 1.154e-36 1.166e-36 1.177e-36
 1.189e-36 1.202e-36 1.214e-36 1.226e-36 1.239e-36 1.252e-36 1.265e-36 1.278e-36
 1.291e-36 1.304e-36 1.318e-36 1.332e-36 1.346e-36 1.360e-36 1.374e-36 1.388e-36
 1.403e-36 1.417e-36 1.432e-36 1.448e-36 1.463e-36 1.478e-36 1.494e-36 1.510e-36
 1.526e-36 1.542e-36 1.559e-36 1.575e-36 1.592e-36 1.609e-36 1.627e-36 1.644e-36
 1.662e-36 1.680e-36 1.698e-36 1.716e-36 1.735e-36 1.753e-36 1.772e-36 1.792e-36
 1.811e-36 1.831e-36 1.851e-36 1.871e-36 1.891e-36 1.912e-36 1.933e-36 1.954e-36
 1.975e-36 1.997e-36 2.018e-36 2.040e-36 2.063e-36 2.085e-36 2.108e-36 2.131e-36
 2.155e-36 2.178e-36 2.202e-36 2.226e-36 2.251e-36 2.275e-36 2.301e-36 2.326e-36
 2.351e-36 2.377e-36 2.404e-36 2.430e-36 2.457e-36 2.484e-36 2.511e-36 2.539e-36
 2.567e-36 2.596e-36 2.624e-36 2.653e-36 2.683e-36 2.712e-36 2.742e-36 2.773e-36
 2.804e-36 2.835e-36 2.866e-36 2.898e-36 2.930e-36 2.963e-36 2.996e-36 3.029e-36
 3.063e-36 3.097e-36 3.131e-36 3.166e-36 3.202e-36 3.237e-36 3.273e-36 3.310e-36
 3.347e-36 3.384e-36 3.422e-36 3.460e-36 3.499e-36 3.538e-36 3.578e-36 3.618e-36
 3.658e-36 3.699e-36 3.741e-36 3.783e-36 3.825e-36 3.868e-36 3.912e-36 3.955e-36
 4.000e-36 4.045e-36 4.090e-36 4.136e-36 4.183e-36 4.230e-36 4.277e-36 4.326e-36
 4.374e-36 4.424e-36 4.473e-36 4.524e-36 4.575e-36 4.626e-36 4.679e-36 4.731e-36
 4.785e-36 4.839e-36 4.894e-36 4.949e-36 5.005e-36 5.061e-36 5.119e-36 5.177e-36
 5.235e-36 5.294e-36 5.354e-36 5.415e-36 5.476e-36 5.538e-36 5.601e-36 5.665e-36
 5.729e-36 5.794e-36 5.860e-36 5.926e-36 5.993e-36 6.061e-36 6.130e-36 6.200e-36
 6.270e-36 6.342e-36 6.414e-36 6.487e-36 6.560e-36 6.635e-36 6.710e-36 6.787e-36
 6.864e-36 6.942e-36 7.021e-36 7.101e-36 7.182e-36 7.264e-36 7.347e-36 7.431e-36
 7.515e-36 7.601e-36 7.688e-36 7.775e-36 7.864e-36 7.954e-36 8.045e-36 8.137e-36
 8.230e-36 8.324e-36 8.419e-36 8.515e-36 8.612e-36 8.711e-36 8.810e-36 8.911e-36
 9.013e-36 9.116e-36 9.220e-36 9.326e-36 9.433e-36 9.541e-36 9.650e-36 9.760e-36
 9.872e-36 9.985e-36 1.010e-35 1.022e-35 1.033e-35 1.045e-35 1.057e-35 1.069e-35
 1.081e-35 1.094e-35 1.106e-35 1.119e-35 1.132e-35 1.145e-35 1.158e-35 1.171e-35
Lz[Wm**3] for tau[ms]= 1000.0
 1.166e-49 3.173e-49 8.498e-49 2.235e-48 5.767e-48 1.457e-47 3.598e-47 8.672e-47
 2.037e-46 4.661e-46 1.040e-45 2.263e-45 4.809e-45 9.989e-45 2.029e-44 4.037e-44
 7.866e-44 1.503e-43 2.819e-43 5.193e-43 9.405e-43 1.676e-42 2.941e-42 5.085e-42
 8.675e-42 1.461e-41 2.431e-41 3.999e-41 6.512e-41 1.050e-40 1.679e-40 2.660e-40
 4.177e-40 6.501e-40 1.003e-39 1.533e-39 2.322e-39 3.487e-39 5.191e-39 7.657e-39
 1.120e-38 1.623e-38 2.331e-38 3.319e-38 4.685e-38 6.556e-38 9.098e-38 1.252e-37
 1.710e-37 2.317e-37 3.114e-37 4.155e-37 5.500e-37 7.225e-37 9.415e-37 1.217e-36
 1.559e-36 1.979e-36 2.486e-36 3.085e-36 3.779e-36 4.557e-36 5.402e-36 6.278e-36
 7.143e-36 7.944e-36 8.631e-36 9.164e-36 9.519e-36 9.692e-36 9.696e-36 9.555e-36
 9.300e-36 8.962e-36 8.569e-36 8.144e-36 7.706e-36 7.268e-36 6.839e-36 6.427e-36
 6.034e-36 5.663e-36 5.314e-36 4.989e-36 4.685e-36 4.403e-36 4.141e-36 3.898e-36
 3.673e-36 3.464e-36 3.270e-36 3.089e-36 2.922e-36 2.767e-36 2.622e-36 2.488e-36
 2.362e-36 2.245e-36 2.136e-36 2.034e-36 1.938e-36 1.849e-36 1.765e-36 1.687e-36
 1.613e-36 1.543e-36 1.478e-36 1.417e-36 1.359e-36 1.305e-36 1.253e-36 1.205e-36
 1.159e-36 1.116e-36 1.075e-36 1.037e-36 1.000e-36 9.656e-37 9.328e-37 9.017e-37
 8.721e-37 8.441e-37 8.175e-37 7.922e-37 7.681e-37 7.452e-37 7.234e-37 7.026e-37
 6.828e-37 6.639e-37 6.459e-37 6.287e-37 6.123e-37 5.966e-37 5.816e-37 5.673e-37
 5.536e-37 5.404e-37 5.279e-37 5.159e-37 5.043e-37 4.933e-37 4.827e-37 4.726e-37
 4.629e-37 4.536e-37 4.446e-37 4.360e-37 4.278e-37 4.199e-37 4.123e-37 4.050e-37
 3.980e-37 3.913e-37 3.848e-37 3.786e-37 3.727e-37 3.669e-37 3.614e-37 3.562e-37
 3.511e-37 3.462e-37 3.415e-37 3.370e-37 3.326e-37 3.285e-37 3.245e-37 3.206e-37
 3.169e-37 3.134e-37 3.100e-37 3.067e-37 3.036e-37 3.006e-37 2.977e-37 2.949e-37
 2.923e-37 2.897e-37 2.873e-37 2.850e-37 2.828e-37 2.806e-37 2.786e-37 2.767e-37
 2.748e-37 2.731e-37 2.714e-37 2.698e-37 2.683e-37 2.669e-37 2.656e-37 2.643e-37
 2.632e-37 2.621e-37 2.610e-37 2.601e-37 2.592e-37 2.584e-37 2.576e-37 2.570e-37
 2.563e-37 2.558e-37 2.553e-37 2.549e-37 2.545e-37 2.542e-37 2.540e-37 2.538e-37
 2.536e-37 2.535e-37 2.535e-37 2.535e-37 2.536e-37 2.537e-37 2.539e-37 2.541e-37
 2.543e-37 2.546e-37 2.550e-37 2.554e-37 2.558e-37 2.563e-37 2.568e-37 2.573e-37
 2.579e-37 2.586e-37 2.592e-37 2.599e-37 2.607e-37 2.615e-37 2.623e-37 2.632e-37
 2.641e-37 2.650e-37 2.660e-37 2.671e-37 2.681e-37 2.692e-37 2.703e-37 2.715e-37
 2.727e-37 2.739e-37 2.752e-37 2.765e-37 2.778e-37 2.792e-37 2.806e-37 2.820e-37
 2.835e-37 2.850e-37 2.865e-37 2.881e-37 2.897e-37 2.913e-37 2.929e-37 2.946e-37
 2.964e-37 2.981e-37 2.999e-37 3.018e-37 3.037e-37 3.056e-37 3.076e-37 3.096e-37
 3.116e-37 3.137e-37 3.158e-37 3.180e-37 3.202e-37 3.225e-37 3.248e-37 3.271e-37
 3.295e-37 3.319e-37 3.344e-37 3.369e-37 3.394e-37 3.420e-37 3.446e-37 3.473e-37
 3.500e-37 3.527e-37 3.555e-37 3.583e-37 3.612e-37 3.641e-37 3.671e-37 3.701e-37
 3.731e-37 3.762e-37 3.793e-37 3.825e-37 3.857e-37 3.890e-37 3.923e-37 3.957e-37
 3.991e-37 4.025e-37 4.060e-37 4.096e-37 4.132e-37 4.169e-37 4.206e-37 4.243e-37
 4.282e-37 4.320e-37 4.360e-37 4.400e-37 4.440e-37 4.481e-37 4.523e-37 4.565e-37
 4.608e-37 4.651e-37 4.696e-37 4.740e-37 4.786e-37 4.832e-37 4.879e-37 4.926e-37
 4.974e-37 5.023e-37 5.072e-37 5.122e-37 5.173e-37 5.224e-37 5.276e-37 5.329e-37
 5.382e-37 5.436e-37 5.490e-37 5.546e-37 5.602e-37 5.658e-37 5.716e-37 5.774e-37
 5.832e-37 5.892e-37 5.952e-37 6.013e-37 6.075e-37 6.137e-37 6.200e-37 6.264e-37
 6.328e-37 6.394e-37 6.460e-37 6.527e-37 6.595e-37 6.663e-37 6.733e-37 6.803e-37
 6.874e-37 6.946e-37 7.019e-37 7.093e-37 7.168e-37 7.244e-37 7.321e-37 7.399e-37
 7.478e-37 7.558e-37 7.639e-37 7.721e-37 7.804e-37 7.888e-37 7.973e-37 8.059e-37
 8.147e-37 8.235e-37 8.325e-37 8.416e-37 8.508e-37 8.600e-37 8.695e-37 8.790e-37
 8.886e-37 8.984e-37 9.083e-37 9.183e-37 9.284e-37 9.386e-37 9.490e-37 9.595e-37
 9.701e-37 9.808e-37 9.917e-37 1.003e-36 1.014e-36 1.025e-36 1.036e-36 1.048e-36
 1.060e-36 1.071e-36 1.083e-36 1.096e-36 1.108e-36 1.120e-36 1.133e-36 1.145e-36
 1.158e-36 1.171e-36 1.185e-36 1.198e-36 1.211e-36 1.225e-36 1.239e-36 1.253e-36
 1.267e-36 1.281e-36 1.296e-36 1.311e-36 1.326e-36 1.341e-36 1.356e-36 1.372e-36
 1.387e-36 1.403e-36 1.419e-36 1.436e-36 1.452e-36 1.469e-36 1.486e-36 1.503e-36
 1.520e-36 1.538e-36 1.555e-36 1.573e-36 1.592e-36 1.610e-36 1.629e-36 1.647e-36
 1.667e-36 1.686e-36 1.705e-36 1.725e-36 1.745e-36 1.765e-36 1.786e-36 1.807e-36
 1.827e-36 1.849e-36 1.870e-36 1.892e-36 1.914e-36 1.936e-36 1.958e-36 1.981e-36
 2.004e-36 2.027e-36 2.051e-36 2.075e-36 2.099e-36 2.123e-36 2.148e-36 2.173e-36
 2.198e-36 2.223e-36 2.249e-36 2.275e-36 2.302e-36 2.328e-36 2.355e-36 2.383e-36
 2.410e-36 2.438e-36 2.467e-36 2.495e-36 2.524e-36 2.554e-36 2.583e-36 2.613e-36
 2.644e-36 2.674e-36 2.705e-36 2.737e-36 2.769e-36 2.801e-36 2.833e-36 2.866e-36
 2.899e-36 2.933e-36 2.967e-36 3.002e-36 3.037e-36 3.072e-36 3.108e-36 3.144e-36
 3.180e-36 3.217e-36 3.255e-36 3.292e-36 3.331e-36 3.369e-36 3.409e-36 3.448e-36
 3.488e-36 3.529e-36 3.570e-36 3.611e-36 3.653e-36 3.696e-36 3.739e-36 3.782e-36
 3.826e-36 3.871e-36 3.916e-36 3.961e-36 4.007e-36 4.054e-36 4.101e-36 4.149e-36
 4.197e-36 4.246e-36 4.295e-36 4.345e-36 4.396e-36 4.447e-36 4.499e-36 4.551e-36
 4.604e-36 4.658e-36 4.712e-36 4.767e-36 4.822e-36 4.878e-36 4.935e-36 4.992e-36
 5.051e-36 5.109e-36 5.169e-36 5.229e-36 5.290e-36 5.351e-36 5.414e-36 5.477e-36
 5.541e-36 5.605e-36 5.670e-36 5.736e-36 5.803e-36 5.871e-36 5.939e-36 6.008e-36
 6.078e-36 6.149e-36 6.220e-36 6.293e-36 6.366e-36 6.440e-36 6.515e-36 6.591e-36
 6.668e-36 6.746e-36 6.824e-36 6.904e-36 6.984e-36 7.065e-36 7.148e-36 7.231e-36
 7.315e-36 7.400e-36 7.487e-36 7.574e-36 7.662e-36 7.751e-36 7.842e-36 7.933e-36
 8.025e-36 8.119e-36 8.213e-36 8.309e-36 8.406e-36 8.504e-36 8.603e-36 8.703e-36
 8.805e-36 8.907e-36 9.011e-36 9.116e-36 9.222e-36 9.330e-36 9.438e-36 9.548e-36
 9.660e-36 9.772e-36 9.886e-36 1.000e-35 1.012e-35 1.024e-35 1.036e-35 1.048e-35
 1.060e-35 1.072e-35 1.085e-35 1.097e-35 1.110e-35 1.123e-35 1.136e-35 1.149e-35
Lz[Wm**3] in equilibrium - infinite confinement
 1.000e-42 1.000e-42 1.000e-42 1.000e-42 1.000e-42 1.000e-42 1.000e-42 1.000e-42
 1.000e-42 1.000e-42 1.000e-42 1.000e-42 1.000e-42 1.000e-42 1.000e-42 1.000e-42
 1.000e-42 1.000e-42 1.000e-42 1.000e-42 1.000e-42 1.676e-42 2.941e-42 5.085e-42
 8.675e-42 1.461e-41 2.431e-41 3.999e-41 6.512e-41 1.050e-40 1.679e-40 2.660e-40
 4.177e-40 6.501e-40 1.003e-39 1.533e-39 2.322e-39 3.487e-39 5.191e-39 7.658e-39
 1.120e-38 1.623e-38 2.331e-38 3.319e-38 4.685e-38 6.557e-38 9.099e-38 1.253e-37
 1.710e-37 2.317e-37 3.115e-37 4.155e-37 5.501e-37 7.226e-37 9.417e-37 1.217e-36
 1.559e-36 1.979e-36 2.486e-36 3.085e-36 3.778e-36 4.555e-36 5.397e-36 6.270e-36
 7.130e-36 7.925e-36 8.604e-36 9.128e-36 9.473e-36 9.637e-36 9.632e-36 9.484e-36
 9.224e-36 8.882e-36 8.487e-36 8.061e-36 7.623e-36 7.185e-36 6.758e-36 6.347e-36
 5.955e-36 5.586e-36 5.240e-36 4.917e-36 4.615e-36 4.336e-36 4.076e-36 3.835e-36
 3.611e-36 3.404e-36 3.212e-36 3.034e-36 2.868e-36 2.715e-36 2.572e-36 2.439e-36
 2.315e-36 2.199e-36 2.091e-36 1.990e-36 1.896e-36 1.808e-36 1.725e-36 1.648e-36
 1.575e-36 1.506e-36 1.442e-36 1.382e-36 1.325e-36 1.271e-36 1.221e-36 1.173e-36
 1.128e-36 1.086e-36 1.046e-36 1.008e-36 9.717e-37 9.377e-37 9.054e-37 8.749e-37
 8.459e-37 8.184e-37 7.923e-37 7.674e-37 7.438e-37 7.214e-37 7.000e-37 6.796e-37
 6.602e-37 6.417e-37 6.241e-37 6.073e-37 5.912e-37 5.759e-37 5.612e-37 5.472e-37
 5.338e-37 5.210e-37 5.087e-37 4.970e-37 4.857e-37 4.750e-37 4.646e-37 4.547e-37
 4.453e-37 4.362e-37 4.275e-37 4.191e-37 4.111e-37 4.034e-37 3.960e-37 3.889e-37
 3.821e-37 3.756e-37 3.693e-37 3.632e-37 3.575e-37 3.519e-37 3.465e-37 3.414e-37
 3.365e-37 3.317e-37 3.272e-37 3.228e-37 3.186e-37 3.146e-37 3.107e-37 3.070e-37
 3.034e-37 3.000e-37 2.967e-37 2.935e-37 2.905e-37 2.876e-37 2.848e-37 2.822e-37
 2.796e-37 2.772e-37 2.748e-37 2.726e-37 2.705e-37 2.684e-37 2.665e-37 2.646e-37
 2.629e-37 2.612e-37 2.596e-37 2.581e-37 2.567e-37 2.554e-37 2.541e-37 2.529e-37
 2.518e-37 2.507e-37 2.498e-37 2.489e-37 2.480e-37 2.473e-37 2.466e-37 2.460e-37
 2.454e-37 2.449e-37 2.444e-37 2.441e-37 2.437e-37 2.435e-37 2.432e-37 2.431e-37
 2.430e-37 2.429e-37 2.429e-37 2.429e-37 2.430e-37 2.431e-37 2.433e-37 2.435e-37
 2.438e-37 2.441e-37 2.445e-37 2.449e-37 2.453e-37 2.458e-37 2.463e-37 2.469e-37
 2.475e-37 2.481e-37 2.488e-37 2.495e-37 2.503e-37 2.511e-37 2.519e-37 2.528e-37
 2.537e-37 2.547e-37 2.557e-37 2.567e-37 2.577e-37 2.588e-37 2.600e-37 2.611e-37
 2.623e-37 2.635e-37 2.648e-37 2.661e-37 2.674e-37 2.688e-37 2.702e-37 2.716e-37
 2.730e-37 2.745e-37 2.760e-37 2.776e-37 2.792e-37 2.808e-37 2.824e-37 2.841e-37
 2.858e-37 2.876e-37 2.894e-37 2.912e-37 2.931e-37 2.950e-37 2.969e-37 2.989e-37
 3.009e-37 3.030e-37 3.051e-37 3.073e-37 3.094e-37 3.117e-37 3.140e-37 3.163e-37
 3.186e-37 3.210e-37 3.235e-37 3.260e-37 3.285e-37 3.310e-37 3.336e-37 3.363e-37
 3.390e-37 3.417e-37 3.444e-37 3.472e-37 3.501e-37 3.530e-37 3.559e-37 3.589e-37
 3.619e-37 3.650e-37 3.681e-37 3.712e-37 3.744e-37 3.777e-37 3.810e-37 3.843e-37
 3.877e-37 3.911e-37 3.946e-37 3.982e-37 4.017e-37 4.054e-37 4.091e-37 4.128e-37
 4.166e-37 4.205e-37 4.244e-37 4.283e-37 4.324e-37 4.365e-37 4.406e-37 4.448e-37
 4.491e-37 4.534e-37 4.578e-37 4.622e-37 4.667e-37 4.713e-37 4.760e-37 4.807e-37
 4.855e-37 4.903e-37 4.952e-37 5.002e-37 5.052e-37 5.103e-37 5.155e-37 5.207e-37
 5.260e-37 5.314e-37 5.368e-37 5.423e-37 5.479e-37 5.535e-37 5.592e-37 5.650e-37
 5.708e-37 5.767e-37 5.827e-37 5.888e-37 5.949e-37 6.011e-37 6.074e-37 6.138e-37
 6.202e-37 6.267e-37 6.333e-37 6.399e-37 6.467e-37 6.535e-37 6.604e-37 6.674e-37
 6.745e-37 6.817e-37 6.889e-37 6.963e-37 7.038e-37 7.113e-37 7.190e-37 7.267e-37
 7.346e-37 7.425e-37 7.506e-37 7.587e-37 7.670e-37 7.754e-37 7.839e-37 7.925e-37
 8.012e-37 8.100e-37 8.189e-37 8.280e-37 8.371e-37 8.464e-37 8.557e-37 8.652e-37
 8.748e-37 8.845e-37 8.944e-37 9.043e-37 9.144e-37 9.246e-37 9.349e-37 9.454e-37
 9.560e-37 9.667e-37 9.775e-37 9.885e-37 9.995e-37 1.011e-36 1.022e-36 1.034e-36
 1.045e-36 1.057e-36 1.069e-36 1.081e-36 1.093e-36 1.106e-36 1.118e-36 1.131e-36
 1.144e-36 1.157e-36 1.170e-36 1.183e-36 1.196e-36 1.210e-36 1.224e-36 1.238e-36
 1.252e-36 1.266e-36 1.281e-36 1.296e-36 1.310e-36 1.326e-36 1.341e-36 1.356e-36
 1.372e-36 1.388e-36 1.404e-36 1.420e-36 1.437e-36 1.453e-36 1.470e-36 1.487e-36
 1.504e-36 1.522e-36 1.540e-36 1.558e-36 1.576e-36 1.594e-36 1.613e-36 1.631e-36
 1.650e-36 1.670e-36 1.689e-36 1.709e-36 1.729e-36 1.749e-36 1.769e-36 1.790e-36
 1.811e-36 1.832e-36 1.854e-36 1.875e-36 1.897e-36 1.919e-36 1.942e-36 1.964e-36
 1.987e-36 2.011e-36 2.034e-36 2.058e-36 2.082e-36 2.106e-36 2.131e-36 2.156e-36
 2.181e-36 2.206e-36 2.232e-36 2.258e-36 2.284e-36 2.311e-36 2.338e-36 2.365e-36
 2.393e-36 2.421e-36 2.449e-36 2.478e-36 2.507e-36 2.536e-36 2.565e-36 2.595e-36
 2.626e-36 2.656e-36 2.687e-36 2.719e-36 2.751e-36 2.783e-36 2.815e-36 2.848e-36
 2.881e-36 2.915e-36 2.949e-36 2.983e-36 3.018e-36 3.053e-36 3.089e-36 3.125e-36
 3.162e-36 3.199e-36 3.236e-36 3.274e-36 3.312e-36 3.351e-36 3.390e-36 3.429e-36
 3.469e-36 3.510e-36 3.551e-36 3.592e-36 3.634e-36 3.677e-36 3.720e-36 3.763e-36
 3.807e-36 3.851e-36 3.896e-36 3.942e-36 3.988e-36 4.034e-36 4.082e-36 4.129e-36
 4.177e-36 4.226e-36 4.276e-36 4.325e-36 4.376e-36 4.427e-36 4.479e-36 4.531e-36
 4.584e-36 4.638e-36 4.692e-36 4.746e-36 4.802e-36 4.858e-36 4.915e-36 4.972e-36
 5.030e-36 5.089e-36 5.148e-36 5.208e-36 5.269e-36 5.331e-36 5.393e-36 5.456e-36
 5.520e-36 5.584e-36 5.649e-36 5.715e-36 5.782e-36 5.849e-36 5.918e-36 5.987e-36
 6.057e-36 6.127e-36 6.199e-36 6.271e-36 6.345e-36 6.419e-36 6.494e-36 6.569e-36
 6.646e-36 6.724e-36 6.802e-36 6.882e-36 6.962e-36 7.043e-36 7.126e-36 7.209e-36
 7.293e-36 7.378e-36 7.464e-36 7.551e-36 7.640e-36 7.729e-36 7.819e-36 7.910e-36
 8.003e-36 8.096e-36 8.191e-36 8.286e-36 8.383e-36 8.481e-36 8.580e-36 8.680e-36
 8.781e-36 8.884e-36 8.988e-36 9.093e-36 9.199e-36 9.306e-36 9.415e-36 9.525e-36
 9.636e-36 9.748e-36 9.862e-36 9.977e-36 1.009e-35 1.021e-35 1.033e-35 1.045e-35
 1.057e-35 1.070e-35 1.082e-35 1.095e-35 1.108e-35 1.121e-35 1.134e-35 1.147e-35
C-------------------------------------------------------------------------------
C
C  The fractional abundance and radiated power were generated from the
C  ADAS installation at UKAEA with the named adf11 files. The adf11 data
C  files may be updated in a later release of ADAS and publicly
C  available versions may be found at https://open.adas.ac.uk/.
C
C  The equilibrium balance data was produced with run_adas405.py and
C  the balance with a confinement time with adas4xx_ionbal_tau.py
C  which are functions from the ADAS library. Details on these codes
C  may be found at: https://www.adas.ac.uk/python_lib/index.html
C
C  Copyright (C) 2023 UK Atomic Energy Authority
C
C  This file was generated for use in the UKAEA systems code PROCESS
C  using a script written by Martin O'Mullane.
C  If acquired without provenance a user is strongly advised
C  to check its validity by re-generating using the adf11 files from
C  the OPEN-ADAS site.
C
C  Produced by : Timothy Nunn
C  Date        : 29-07-26
C
C-------------------------------------------------------------------------------
