Radiated power per atom (W m3) as a function dwell time.
Temperature :      0.2 - 500000.0 eV
Density     : 1.00e+20 m-3
   600     5  # Te values, dwell time

Source data:
acd : /home/adas/adas/adf11/acd96/acd96_he.dat
scd : /home/adas/adas/adf11/scd96/scd96_he.dat
plt : /home/adas/adas/adf11/plt96/plt96_he.dat
prb : /home/adas/adas/adf11/prb96/prb96_he.dat

Te[eV]
 2.500e-01 2.561e-01 2.624e-01 2.688e-01 2.754e-01 2.822e-01 2.891e-01 2.962e-01
 3.035e-01 3.109e-01 3.185e-01 3.263e-01 3.343e-01 3.425e-01 3.509e-01 3.595e-01
 3.683e-01 3.774e-01 3.866e-01 3.961e-01 4.058e-01 4.158e-01 4.260e-01 4.364e-01
 4.471e-01 4.581e-01 4.693e-01 4.808e-01 4.926e-01 5.047e-01 5.170e-01 5.297e-01
 5.427e-01 5.560e-01 5.696e-01 5.836e-01 5.979e-01 6.126e-01 6.276e-01 6.430e-01
 6.587e-01 6.749e-01 6.914e-01 7.084e-01 7.257e-01 7.435e-01 7.618e-01 7.804e-01
 7.996e-01 8.192e-01 8.393e-01 8.598e-01 8.809e-01 9.025e-01 9.247e-01 9.473e-01
 9.706e-01 9.943e-01 1.019e+00 1.044e+00 1.069e+00 1.096e+00 1.122e+00 1.150e+00
 1.178e+00 1.207e+00 1.237e+00 1.267e+00 1.298e+00 1.330e+00 1.362e+00 1.396e+00
 1.430e+00 1.465e+00 1.501e+00 1.538e+00 1.575e+00 1.614e+00 1.654e+00 1.694e+00
 1.736e+00 1.778e+00 1.822e+00 1.867e+00 1.912e+00 1.959e+00 2.007e+00 2.056e+00
 2.107e+00 2.159e+00 2.211e+00 2.266e+00 2.321e+00 2.378e+00 2.436e+00 2.496e+00
 2.557e+00 2.620e+00 2.684e+00 2.750e+00 2.818e+00 2.887e+00 2.957e+00 3.030e+00
 3.104e+00 3.180e+00 3.258e+00 3.338e+00 3.420e+00 3.504e+00 3.590e+00 3.678e+00
 3.768e+00 3.860e+00 3.955e+00 4.052e+00 4.151e+00 4.253e+00 4.357e+00 4.464e+00
 4.574e+00 4.686e+00 4.801e+00 4.918e+00 5.039e+00 5.162e+00 5.289e+00 5.419e+00
 5.551e+00 5.688e+00 5.827e+00 5.970e+00 6.116e+00 6.266e+00 6.420e+00 6.577e+00
 6.738e+00 6.904e+00 7.073e+00 7.246e+00 7.424e+00 7.606e+00 7.792e+00 7.983e+00
 8.179e+00 8.380e+00 8.585e+00 8.796e+00 9.011e+00 9.232e+00 9.459e+00 9.691e+00
 9.928e+00 1.017e+01 1.042e+01 1.068e+01 1.094e+01 1.121e+01 1.148e+01 1.176e+01
 1.205e+01 1.235e+01 1.265e+01 1.296e+01 1.328e+01 1.360e+01 1.394e+01 1.428e+01
 1.463e+01 1.499e+01 1.535e+01 1.573e+01 1.612e+01 1.651e+01 1.692e+01 1.733e+01
 1.776e+01 1.819e+01 1.864e+01 1.909e+01 1.956e+01 2.004e+01 2.053e+01 2.104e+01
 2.155e+01 2.208e+01 2.262e+01 2.318e+01 2.374e+01 2.433e+01 2.492e+01 2.553e+01
 2.616e+01 2.680e+01 2.746e+01 2.813e+01 2.882e+01 2.953e+01 3.025e+01 3.099e+01
 3.175e+01 3.253e+01 3.333e+01 3.415e+01 3.498e+01 3.584e+01 3.672e+01 3.762e+01
 3.854e+01 3.949e+01 4.046e+01 4.145e+01 4.246e+01 4.351e+01 4.457e+01 4.566e+01
 4.678e+01 4.793e+01 4.911e+01 5.031e+01 5.154e+01 5.281e+01 5.410e+01 5.543e+01
 5.679e+01 5.818e+01 5.961e+01 6.107e+01 6.256e+01 6.410e+01 6.567e+01 6.728e+01
 6.893e+01 7.062e+01 7.235e+01 7.412e+01 7.594e+01 7.780e+01 7.971e+01 8.167e+01
 8.367e+01 8.572e+01 8.782e+01 8.997e+01 9.218e+01 9.444e+01 9.676e+01 9.913e+01
 1.016e+02 1.040e+02 1.066e+02 1.092e+02 1.119e+02 1.146e+02 1.174e+02 1.203e+02
 1.233e+02 1.263e+02 1.294e+02 1.326e+02 1.358e+02 1.391e+02 1.426e+02 1.461e+02
 1.496e+02 1.533e+02 1.571e+02 1.609e+02 1.649e+02 1.689e+02 1.730e+02 1.773e+02
 1.816e+02 1.861e+02 1.906e+02 1.953e+02 2.001e+02 2.050e+02 2.100e+02 2.152e+02
 2.205e+02 2.259e+02 2.314e+02 2.371e+02 2.429e+02 2.488e+02 2.549e+02 2.612e+02
 2.676e+02 2.742e+02 2.809e+02 2.878e+02 2.948e+02 3.021e+02 3.095e+02 3.170e+02
 3.248e+02 3.328e+02 3.409e+02 3.493e+02 3.579e+02 3.666e+02 3.756e+02 3.848e+02
 3.943e+02 4.039e+02 4.138e+02 4.240e+02 4.344e+02 4.450e+02 4.559e+02 4.671e+02
 4.786e+02 4.903e+02 5.023e+02 5.146e+02 5.273e+02 5.402e+02 5.534e+02 5.670e+02
 5.809e+02 5.951e+02 6.097e+02 6.247e+02 6.400e+02 6.557e+02 6.718e+02 6.882e+02
 7.051e+02 7.224e+02 7.401e+02 7.582e+02 7.768e+02 7.959e+02 8.154e+02 8.354e+02
 8.559e+02 8.769e+02 8.984e+02 9.204e+02 9.429e+02 9.661e+02 9.897e+02 1.014e+03
 1.039e+03 1.064e+03 1.090e+03 1.117e+03 1.145e+03 1.173e+03 1.201e+03 1.231e+03
 1.261e+03 1.292e+03 1.324e+03 1.356e+03 1.389e+03 1.423e+03 1.458e+03 1.494e+03
 1.531e+03 1.568e+03 1.607e+03 1.646e+03 1.686e+03 1.728e+03 1.770e+03 1.813e+03
 1.858e+03 1.903e+03 1.950e+03 1.998e+03 2.047e+03 2.097e+03 2.149e+03 2.201e+03
 2.255e+03 2.310e+03 2.367e+03 2.425e+03 2.485e+03 2.546e+03 2.608e+03 2.672e+03
 2.737e+03 2.804e+03 2.873e+03 2.944e+03 3.016e+03 3.090e+03 3.166e+03 3.243e+03
 3.323e+03 3.404e+03 3.488e+03 3.573e+03 3.661e+03 3.750e+03 3.842e+03 3.937e+03
 4.033e+03 4.132e+03 4.233e+03 4.337e+03 4.443e+03 4.552e+03 4.664e+03 4.778e+03
 4.895e+03 5.015e+03 5.138e+03 5.264e+03 5.393e+03 5.526e+03 5.661e+03 5.800e+03
 5.942e+03 6.088e+03 6.237e+03 6.390e+03 6.547e+03 6.707e+03 6.872e+03 7.040e+03
 7.213e+03 7.390e+03 7.571e+03 7.756e+03 7.947e+03 8.141e+03 8.341e+03 8.545e+03
 8.755e+03 8.970e+03 9.190e+03 9.415e+03 9.646e+03 9.882e+03 1.012e+04 1.037e+04
 1.063e+04 1.089e+04 1.115e+04 1.143e+04 1.171e+04 1.200e+04 1.229e+04 1.259e+04
 1.290e+04 1.322e+04 1.354e+04 1.387e+04 1.421e+04 1.456e+04 1.492e+04 1.528e+04
 1.566e+04 1.604e+04 1.643e+04 1.684e+04 1.725e+04 1.767e+04 1.811e+04 1.855e+04
 1.901e+04 1.947e+04 1.995e+04 2.044e+04 2.094e+04 2.145e+04 2.198e+04 2.252e+04
 2.307e+04 2.363e+04 2.421e+04 2.481e+04 2.542e+04 2.604e+04 2.668e+04 2.733e+04
 2.800e+04 2.869e+04 2.939e+04 3.011e+04 3.085e+04 3.161e+04 3.238e+04 3.318e+04
 3.399e+04 3.482e+04 3.568e+04 3.655e+04 3.745e+04 3.836e+04 3.931e+04 4.027e+04
 4.126e+04 4.227e+04 4.330e+04 4.437e+04 4.545e+04 4.657e+04 4.771e+04 4.888e+04
 5.008e+04 5.131e+04 5.256e+04 5.385e+04 5.517e+04 5.652e+04 5.791e+04 5.933e+04
 6.078e+04 6.228e+04 6.380e+04 6.537e+04 6.697e+04 6.861e+04 7.029e+04 7.202e+04
 7.378e+04 7.559e+04 7.744e+04 7.934e+04 8.129e+04 8.328e+04 8.532e+04 8.741e+04
 8.956e+04 9.175e+04 9.400e+04 9.631e+04 9.867e+04 1.011e+05 1.036e+05 1.061e+05
 1.087e+05 1.114e+05 1.141e+05 1.169e+05 1.198e+05 1.227e+05 1.257e+05 1.288e+05
 1.320e+05 1.352e+05 1.385e+05 1.419e+05 1.454e+05 1.489e+05 1.526e+05 1.563e+05
 1.602e+05 1.641e+05 1.681e+05 1.722e+05 1.765e+05 1.808e+05 1.852e+05 1.898e+05
 1.944e+05 1.992e+05 2.041e+05 2.091e+05 2.142e+05 2.194e+05 2.248e+05 2.303e+05
 2.360e+05 2.418e+05 2.477e+05 2.538e+05 2.600e+05 2.664e+05 2.729e+05 2.796e+05
 2.864e+05 2.935e+05 3.007e+05 3.080e+05 3.156e+05 3.233e+05 3.312e+05 3.394e+05
 3.477e+05 3.562e+05 3.649e+05 3.739e+05 3.831e+05 3.924e+05 4.021e+05 4.119e+05
 4.220e+05 4.324e+05 4.430e+05 4.538e+05 4.650e+05 4.764e+05 4.880e+05 5.000e+05
Lz[Wm**3] for tau[ms]=    0.1
 2.681e-67 1.896e-66 1.328e-65 9.023e-65 5.912e-64 3.724e-63 2.248e-62 1.297e-61
 7.130e-61 3.730e-60 1.860e-59 8.852e-59 4.025e-58 1.752e-57 7.305e-57 2.923e-56
 1.124e-55 4.157e-55 1.482e-54 5.095e-54 1.693e-53 5.440e-53 1.694e-52 5.116e-52
 1.501e-51 4.285e-51 1.191e-50 3.231e-50 8.558e-50 2.217e-49 5.622e-49 1.396e-48
 3.395e-48 8.089e-48 1.889e-47 4.324e-47 9.705e-47 2.136e-46 4.615e-46 9.782e-46
 2.035e-45 4.159e-45 8.350e-45 1.647e-44 3.194e-44 6.090e-44 1.143e-43 2.110e-43
 3.836e-43 6.869e-43 1.212e-42 2.109e-42 3.619e-42 6.125e-42 1.023e-41 1.688e-41
 2.749e-41 4.424e-41 7.036e-41 1.106e-40 1.720e-40 2.645e-40 4.023e-40 6.055e-40
 9.021e-40 1.330e-39 1.943e-39 2.811e-39 4.029e-39 5.723e-39 8.059e-39 1.125e-38
 1.558e-38 2.141e-38 2.919e-38 3.950e-38 5.308e-38 7.081e-38 9.383e-38 1.235e-37
 1.615e-37 2.097e-37 2.708e-37 3.475e-37 4.432e-37 5.621e-37 7.089e-37 8.890e-37
 1.109e-36 1.376e-36 1.698e-36 2.085e-36 2.547e-36 3.095e-36 3.742e-36 4.502e-36
 5.388e-36 6.416e-36 7.603e-36 8.963e-36 1.051e-35 1.227e-35 1.424e-35 1.645e-35
 1.890e-35 2.160e-35 2.455e-35 2.775e-35 3.120e-35 3.489e-35 3.881e-35 4.294e-35
 4.726e-35 5.175e-35 5.639e-35 6.118e-35 6.608e-35 7.111e-35 7.625e-35 8.152e-35
 8.694e-35 9.254e-35 9.836e-35 1.045e-34 1.109e-34 1.178e-34 1.253e-34 1.334e-34
 1.423e-34 1.521e-34 1.630e-34 1.751e-34 1.886e-34 2.037e-34 2.205e-34 2.393e-34
 2.602e-34 2.834e-34 3.090e-34 3.374e-34 3.685e-34 4.026e-34 4.397e-34 4.800e-34
 5.235e-34 5.702e-34 6.201e-34 6.733e-34 7.294e-34 7.885e-34 8.503e-34 9.146e-34
 9.809e-34 1.049e-33 1.119e-33 1.189e-33 1.260e-33 1.331e-33 1.401e-33 1.470e-33
 1.537e-33 1.602e-33 1.664e-33 1.723e-33 1.779e-33 1.831e-33 1.879e-33 1.923e-33
 1.962e-33 1.997e-33 2.028e-33 2.054e-33 2.076e-33 2.094e-33 2.108e-33 2.119e-33
 2.126e-33 2.129e-33 2.130e-33 2.128e-33 2.123e-33 2.115e-33 2.106e-33 2.095e-33
 2.081e-33 2.067e-33 2.051e-33 2.033e-33 2.015e-33 1.996e-33 1.976e-33 1.955e-33
 1.934e-33 1.912e-33 1.890e-33 1.868e-33 1.845e-33 1.822e-33 1.800e-33 1.777e-33
 1.754e-33 1.731e-33 1.708e-33 1.686e-33 1.664e-33 1.642e-33 1.620e-33 1.598e-33
 1.577e-33 1.556e-33 1.535e-33 1.515e-33 1.495e-33 1.476e-33 1.457e-33 1.438e-33
 1.420e-33 1.402e-33 1.384e-33 1.367e-33 1.350e-33 1.334e-33 1.318e-33 1.302e-33
 1.287e-33 1.272e-33 1.257e-33 1.243e-33 1.229e-33 1.215e-33 1.201e-33 1.188e-33
 1.175e-33 1.162e-33 1.150e-33 1.137e-33 1.125e-33 1.114e-33 1.102e-33 1.091e-33
 1.080e-33 1.069e-33 1.058e-33 1.048e-33 1.038e-33 1.028e-33 1.019e-33 1.009e-33
 1.000e-33 9.916e-34 9.831e-34 9.748e-34 9.668e-34 9.590e-34 9.514e-34 9.440e-34
 9.369e-34 9.299e-34 9.231e-34 9.166e-34 9.102e-34 9.040e-34 8.980e-34 8.922e-34
 8.865e-34 8.810e-34 8.756e-34 8.705e-34 8.654e-34 8.605e-34 8.557e-34 8.511e-34
 8.466e-34 8.423e-34 8.380e-34 8.339e-34 8.299e-34 8.260e-34 8.223e-34 8.186e-34
 8.151e-34 8.116e-34 8.083e-34 8.051e-34 8.020e-34 7.990e-34 7.961e-34 7.933e-34
 7.906e-34 7.880e-34 7.856e-34 7.832e-34 7.810e-34 7.788e-34 7.768e-34 7.748e-34
 7.730e-34 7.712e-34 7.696e-34 7.680e-34 7.665e-34 7.652e-34 7.639e-34 7.627e-34
 7.615e-34 7.605e-34 7.595e-34 7.586e-34 7.578e-34 7.571e-34 7.564e-34 7.558e-34
 7.553e-34 7.548e-34 7.544e-34 7.541e-34 7.538e-34 7.536e-34 7.535e-34 7.534e-34
 7.533e-34 7.534e-34 7.534e-34 7.536e-34 7.538e-34 7.540e-34 7.543e-34 7.546e-34
 7.550e-34 7.555e-34 7.560e-34 7.565e-34 7.571e-34 7.577e-34 7.584e-34 7.591e-34
 7.598e-34 7.606e-34 7.614e-34 7.622e-34 7.631e-34 7.639e-34 7.649e-34 7.658e-34
 7.668e-34 7.678e-34 7.688e-34 7.698e-34 7.708e-34 7.719e-34 7.730e-34 7.741e-34
 7.753e-34 7.764e-34 7.776e-34 7.788e-34 7.800e-34 7.812e-34 7.825e-34 7.837e-34
 7.850e-34 7.863e-34 7.876e-34 7.889e-34 7.903e-34 7.917e-34 7.930e-34 7.944e-34
 7.958e-34 7.972e-34 7.987e-34 8.001e-34 8.016e-34 8.031e-34 8.045e-34 8.060e-34
 8.076e-34 8.091e-34 8.106e-34 8.122e-34 8.138e-34 8.153e-34 8.169e-34 8.185e-34
 8.201e-34 8.218e-34 8.234e-34 8.251e-34 8.267e-34 8.284e-34 8.301e-34 8.318e-34
 8.335e-34 8.352e-34 8.369e-34 8.386e-34 8.404e-34 8.421e-34 8.439e-34 8.457e-34
 8.474e-34 8.492e-34 8.510e-34 8.529e-34 8.547e-34 8.565e-34 8.583e-34 8.602e-34
 8.620e-34 8.639e-34 8.658e-34 8.677e-34 8.696e-34 8.714e-34 8.734e-34 8.753e-34
 8.772e-34 8.791e-34 8.811e-34 8.830e-34 8.850e-34 8.869e-34 8.889e-34 8.909e-34
 8.929e-34 8.949e-34 8.969e-34 8.989e-34 9.009e-34 9.029e-34 9.049e-34 9.070e-34
 9.090e-34 9.111e-34 9.131e-34 9.152e-34 9.173e-34 9.194e-34 9.215e-34 9.236e-34
 9.257e-34 9.278e-34 9.299e-34 9.320e-34 9.342e-34 9.363e-34 9.384e-34 9.406e-34
 9.428e-34 9.449e-34 9.471e-34 9.493e-34 9.514e-34 9.536e-34 9.558e-34 9.580e-34
 9.602e-34 9.624e-34 9.646e-34 9.668e-34 9.690e-34 9.713e-34 9.735e-34 9.757e-34
 9.780e-34 9.802e-34 9.824e-34 9.847e-34 9.869e-34 9.892e-34 9.915e-34 9.937e-34
 9.960e-34 9.983e-34 1.001e-33 1.003e-33 1.005e-33 1.007e-33 1.010e-33 1.012e-33
 1.014e-33 1.017e-33 1.019e-33 1.021e-33 1.024e-33 1.026e-33 1.028e-33 1.031e-33
 1.033e-33 1.035e-33 1.038e-33 1.040e-33 1.042e-33 1.045e-33 1.047e-33 1.050e-33
 1.052e-33 1.054e-33 1.057e-33 1.059e-33 1.062e-33 1.064e-33 1.066e-33 1.069e-33
 1.071e-33 1.074e-33 1.076e-33 1.079e-33 1.081e-33 1.084e-33 1.086e-33 1.088e-33
 1.091e-33 1.093e-33 1.096e-33 1.098e-33 1.101e-33 1.103e-33 1.106e-33 1.108e-33
 1.111e-33 1.113e-33 1.116e-33 1.118e-33 1.121e-33 1.124e-33 1.126e-33 1.129e-33
 1.131e-33 1.134e-33 1.136e-33 1.139e-33 1.141e-33 1.144e-33 1.147e-33 1.149e-33
 1.152e-33 1.154e-33 1.157e-33 1.160e-33 1.162e-33 1.165e-33 1.168e-33 1.170e-33
 1.173e-33 1.175e-33 1.178e-33 1.181e-33 1.183e-33 1.186e-33 1.189e-33 1.191e-33
 1.194e-33 1.197e-33 1.199e-33 1.202e-33 1.205e-33 1.208e-33 1.210e-33 1.213e-33
 1.216e-33 1.218e-33 1.221e-33 1.224e-33 1.227e-33 1.229e-33 1.232e-33 1.235e-33
 1.238e-33 1.240e-33 1.243e-33 1.246e-33 1.249e-33 1.252e-33 1.254e-33 1.257e-33
 1.260e-33 1.263e-33 1.266e-33 1.269e-33 1.271e-33 1.274e-33 1.277e-33 1.280e-33
 1.283e-33 1.286e-33 1.289e-33 1.291e-33 1.294e-33 1.297e-33 1.300e-33 1.303e-33
 1.306e-33 1.309e-33 1.312e-33 1.315e-33 1.318e-33 1.320e-33 1.323e-33 1.326e-33
Lz[Wm**3] for tau[ms]=    1.0
 2.681e-67 1.896e-66 1.328e-65 9.023e-65 5.912e-64 3.724e-63 2.249e-62 1.298e-61
 7.134e-61 3.733e-60 1.862e-59 8.863e-59 4.032e-58 1.756e-57 7.326e-57 2.934e-56
 1.129e-55 4.184e-55 1.494e-54 5.149e-54 1.716e-53 5.534e-53 1.731e-52 5.256e-52
 1.552e-51 4.464e-51 1.252e-50 3.429e-50 9.182e-50 2.408e-49 6.186e-49 1.558e-48
 3.845e-48 9.306e-48 2.208e-47 5.140e-47 1.174e-46 2.630e-46 5.784e-46 1.249e-45
 2.649e-45 5.521e-45 1.131e-44 2.279e-44 4.519e-44 8.819e-44 1.694e-43 3.207e-43
 5.978e-43 1.098e-42 1.989e-42 3.551e-42 6.253e-42 1.086e-41 1.860e-41 3.143e-41
 5.242e-41 8.628e-41 1.402e-40 2.248e-40 3.561e-40 5.570e-40 8.608e-40 1.315e-39
 1.985e-39 2.963e-39 4.375e-39 6.391e-39 9.239e-39 1.322e-38 1.874e-38 2.632e-38
 3.663e-38 5.053e-38 6.911e-38 9.378e-38 1.262e-37 1.686e-37 2.235e-37 2.939e-37
 3.837e-37 4.973e-37 6.397e-37 8.170e-37 1.036e-36 1.304e-36 1.629e-36 2.020e-36
 2.486e-36 3.036e-36 3.678e-36 4.420e-36 5.266e-36 6.220e-36 7.281e-36 8.443e-36
 9.698e-36 1.103e-35 1.242e-35 1.385e-35 1.530e-35 1.673e-35 1.813e-35 1.946e-35
 2.073e-35 2.189e-35 2.297e-35 2.394e-35 2.481e-35 2.560e-35 2.632e-35 2.699e-35
 2.763e-35 2.826e-35 2.894e-35 2.967e-35 3.051e-35 3.150e-35 3.268e-35 3.410e-35
 3.583e-35 3.791e-35 4.043e-35 4.345e-35 4.705e-35 5.134e-35 5.639e-35 6.231e-35
 6.920e-35 7.715e-35 8.625e-35 9.660e-35 1.083e-34 1.213e-34 1.357e-34 1.515e-34
 1.686e-34 1.870e-34 2.065e-34 2.268e-34 2.478e-34 2.691e-34 2.905e-34 3.116e-34
 3.321e-34 3.515e-34 3.697e-34 3.864e-34 4.013e-34 4.143e-34 4.253e-34 4.343e-34
 4.413e-34 4.464e-34 4.497e-34 4.513e-34 4.514e-34 4.502e-34 4.477e-34 4.441e-34
 4.397e-34 4.345e-34 4.286e-34 4.223e-34 4.156e-34 4.085e-34 4.012e-34 3.938e-34
 3.862e-34 3.787e-34 3.711e-34 3.635e-34 3.560e-34 3.486e-34 3.412e-34 3.340e-34
 3.270e-34 3.201e-34 3.133e-34 3.067e-34 3.002e-34 2.939e-34 2.878e-34 2.819e-34
 2.760e-34 2.704e-34 2.649e-34 2.596e-34 2.544e-34 2.493e-34 2.444e-34 2.396e-34
 2.350e-34 2.305e-34 2.261e-34 2.218e-34 2.177e-34 2.136e-34 2.097e-34 2.059e-34
 2.022e-34 1.985e-34 1.950e-34 1.916e-34 1.883e-34 1.850e-34 1.819e-34 1.788e-34
 1.759e-34 1.730e-34 1.702e-34 1.674e-34 1.648e-34 1.622e-34 1.597e-34 1.573e-34
 1.550e-34 1.527e-34 1.505e-34 1.483e-34 1.462e-34 1.442e-34 1.422e-34 1.403e-34
 1.385e-34 1.367e-34 1.349e-34 1.332e-34 1.315e-34 1.299e-34 1.283e-34 1.268e-34
 1.252e-34 1.238e-34 1.223e-34 1.209e-34 1.195e-34 1.182e-34 1.168e-34 1.155e-34
 1.143e-34 1.131e-34 1.119e-34 1.107e-34 1.096e-34 1.085e-34 1.074e-34 1.064e-34
 1.054e-34 1.044e-34 1.035e-34 1.026e-34 1.017e-34 1.008e-34 9.999e-35 9.918e-35
 9.839e-35 9.763e-35 9.690e-35 9.618e-35 9.549e-35 9.481e-35 9.416e-35 9.353e-35
 9.292e-35 9.232e-35 9.174e-35 9.118e-35 9.064e-35 9.011e-35 8.960e-35 8.911e-35
 8.863e-35 8.816e-35 8.771e-35 8.727e-35 8.684e-35 8.643e-35 8.603e-35 8.565e-35
 8.527e-35 8.491e-35 8.456e-35 8.422e-35 8.390e-35 8.358e-35 8.328e-35 8.299e-35
 8.272e-35 8.245e-35 8.219e-35 8.195e-35 8.172e-35 8.150e-35 8.129e-35 8.109e-35
 8.090e-35 8.073e-35 8.056e-35 8.040e-35 8.026e-35 8.012e-35 7.999e-35 7.988e-35
 7.977e-35 7.967e-35 7.957e-35 7.949e-35 7.942e-35 7.935e-35 7.929e-35 7.924e-35
 7.919e-35 7.916e-35 7.913e-35 7.910e-35 7.909e-35 7.908e-35 7.908e-35 7.908e-35
 7.909e-35 7.911e-35 7.913e-35 7.916e-35 7.920e-35 7.924e-35 7.929e-35 7.934e-35
 7.940e-35 7.946e-35 7.953e-35 7.961e-35 7.969e-35 7.977e-35 7.986e-35 7.995e-35
 8.005e-35 8.015e-35 8.026e-35 8.037e-35 8.048e-35 8.059e-35 8.071e-35 8.083e-35
 8.096e-35 8.108e-35 8.121e-35 8.134e-35 8.148e-35 8.161e-35 8.175e-35 8.189e-35
 8.204e-35 8.218e-35 8.233e-35 8.248e-35 8.263e-35 8.279e-35 8.294e-35 8.310e-35
 8.326e-35 8.343e-35 8.359e-35 8.376e-35 8.392e-35 8.409e-35 8.427e-35 8.444e-35
 8.462e-35 8.479e-35 8.497e-35 8.515e-35 8.534e-35 8.552e-35 8.571e-35 8.590e-35
 8.609e-35 8.628e-35 8.647e-35 8.666e-35 8.686e-35 8.706e-35 8.726e-35 8.746e-35
 8.766e-35 8.787e-35 8.807e-35 8.828e-35 8.849e-35 8.870e-35 8.891e-35 8.912e-35
 8.933e-35 8.955e-35 8.977e-35 8.999e-35 9.021e-35 9.043e-35 9.065e-35 9.087e-35
 9.110e-35 9.133e-35 9.155e-35 9.178e-35 9.202e-35 9.225e-35 9.248e-35 9.272e-35
 9.295e-35 9.319e-35 9.343e-35 9.367e-35 9.391e-35 9.415e-35 9.439e-35 9.464e-35
 9.489e-35 9.513e-35 9.538e-35 9.563e-35 9.588e-35 9.614e-35 9.639e-35 9.664e-35
 9.690e-35 9.716e-35 9.742e-35 9.768e-35 9.794e-35 9.820e-35 9.846e-35 9.873e-35
 9.900e-35 9.926e-35 9.953e-35 9.980e-35 1.001e-34 1.003e-34 1.006e-34 1.009e-34
 1.012e-34 1.014e-34 1.017e-34 1.020e-34 1.023e-34 1.026e-34 1.029e-34 1.031e-34
 1.034e-34 1.037e-34 1.040e-34 1.043e-34 1.046e-34 1.049e-34 1.052e-34 1.055e-34
 1.057e-34 1.060e-34 1.063e-34 1.066e-34 1.069e-34 1.072e-34 1.075e-34 1.078e-34
 1.081e-34 1.084e-34 1.088e-34 1.091e-34 1.094e-34 1.097e-34 1.100e-34 1.103e-34
 1.106e-34 1.109e-34 1.112e-34 1.116e-34 1.119e-34 1.122e-34 1.125e-34 1.128e-34
 1.131e-34 1.135e-34 1.138e-34 1.141e-34 1.144e-34 1.148e-34 1.151e-34 1.154e-34
 1.158e-34 1.161e-34 1.164e-34 1.168e-34 1.171e-34 1.174e-34 1.178e-34 1.181e-34
 1.185e-34 1.188e-34 1.191e-34 1.195e-34 1.198e-34 1.202e-34 1.205e-34 1.209e-34
 1.212e-34 1.216e-34 1.219e-34 1.223e-34 1.227e-34 1.230e-34 1.234e-34 1.237e-34
 1.241e-34 1.245e-34 1.248e-34 1.252e-34 1.256e-34 1.259e-34 1.263e-34 1.267e-34
 1.271e-34 1.274e-34 1.278e-34 1.282e-34 1.286e-34 1.289e-34 1.293e-34 1.297e-34
 1.301e-34 1.305e-34 1.309e-34 1.313e-34 1.317e-34 1.321e-34 1.325e-34 1.329e-34
 1.333e-34 1.337e-34 1.341e-34 1.345e-34 1.349e-34 1.353e-34 1.357e-34 1.361e-34
 1.365e-34 1.369e-34 1.373e-34 1.378e-34 1.382e-34 1.386e-34 1.390e-34 1.394e-34
 1.399e-34 1.403e-34 1.407e-34 1.412e-34 1.416e-34 1.420e-34 1.425e-34 1.429e-34
 1.434e-34 1.438e-34 1.442e-34 1.447e-34 1.451e-34 1.456e-34 1.460e-34 1.465e-34
 1.470e-34 1.474e-34 1.479e-34 1.483e-34 1.488e-34 1.493e-34 1.497e-34 1.502e-34
 1.507e-34 1.512e-34 1.516e-34 1.521e-34 1.526e-34 1.531e-34 1.536e-34 1.541e-34
 1.545e-34 1.550e-34 1.555e-34 1.560e-34 1.565e-34 1.570e-34 1.575e-34 1.580e-34
 1.585e-34 1.591e-34 1.596e-34 1.601e-34 1.606e-34 1.611e-34 1.616e-34 1.622e-34
Lz[Wm**3] for tau[ms]=   10.0
 2.681e-67 1.896e-66 1.328e-65 9.023e-65 5.912e-64 3.724e-63 2.249e-62 1.298e-61
 7.135e-61 3.734e-60 1.863e-59 8.868e-59 4.036e-58 1.758e-57 7.338e-57 2.941e-56
 1.133e-55 4.203e-55 1.503e-54 5.193e-54 1.736e-53 5.620e-53 1.766e-52 5.397e-52
 1.606e-51 4.664e-51 1.323e-50 3.674e-50 9.997e-50 2.670e-49 7.001e-49 1.804e-48
 4.564e-48 1.135e-47 2.771e-47 6.649e-47 1.568e-46 3.632e-46 8.271e-46 1.852e-45
 4.077e-45 8.829e-45 1.882e-44 3.949e-44 8.162e-44 1.662e-43 3.333e-43 6.586e-43
 1.282e-42 2.459e-42 4.647e-42 8.653e-42 1.587e-41 2.869e-41 5.110e-41 8.969e-41
 1.551e-40 2.644e-40 4.440e-40 7.351e-40 1.200e-39 1.932e-39 3.069e-39 4.811e-39
 7.445e-39 1.138e-38 1.718e-38 2.562e-38 3.779e-38 5.511e-38 7.951e-38 1.135e-37
 1.604e-37 2.245e-37 3.111e-37 4.271e-37 5.810e-37 7.828e-37 1.045e-36 1.380e-36
 1.806e-36 2.337e-36 2.991e-36 3.784e-36 4.728e-36 5.830e-36 7.087e-36 8.487e-36
 1.001e-35 1.161e-35 1.324e-35 1.486e-35 1.641e-35 1.784e-35 1.912e-35 2.021e-35
 2.110e-35 2.179e-35 2.229e-35 2.262e-35 2.280e-35 2.284e-35 2.278e-35 2.262e-35
 2.240e-35 2.214e-35 2.184e-35 2.153e-35 2.123e-35 2.096e-35 2.072e-35 2.054e-35
 2.044e-35 2.043e-35 2.054e-35 2.080e-35 2.124e-35 2.189e-35 2.278e-35 2.395e-35
 2.545e-35 2.732e-35 2.961e-35 3.237e-35 3.565e-35 3.948e-35 4.389e-35 4.888e-35
 5.445e-35 6.054e-35 6.707e-35 7.391e-35 8.092e-35 8.790e-35 9.464e-35 1.010e-34
 1.066e-34 1.115e-34 1.155e-34 1.185e-34 1.205e-34 1.216e-34 1.218e-34 1.212e-34
 1.199e-34 1.181e-34 1.158e-34 1.132e-34 1.103e-34 1.072e-34 1.041e-34 1.008e-34
 9.761e-35 9.440e-35 9.124e-35 8.816e-35 8.516e-35 8.225e-35 7.944e-35 7.673e-35
 7.413e-35 7.164e-35 6.925e-35 6.696e-35 6.476e-35 6.267e-35 6.066e-35 5.874e-35
 5.691e-35 5.515e-35 5.347e-35 5.186e-35 5.032e-35 4.885e-35 4.744e-35 4.609e-35
 4.480e-35 4.356e-35 4.237e-35 4.123e-35 4.014e-35 3.909e-35 3.808e-35 3.711e-35
 3.618e-35 3.529e-35 3.443e-35 3.360e-35 3.280e-35 3.204e-35 3.130e-35 3.059e-35
 2.990e-35 2.924e-35 2.860e-35 2.798e-35 2.738e-35 2.681e-35 2.625e-35 2.571e-35
 2.519e-35 2.468e-35 2.419e-35 2.372e-35 2.327e-35 2.282e-35 2.240e-35 2.198e-35
 2.158e-35 2.119e-35 2.082e-35 2.046e-35 2.011e-35 1.977e-35 1.944e-35 1.912e-35
 1.881e-35 1.851e-35 1.823e-35 1.795e-35 1.768e-35 1.742e-35 1.717e-35 1.692e-35
 1.669e-35 1.646e-35 1.624e-35 1.602e-35 1.581e-35 1.561e-35 1.541e-35 1.521e-35
 1.503e-35 1.484e-35 1.466e-35 1.449e-35 1.432e-35 1.415e-35 1.399e-35 1.384e-35
 1.368e-35 1.354e-35 1.339e-35 1.325e-35 1.312e-35 1.299e-35 1.286e-35 1.274e-35
 1.262e-35 1.251e-35 1.240e-35 1.229e-35 1.219e-35 1.209e-35 1.199e-35 1.190e-35
 1.181e-35 1.172e-35 1.164e-35 1.156e-35 1.148e-35 1.141e-35 1.133e-35 1.127e-35
 1.120e-35 1.113e-35 1.107e-35 1.101e-35 1.095e-35 1.089e-35 1.084e-35 1.079e-35
 1.074e-35 1.069e-35 1.064e-35 1.060e-35 1.055e-35 1.051e-35 1.047e-35 1.043e-35
 1.040e-35 1.036e-35 1.033e-35 1.030e-35 1.027e-35 1.024e-35 1.021e-35 1.019e-35
 1.017e-35 1.014e-35 1.012e-35 1.010e-35 1.009e-35 1.007e-35 1.005e-35 1.004e-35
 1.003e-35 1.002e-35 1.001e-35 1.000e-35 9.995e-36 9.990e-36 9.985e-36 9.982e-36
 9.980e-36 9.980e-36 9.980e-36 9.982e-36 9.984e-36 9.988e-36 9.993e-36 9.998e-36
 1.001e-35 1.001e-35 1.002e-35 1.003e-35 1.004e-35 1.005e-35 1.007e-35 1.008e-35
 1.009e-35 1.011e-35 1.012e-35 1.014e-35 1.016e-35 1.018e-35 1.020e-35 1.022e-35
 1.024e-35 1.026e-35 1.029e-35 1.031e-35 1.034e-35 1.036e-35 1.039e-35 1.042e-35
 1.045e-35 1.048e-35 1.051e-35 1.054e-35 1.057e-35 1.060e-35 1.063e-35 1.066e-35
 1.070e-35 1.073e-35 1.076e-35 1.080e-35 1.083e-35 1.087e-35 1.090e-35 1.094e-35
 1.098e-35 1.101e-35 1.105e-35 1.109e-35 1.113e-35 1.117e-35 1.120e-35 1.124e-35
 1.128e-35 1.132e-35 1.137e-35 1.141e-35 1.145e-35 1.149e-35 1.153e-35 1.158e-35
 1.162e-35 1.166e-35 1.171e-35 1.175e-35 1.180e-35 1.184e-35 1.189e-35 1.193e-35
 1.198e-35 1.203e-35 1.207e-35 1.212e-35 1.217e-35 1.222e-35 1.227e-35 1.232e-35
 1.237e-35 1.242e-35 1.247e-35 1.252e-35 1.257e-35 1.262e-35 1.268e-35 1.273e-35
 1.278e-35 1.283e-35 1.289e-35 1.294e-35 1.300e-35 1.305e-35 1.311e-35 1.317e-35
 1.322e-35 1.328e-35 1.334e-35 1.339e-35 1.345e-35 1.351e-35 1.357e-35 1.363e-35
 1.369e-35 1.375e-35 1.381e-35 1.387e-35 1.393e-35 1.400e-35 1.406e-35 1.412e-35
 1.418e-35 1.425e-35 1.431e-35 1.438e-35 1.444e-35 1.451e-35 1.458e-35 1.464e-35
 1.471e-35 1.478e-35 1.485e-35 1.491e-35 1.498e-35 1.505e-35 1.512e-35 1.519e-35
 1.526e-35 1.534e-35 1.541e-35 1.548e-35 1.555e-35 1.563e-35 1.570e-35 1.578e-35
 1.585e-35 1.593e-35 1.600e-35 1.608e-35 1.616e-35 1.624e-35 1.631e-35 1.639e-35
 1.647e-35 1.655e-35 1.663e-35 1.671e-35 1.680e-35 1.688e-35 1.696e-35 1.704e-35
 1.713e-35 1.721e-35 1.730e-35 1.738e-35 1.747e-35 1.756e-35 1.764e-35 1.773e-35
 1.782e-35 1.791e-35 1.800e-35 1.809e-35 1.818e-35 1.827e-35 1.836e-35 1.845e-35
 1.855e-35 1.864e-35 1.874e-35 1.883e-35 1.893e-35 1.902e-35 1.912e-35 1.922e-35
 1.932e-35 1.942e-35 1.952e-35 1.962e-35 1.972e-35 1.982e-35 1.992e-35 2.003e-35
 2.013e-35 2.024e-35 2.034e-35 2.045e-35 2.056e-35 2.066e-35 2.077e-35 2.088e-35
 2.099e-35 2.110e-35 2.121e-35 2.133e-35 2.144e-35 2.155e-35 2.167e-35 2.178e-35
 2.190e-35 2.202e-35 2.213e-35 2.225e-35 2.237e-35 2.249e-35 2.262e-35 2.274e-35
 2.286e-35 2.298e-35 2.311e-35 2.324e-35 2.336e-35 2.349e-35 2.362e-35 2.375e-35
 2.388e-35 2.401e-35 2.414e-35 2.427e-35 2.441e-35 2.454e-35 2.468e-35 2.482e-35
 2.495e-35 2.509e-35 2.523e-35 2.537e-35 2.551e-35 2.566e-35 2.580e-35 2.595e-35
 2.609e-35 2.624e-35 2.639e-35 2.654e-35 2.669e-35 2.684e-35 2.699e-35 2.714e-35
 2.730e-35 2.745e-35 2.761e-35 2.777e-35 2.793e-35 2.809e-35 2.825e-35 2.841e-35
 2.858e-35 2.874e-35 2.891e-35 2.907e-35 2.924e-35 2.941e-35 2.958e-35 2.976e-35
 2.993e-35 3.011e-35 3.028e-35 3.046e-35 3.064e-35 3.082e-35 3.100e-35 3.118e-35
 3.137e-35 3.155e-35 3.174e-35 3.193e-35 3.212e-35 3.231e-35 3.250e-35 3.269e-35
 3.289e-35 3.309e-35 3.328e-35 3.348e-35 3.369e-35 3.389e-35 3.409e-35 3.430e-35
 3.451e-35 3.471e-35 3.492e-35 3.514e-35 3.535e-35 3.556e-35 3.578e-35 3.600e-35
 3.622e-35 3.644e-35 3.666e-35 3.689e-35 3.712e-35 3.734e-35 3.757e-35 3.781e-35
Lz[Wm**3] for tau[ms]=  100.0
 2.681e-67 1.896e-66 1.328e-65 9.023e-65 5.912e-64 3.724e-63 2.249e-62 1.298e-61
 7.135e-61 3.734e-60 1.863e-59 8.869e-59 4.036e-58 1.758e-57 7.340e-57 2.942e-56
 1.134e-55 4.206e-55 1.505e-54 5.201e-54 1.739e-53 5.636e-53 1.773e-52 5.425e-52
 1.617e-51 4.706e-51 1.339e-50 3.729e-50 1.019e-49 2.734e-49 7.208e-49 1.868e-48
 4.760e-48 1.192e-47 2.937e-47 7.113e-47 1.694e-46 3.967e-46 9.138e-46 2.071e-45
 4.618e-45 1.014e-44 2.191e-44 4.667e-44 9.797e-44 2.027e-43 4.133e-43 8.305e-43
 1.645e-42 3.211e-42 6.178e-42 1.171e-41 2.188e-41 4.030e-41 7.312e-41 1.307e-40
 2.304e-40 4.002e-40 6.851e-40 1.156e-39 1.924e-39 3.157e-39 5.113e-39 8.171e-39
 1.289e-38 2.009e-38 3.092e-38 4.703e-38 7.071e-38 1.051e-37 1.546e-37 2.249e-37
 3.237e-37 4.611e-37 6.502e-37 9.074e-37 1.253e-36 1.711e-36 2.309e-36 3.076e-36
 4.042e-36 5.232e-36 6.661e-36 8.330e-36 1.021e-35 1.227e-35 1.441e-35 1.657e-35
 1.863e-35 2.051e-35 2.215e-35 2.349e-35 2.453e-35 2.528e-35 2.575e-35 2.598e-35
 2.601e-35 2.588e-35 2.562e-35 2.526e-35 2.482e-35 2.433e-35 2.381e-35 2.326e-35
 2.272e-35 2.218e-35 2.166e-35 2.116e-35 2.070e-35 2.030e-35 1.996e-35 1.969e-35
 1.952e-35 1.945e-35 1.952e-35 1.974e-35 2.014e-35 2.075e-35 2.160e-35 2.273e-35
 2.417e-35 2.595e-35 2.811e-35 3.068e-35 3.366e-35 3.705e-35 4.082e-35 4.491e-35
 4.923e-35 5.363e-35 5.798e-35 6.209e-35 6.578e-35 6.890e-35 7.133e-35 7.301e-35
 7.391e-35 7.405e-35 7.351e-35 7.238e-35 7.076e-35 6.876e-35 6.649e-35 6.403e-35
 6.146e-35 5.885e-35 5.623e-35 5.365e-35 5.113e-35 4.870e-35 4.636e-35 4.413e-35
 4.201e-35 3.999e-35 3.808e-35 3.628e-35 3.458e-35 3.297e-35 3.146e-35 3.003e-35
 2.868e-35 2.742e-35 2.622e-35 2.509e-35 2.403e-35 2.302e-35 2.207e-35 2.118e-35
 2.033e-35 1.953e-35 1.877e-35 1.805e-35 1.736e-35 1.672e-35 1.610e-35 1.552e-35
 1.497e-35 1.444e-35 1.394e-35 1.346e-35 1.301e-35 1.258e-35 1.217e-35 1.178e-35
 1.140e-35 1.105e-35 1.071e-35 1.039e-35 1.008e-35 9.779e-36 9.496e-36 9.225e-36
 8.965e-36 8.717e-36 8.479e-36 8.251e-36 8.032e-36 7.823e-36 7.621e-36 7.428e-36
 7.242e-36 7.064e-36 6.893e-36 6.728e-36 6.570e-36 6.418e-36 6.272e-36 6.132e-36
 5.997e-36 5.868e-36 5.744e-36 5.624e-36 5.509e-36 5.399e-36 5.293e-36 5.191e-36
 5.093e-36 4.999e-36 4.908e-36 4.821e-36 4.738e-36 4.658e-36 4.581e-36 4.507e-36
 4.435e-36 4.367e-36 4.300e-36 4.237e-36 4.175e-36 4.116e-36 4.058e-36 4.003e-36
 3.949e-36 3.898e-36 3.847e-36 3.799e-36 3.752e-36 3.707e-36 3.663e-36 3.621e-36
 3.580e-36 3.541e-36 3.503e-36 3.467e-36 3.433e-36 3.399e-36 3.368e-36 3.337e-36
 3.308e-36 3.281e-36 3.255e-36 3.230e-36 3.206e-36 3.184e-36 3.162e-36 3.142e-36
 3.123e-36 3.105e-36 3.087e-36 3.071e-36 3.056e-36 3.041e-36 3.027e-36 3.014e-36
 3.002e-36 2.990e-36 2.979e-36 2.968e-36 2.959e-36 2.950e-36 2.941e-36 2.933e-36
 2.926e-36 2.920e-36 2.914e-36 2.908e-36 2.904e-36 2.900e-36 2.896e-36 2.893e-36
 2.891e-36 2.889e-36 2.888e-36 2.887e-36 2.887e-36 2.888e-36 2.889e-36 2.890e-36
 2.892e-36 2.895e-36 2.898e-36 2.901e-36 2.905e-36 2.909e-36 2.914e-36 2.919e-36
 2.925e-36 2.931e-36 2.938e-36 2.945e-36 2.952e-36 2.960e-36 2.968e-36 2.976e-36
 2.985e-36 2.995e-36 3.004e-36 3.014e-36 3.025e-36 3.036e-36 3.047e-36 3.058e-36
 3.070e-36 3.082e-36 3.095e-36 3.108e-36 3.121e-36 3.134e-36 3.148e-36 3.163e-36
 3.177e-36 3.192e-36 3.208e-36 3.224e-36 3.240e-36 3.257e-36 3.274e-36 3.292e-36
 3.310e-36 3.329e-36 3.348e-36 3.367e-36 3.387e-36 3.407e-36 3.428e-36 3.449e-36
 3.471e-36 3.493e-36 3.515e-36 3.537e-36 3.560e-36 3.583e-36 3.606e-36 3.630e-36
 3.654e-36 3.678e-36 3.702e-36 3.726e-36 3.751e-36 3.776e-36 3.801e-36 3.827e-36
 3.853e-36 3.879e-36 3.905e-36 3.931e-36 3.958e-36 3.985e-36 4.012e-36 4.040e-36
 4.068e-36 4.096e-36 4.124e-36 4.153e-36 4.182e-36 4.211e-36 4.240e-36 4.270e-36
 4.300e-36 4.330e-36 4.361e-36 4.391e-36 4.423e-36 4.454e-36 4.485e-36 4.517e-36
 4.550e-36 4.582e-36 4.615e-36 4.648e-36 4.681e-36 4.715e-36 4.749e-36 4.783e-36
 4.817e-36 4.852e-36 4.887e-36 4.922e-36 4.958e-36 4.994e-36 5.030e-36 5.067e-36
 5.104e-36 5.141e-36 5.179e-36 5.217e-36 5.255e-36 5.293e-36 5.332e-36 5.371e-36
 5.411e-36 5.451e-36 5.491e-36 5.531e-36 5.572e-36 5.613e-36 5.655e-36 5.697e-36
 5.739e-36 5.781e-36 5.824e-36 5.867e-36 5.911e-36 5.955e-36 5.999e-36 6.044e-36
 6.089e-36 6.135e-36 6.180e-36 6.227e-36 6.273e-36 6.320e-36 6.368e-36 6.415e-36
 6.463e-36 6.512e-36 6.561e-36 6.610e-36 6.660e-36 6.710e-36 6.761e-36 6.812e-36
 6.863e-36 6.915e-36 6.967e-36 7.020e-36 7.073e-36 7.127e-36 7.181e-36 7.235e-36
 7.290e-36 7.346e-36 7.401e-36 7.458e-36 7.514e-36 7.572e-36 7.629e-36 7.687e-36
 7.746e-36 7.805e-36 7.865e-36 7.925e-36 7.985e-36 8.046e-36 8.108e-36 8.170e-36
 8.232e-36 8.295e-36 8.359e-36 8.423e-36 8.488e-36 8.553e-36 8.619e-36 8.685e-36
 8.751e-36 8.819e-36 8.887e-36 8.955e-36 9.024e-36 9.094e-36 9.164e-36 9.234e-36
 9.306e-36 9.377e-36 9.450e-36 9.523e-36 9.596e-36 9.671e-36 9.745e-36 9.821e-36
 9.897e-36 9.974e-36 1.005e-35 1.013e-35 1.021e-35 1.029e-35 1.037e-35 1.045e-35
 1.053e-35 1.061e-35 1.069e-35 1.078e-35 1.086e-35 1.094e-35 1.103e-35 1.112e-35
 1.120e-35 1.129e-35 1.138e-35 1.147e-35 1.156e-35 1.165e-35 1.174e-35 1.183e-35
 1.192e-35 1.201e-35 1.211e-35 1.220e-35 1.230e-35 1.240e-35 1.249e-35 1.259e-35
 1.269e-35 1.279e-35 1.289e-35 1.299e-35 1.309e-35 1.320e-35 1.330e-35 1.340e-35
 1.351e-35 1.362e-35 1.372e-35 1.383e-35 1.394e-35 1.405e-35 1.416e-35 1.427e-35
 1.438e-35 1.450e-35 1.461e-35 1.473e-35 1.484e-35 1.496e-35 1.508e-35 1.520e-35
 1.532e-35 1.544e-35 1.556e-35 1.569e-35 1.581e-35 1.594e-35 1.606e-35 1.619e-35
 1.632e-35 1.645e-35 1.658e-35 1.671e-35 1.684e-35 1.698e-35 1.711e-35 1.725e-35
 1.738e-35 1.752e-35 1.766e-35 1.780e-35 1.794e-35 1.809e-35 1.823e-35 1.838e-35
 1.852e-35 1.867e-35 1.882e-35 1.897e-35 1.912e-35 1.927e-35 1.943e-35 1.958e-35
 1.974e-35 1.990e-35 2.006e-35 2.022e-35 2.038e-35 2.054e-35 2.070e-35 2.087e-35
 2.104e-35 2.121e-35 2.138e-35 2.155e-35 2.172e-35 2.189e-35 2.207e-35 2.225e-35
 2.242e-35 2.260e-35 2.279e-35 2.297e-35 2.315e-35 2.334e-35 2.353e-35 2.372e-35
 2.391e-35 2.410e-35 2.429e-35 2.449e-35 2.468e-35 2.488e-35 2.508e-35 2.529e-35
Lz[Wm**3] for tau[ms]= 1000.0
 2.681e-67 1.896e-66 1.328e-65 9.023e-65 5.912e-64 3.724e-63 2.249e-62 1.298e-61
 7.135e-61 3.734e-60 1.863e-59 8.869e-59 4.036e-58 1.758e-57 7.341e-57 2.942e-56
 1.134e-55 4.207e-55 1.505e-54 5.202e-54 1.740e-53 5.638e-53 1.774e-52 5.429e-52
 1.619e-51 4.711e-51 1.341e-50 3.736e-50 1.021e-49 2.741e-49 7.232e-49 1.876e-48
 4.783e-48 1.199e-47 2.957e-47 7.169e-47 1.709e-46 4.009e-46 9.247e-46 2.099e-45
 4.687e-45 1.031e-44 2.232e-44 4.763e-44 1.002e-43 2.077e-43 4.245e-43 8.550e-43
 1.698e-42 3.322e-42 6.407e-42 1.218e-41 2.282e-41 4.213e-41 7.666e-41 1.375e-40
 2.430e-40 4.234e-40 7.270e-40 1.231e-39 2.055e-39 3.384e-39 5.500e-39 8.821e-39
 1.397e-38 2.185e-38 3.376e-38 5.156e-38 7.784e-38 1.162e-37 1.716e-37 2.507e-37
 3.624e-37 5.185e-37 7.342e-37 1.029e-36 1.426e-36 1.954e-36 2.644e-36 3.531e-36
 4.646e-36 6.014e-36 7.647e-36 9.532e-36 1.163e-35 1.388e-35 1.617e-35 1.841e-35
 2.049e-35 2.231e-35 2.384e-35 2.502e-35 2.589e-35 2.644e-35 2.673e-35 2.679e-35
 2.667e-35 2.641e-35 2.603e-35 2.557e-35 2.506e-35 2.450e-35 2.392e-35 2.334e-35
 2.275e-35 2.218e-35 2.164e-35 2.112e-35 2.065e-35 2.023e-35 1.988e-35 1.960e-35
 1.942e-35 1.935e-35 1.941e-35 1.963e-35 2.003e-35 2.063e-35 2.148e-35 2.260e-35
 2.403e-35 2.579e-35 2.793e-35 3.045e-35 3.337e-35 3.668e-35 4.032e-35 4.424e-35
 4.832e-35 5.242e-35 5.638e-35 6.003e-35 6.319e-35 6.573e-35 6.756e-35 6.863e-35
 6.896e-35 6.858e-35 6.760e-35 6.611e-35 6.421e-35 6.202e-35 5.963e-35 5.712e-35
 5.455e-35 5.198e-35 4.944e-35 4.698e-35 4.459e-35 4.231e-35 4.013e-35 3.806e-35
 3.610e-35 3.425e-35 3.251e-35 3.087e-35 2.932e-35 2.787e-35 2.651e-35 2.523e-35
 2.403e-35 2.290e-35 2.183e-35 2.083e-35 1.989e-35 1.900e-35 1.816e-35 1.738e-35
 1.663e-35 1.593e-35 1.526e-35 1.464e-35 1.404e-35 1.348e-35 1.295e-35 1.244e-35
 1.197e-35 1.151e-35 1.108e-35 1.067e-35 1.029e-35 9.919e-36 9.569e-36 9.236e-36
 8.919e-36 8.618e-36 8.331e-36 8.057e-36 7.796e-36 7.548e-36 7.311e-36 7.084e-36
 6.868e-36 6.661e-36 6.464e-36 6.275e-36 6.094e-36 5.921e-36 5.756e-36 5.597e-36
 5.445e-36 5.300e-36 5.160e-36 5.027e-36 4.899e-36 4.776e-36 4.658e-36 4.546e-36
 4.437e-36 4.334e-36 4.235e-36 4.139e-36 4.048e-36 3.961e-36 3.877e-36 3.797e-36
 3.720e-36 3.646e-36 3.575e-36 3.508e-36 3.443e-36 3.381e-36 3.321e-36 3.264e-36
 3.209e-36 3.157e-36 3.106e-36 3.058e-36 3.011e-36 2.966e-36 2.923e-36 2.881e-36
 2.841e-36 2.803e-36 2.765e-36 2.729e-36 2.695e-36 2.662e-36 2.630e-36 2.599e-36
 2.569e-36 2.541e-36 2.514e-36 2.488e-36 2.464e-36 2.440e-36 2.418e-36 2.397e-36
 2.377e-36 2.358e-36 2.340e-36 2.324e-36 2.308e-36 2.293e-36 2.279e-36 2.266e-36
 2.254e-36 2.243e-36 2.232e-36 2.222e-36 2.213e-36 2.204e-36 2.196e-36 2.189e-36
 2.182e-36 2.175e-36 2.169e-36 2.164e-36 2.159e-36 2.155e-36 2.151e-36 2.148e-36
 2.145e-36 2.143e-36 2.141e-36 2.139e-36 2.139e-36 2.138e-36 2.138e-36 2.139e-36
 2.140e-36 2.142e-36 2.144e-36 2.146e-36 2.149e-36 2.152e-36 2.156e-36 2.160e-36
 2.165e-36 2.170e-36 2.175e-36 2.181e-36 2.187e-36 2.193e-36 2.200e-36 2.207e-36
 2.214e-36 2.222e-36 2.230e-36 2.239e-36 2.247e-36 2.257e-36 2.266e-36 2.276e-36
 2.286e-36 2.296e-36 2.307e-36 2.317e-36 2.329e-36 2.340e-36 2.352e-36 2.364e-36
 2.376e-36 2.389e-36 2.402e-36 2.415e-36 2.429e-36 2.442e-36 2.456e-36 2.471e-36
 2.486e-36 2.501e-36 2.516e-36 2.532e-36 2.548e-36 2.565e-36 2.581e-36 2.599e-36
 2.617e-36 2.635e-36 2.653e-36 2.672e-36 2.692e-36 2.712e-36 2.732e-36 2.752e-36
 2.773e-36 2.794e-36 2.815e-36 2.837e-36 2.859e-36 2.881e-36 2.904e-36 2.926e-36
 2.949e-36 2.972e-36 2.996e-36 3.019e-36 3.043e-36 3.067e-36 3.091e-36 3.115e-36
 3.140e-36 3.165e-36 3.190e-36 3.215e-36 3.241e-36 3.267e-36 3.293e-36 3.319e-36
 3.346e-36 3.373e-36 3.400e-36 3.427e-36 3.455e-36 3.483e-36 3.511e-36 3.539e-36
 3.568e-36 3.597e-36 3.626e-36 3.655e-36 3.685e-36 3.715e-36 3.745e-36 3.776e-36
 3.806e-36 3.837e-36 3.869e-36 3.900e-36 3.932e-36 3.964e-36 3.996e-36 4.029e-36
 4.062e-36 4.095e-36 4.129e-36 4.163e-36 4.197e-36 4.231e-36 4.266e-36 4.301e-36
 4.336e-36 4.372e-36 4.408e-36 4.444e-36 4.480e-36 4.517e-36 4.554e-36 4.592e-36
 4.629e-36 4.668e-36 4.706e-36 4.745e-36 4.784e-36 4.823e-36 4.863e-36 4.903e-36
 4.943e-36 4.984e-36 5.025e-36 5.067e-36 5.109e-36 5.151e-36 5.193e-36 5.236e-36
 5.279e-36 5.323e-36 5.367e-36 5.411e-36 5.456e-36 5.501e-36 5.547e-36 5.592e-36
 5.639e-36 5.685e-36 5.732e-36 5.780e-36 5.828e-36 5.876e-36 5.924e-36 5.973e-36
 6.023e-36 6.073e-36 6.123e-36 6.174e-36 6.225e-36 6.276e-36 6.328e-36 6.381e-36
 6.434e-36 6.487e-36 6.541e-36 6.595e-36 6.650e-36 6.705e-36 6.760e-36 6.816e-36
 6.873e-36 6.930e-36 6.987e-36 7.045e-36 7.104e-36 7.163e-36 7.222e-36 7.282e-36
 7.342e-36 7.403e-36 7.465e-36 7.527e-36 7.589e-36 7.652e-36 7.716e-36 7.780e-36
 7.844e-36 7.910e-36 7.975e-36 8.041e-36 8.108e-36 8.176e-36 8.243e-36 8.312e-36
 8.381e-36 8.451e-36 8.521e-36 8.592e-36 8.663e-36 8.735e-36 8.807e-36 8.881e-36
 8.954e-36 9.029e-36 9.104e-36 9.180e-36 9.256e-36 9.333e-36 9.410e-36 9.489e-36
 9.567e-36 9.647e-36 9.727e-36 9.808e-36 9.890e-36 9.972e-36 1.005e-35 1.014e-35
 1.022e-35 1.031e-35 1.039e-35 1.048e-35 1.057e-35 1.066e-35 1.074e-35 1.083e-35
 1.092e-35 1.101e-35 1.111e-35 1.120e-35 1.129e-35 1.139e-35 1.148e-35 1.158e-35
 1.167e-35 1.177e-35 1.187e-35 1.197e-35 1.207e-35 1.217e-35 1.227e-35 1.237e-35
 1.247e-35 1.258e-35 1.268e-35 1.279e-35 1.289e-35 1.300e-35 1.311e-35 1.322e-35
 1.333e-35 1.344e-35 1.355e-35 1.366e-35 1.378e-35 1.389e-35 1.401e-35 1.412e-35
 1.424e-35 1.436e-35 1.448e-35 1.460e-35 1.472e-35 1.485e-35 1.497e-35 1.509e-35
 1.522e-35 1.535e-35 1.547e-35 1.560e-35 1.573e-35 1.586e-35 1.600e-35 1.613e-35
 1.626e-35 1.640e-35 1.654e-35 1.667e-35 1.681e-35 1.695e-35 1.710e-35 1.724e-35
 1.738e-35 1.753e-35 1.767e-35 1.782e-35 1.797e-35 1.812e-35 1.827e-35 1.842e-35
 1.858e-35 1.873e-35 1.889e-35 1.904e-35 1.920e-35 1.936e-35 1.952e-35 1.969e-35
 1.985e-35 2.002e-35 2.018e-35 2.035e-35 2.052e-35 2.069e-35 2.087e-35 2.104e-35
 2.122e-35 2.139e-35 2.157e-35 2.175e-35 2.193e-35 2.212e-35 2.230e-35 2.249e-35
 2.267e-35 2.286e-35 2.305e-35 2.325e-35 2.344e-35 2.364e-35 2.383e-35 2.403e-35
Lz[Wm**3] in equilibrium - infinite confinement
 1.000e-42 1.000e-42 1.000e-42 1.000e-42 1.000e-42 1.000e-42 1.000e-42 1.000e-42
 1.000e-42 1.000e-42 1.000e-42 1.000e-42 1.000e-42 1.000e-42 1.000e-42 1.000e-42
 1.000e-42 1.000e-42 1.000e-42 1.000e-42 1.000e-42 1.000e-42 1.000e-42 1.000e-42
 1.000e-42 1.000e-42 1.000e-42 1.000e-42 1.000e-42 1.000e-42 1.000e-42 1.000e-42
 1.000e-42 1.000e-42 1.000e-42 1.000e-42 1.000e-42 1.000e-42 1.000e-42 1.000e-42
 1.000e-42 1.000e-42 1.000e-42 1.000e-42 1.000e-42 1.000e-42 1.000e-42 1.000e-42
 1.704e-42 3.335e-42 6.434e-42 1.223e-41 2.293e-41 4.234e-41 7.708e-41 1.383e-40
 2.445e-40 4.261e-40 7.320e-40 1.240e-39 2.071e-39 3.411e-39 5.546e-39 8.900e-39
 1.410e-38 2.207e-38 3.411e-38 5.212e-38 7.872e-38 1.176e-37 1.737e-37 2.539e-37
 3.673e-37 5.258e-37 7.449e-37 1.044e-36 1.448e-36 1.985e-36 2.688e-36 3.590e-36
 4.725e-36 6.116e-36 7.775e-36 9.688e-36 1.182e-35 1.408e-35 1.640e-35 1.864e-35
 2.072e-35 2.254e-35 2.404e-35 2.521e-35 2.605e-35 2.658e-35 2.684e-35 2.689e-35
 2.675e-35 2.647e-35 2.608e-35 2.561e-35 2.508e-35 2.452e-35 2.394e-35 2.334e-35
 2.276e-35 2.218e-35 2.163e-35 2.112e-35 2.064e-35 2.022e-35 1.987e-35 1.959e-35
 1.941e-35 1.934e-35 1.940e-35 1.962e-35 2.001e-35 2.062e-35 2.147e-35 2.258e-35
 2.401e-35 2.578e-35 2.791e-35 3.043e-35 3.334e-35 3.663e-35 4.027e-35 4.416e-35
 4.821e-35 5.228e-35 5.619e-35 5.978e-35 6.288e-35 6.535e-35 6.711e-35 6.812e-35
 6.838e-35 6.795e-35 6.692e-35 6.538e-35 6.346e-35 6.125e-35 5.885e-35 5.633e-35
 5.377e-35 5.120e-35 4.868e-35 4.622e-35 4.386e-35 4.159e-35 3.943e-35 3.738e-35
 3.544e-35 3.361e-35 3.188e-35 3.026e-35 2.874e-35 2.731e-35 2.596e-35 2.470e-35
 2.351e-35 2.239e-35 2.134e-35 2.036e-35 1.943e-35 1.855e-35 1.773e-35 1.695e-35
 1.622e-35 1.553e-35 1.487e-35 1.426e-35 1.367e-35 1.312e-35 1.260e-35 1.210e-35
 1.163e-35 1.119e-35 1.076e-35 1.036e-35 9.984e-36 9.623e-36 9.280e-36 8.953e-36
 8.643e-36 8.348e-36 8.066e-36 7.798e-36 7.543e-36 7.300e-36 7.068e-36 6.846e-36
 6.635e-36 6.433e-36 6.240e-36 6.055e-36 5.879e-36 5.710e-36 5.548e-36 5.394e-36
 5.245e-36 5.104e-36 4.968e-36 4.837e-36 4.713e-36 4.593e-36 4.479e-36 4.369e-36
 4.264e-36 4.163e-36 4.067e-36 3.974e-36 3.886e-36 3.801e-36 3.720e-36 3.642e-36
 3.567e-36 3.496e-36 3.427e-36 3.362e-36 3.299e-36 3.239e-36 3.181e-36 3.126e-36
 3.073e-36 3.022e-36 2.973e-36 2.927e-36 2.882e-36 2.838e-36 2.797e-36 2.757e-36
 2.718e-36 2.681e-36 2.645e-36 2.611e-36 2.577e-36 2.545e-36 2.515e-36 2.485e-36
 2.457e-36 2.430e-36 2.404e-36 2.380e-36 2.356e-36 2.334e-36 2.313e-36 2.292e-36
 2.273e-36 2.256e-36 2.239e-36 2.223e-36 2.208e-36 2.194e-36 2.181e-36 2.169e-36
 2.157e-36 2.147e-36 2.137e-36 2.128e-36 2.119e-36 2.111e-36 2.104e-36 2.097e-36
 2.091e-36 2.085e-36 2.080e-36 2.075e-36 2.070e-36 2.067e-36 2.063e-36 2.060e-36
 2.058e-36 2.056e-36 2.055e-36 2.054e-36 2.054e-36 2.054e-36 2.054e-36 2.055e-36
 2.057e-36 2.059e-36 2.061e-36 2.064e-36 2.067e-36 2.071e-36 2.075e-36 2.079e-36
 2.084e-36 2.089e-36 2.095e-36 2.101e-36 2.107e-36 2.114e-36 2.121e-36 2.128e-36
 2.135e-36 2.143e-36 2.152e-36 2.160e-36 2.169e-36 2.178e-36 2.188e-36 2.198e-36
 2.208e-36 2.218e-36 2.229e-36 2.240e-36 2.251e-36 2.263e-36 2.275e-36 2.287e-36
 2.299e-36 2.312e-36 2.325e-36 2.338e-36 2.352e-36 2.365e-36 2.380e-36 2.394e-36
 2.409e-36 2.424e-36 2.439e-36 2.455e-36 2.471e-36 2.488e-36 2.504e-36 2.522e-36
 2.540e-36 2.558e-36 2.576e-36 2.595e-36 2.615e-36 2.634e-36 2.654e-36 2.675e-36
 2.695e-36 2.716e-36 2.738e-36 2.759e-36 2.781e-36 2.803e-36 2.826e-36 2.848e-36
 2.871e-36 2.894e-36 2.917e-36 2.941e-36 2.964e-36 2.988e-36 3.012e-36 3.036e-36
 3.061e-36 3.086e-36 3.111e-36 3.136e-36 3.161e-36 3.187e-36 3.213e-36 3.239e-36
 3.266e-36 3.293e-36 3.319e-36 3.347e-36 3.374e-36 3.402e-36 3.430e-36 3.458e-36
 3.487e-36 3.515e-36 3.544e-36 3.573e-36 3.603e-36 3.633e-36 3.663e-36 3.693e-36
 3.724e-36 3.755e-36 3.786e-36 3.817e-36 3.849e-36 3.881e-36 3.913e-36 3.945e-36
 3.978e-36 4.011e-36 4.044e-36 4.078e-36 4.112e-36 4.146e-36 4.181e-36 4.216e-36
 4.251e-36 4.286e-36 4.322e-36 4.358e-36 4.394e-36 4.431e-36 4.468e-36 4.505e-36
 4.543e-36 4.581e-36 4.619e-36 4.657e-36 4.696e-36 4.735e-36 4.775e-36 4.815e-36
 4.855e-36 4.896e-36 4.937e-36 4.978e-36 5.019e-36 5.061e-36 5.104e-36 5.146e-36
 5.189e-36 5.233e-36 5.277e-36 5.321e-36 5.365e-36 5.410e-36 5.455e-36 5.501e-36
 5.547e-36 5.593e-36 5.640e-36 5.687e-36 5.735e-36 5.783e-36 5.831e-36 5.880e-36
 5.929e-36 5.979e-36 6.029e-36 6.080e-36 6.131e-36 6.182e-36 6.234e-36 6.286e-36
 6.339e-36 6.392e-36 6.445e-36 6.499e-36 6.554e-36 6.608e-36 6.664e-36 6.720e-36
 6.776e-36 6.833e-36 6.890e-36 6.948e-36 7.006e-36 7.065e-36 7.124e-36 7.183e-36
 7.244e-36 7.304e-36 7.365e-36 7.427e-36 7.489e-36 7.552e-36 7.615e-36 7.679e-36
 7.744e-36 7.808e-36 7.874e-36 7.940e-36 8.006e-36 8.074e-36 8.141e-36 8.209e-36
 8.278e-36 8.348e-36 8.418e-36 8.488e-36 8.559e-36 8.631e-36 8.703e-36 8.776e-36
 8.850e-36 8.924e-36 8.999e-36 9.074e-36 9.150e-36 9.227e-36 9.304e-36 9.382e-36
 9.461e-36 9.540e-36 9.620e-36 9.701e-36 9.782e-36 9.864e-36 9.946e-36 1.003e-35
 1.011e-35 1.020e-35 1.028e-35 1.037e-35 1.046e-35 1.054e-35 1.063e-35 1.072e-35
 1.081e-35 1.090e-35 1.099e-35 1.109e-35 1.118e-35 1.127e-35 1.137e-35 1.146e-35
 1.156e-35 1.166e-35 1.175e-35 1.185e-35 1.195e-35 1.205e-35 1.215e-35 1.225e-35
 1.236e-35 1.246e-35 1.256e-35 1.267e-35 1.278e-35 1.288e-35 1.299e-35 1.310e-35
 1.321e-35 1.332e-35 1.343e-35 1.355e-35 1.366e-35 1.377e-35 1.389e-35 1.400e-35
 1.412e-35 1.424e-35 1.436e-35 1.448e-35 1.460e-35 1.472e-35 1.485e-35 1.497e-35
 1.510e-35 1.522e-35 1.535e-35 1.548e-35 1.561e-35 1.574e-35 1.587e-35 1.601e-35
 1.614e-35 1.628e-35 1.641e-35 1.655e-35 1.669e-35 1.683e-35 1.697e-35 1.711e-35
 1.725e-35 1.740e-35 1.754e-35 1.769e-35 1.784e-35 1.799e-35 1.814e-35 1.829e-35
 1.845e-35 1.860e-35 1.876e-35 1.891e-35 1.907e-35 1.923e-35 1.939e-35 1.956e-35
 1.972e-35 1.988e-35 2.005e-35 2.022e-35 2.039e-35 2.056e-35 2.073e-35 2.091e-35
 2.108e-35 2.126e-35 2.144e-35 2.162e-35 2.180e-35 2.198e-35 2.216e-35 2.235e-35
 2.254e-35 2.273e-35 2.292e-35 2.311e-35 2.330e-35 2.350e-35 2.369e-35 2.389e-35
C-------------------------------------------------------------------------------
C
C  The fractional abundance and radiated power were generated from the
C  ADAS installation at UKAEA with the named adf11 files. The adf11 data
C  files may be updated in a later release of ADAS and publicly
C  available versions may be found at https://open.adas.ac.uk/.
C
C  The equilibrium balance data was produced with run_adas405.py and
C  the balance with a confinement time with adas4xx_ionbal_tau.py
C  which are functions from the ADAS library. Details on these codes
C  may be found at: https://www.adas.ac.uk/python_lib/index.html
C
C  Copyright (C) 2023 UK Atomic Energy Authority
C
C  This file was generated for use in the UKAEA systems code PROCESS
C  using a script written by Martin O'Mullane.
C  If acquired without provenance a user is strongly advised
C  to check its validity by re-generating using the adf11 files from
C  the OPEN-ADAS site.
C
C  Produced by : Timothy Nunn
C  Date        : 29-07-26
C
C-------------------------------------------------------------------------------
