Mean quadratic charge as a function dwell time.
Temperature :      0.2 - 500000.0 eV
Density     : 1.00e+20 m-3
   600     5  # Te values, dwell time

Source data:
acd : /home/adas/adas/adf11/acd96/acd96_he.dat
scd : /home/adas/adas/adf11/scd96/scd96_he.dat
plt : /home/adas/adas/adf11/plt96/plt96_he.dat
prb : /home/adas/adas/adf11/prb96/prb96_he.dat

Te[eV]
 2.500e-01 2.561e-01 2.624e-01 2.688e-01 2.754e-01 2.822e-01 2.891e-01 2.962e-01
 3.035e-01 3.109e-01 3.185e-01 3.263e-01 3.343e-01 3.425e-01 3.509e-01 3.595e-01
 3.683e-01 3.774e-01 3.866e-01 3.961e-01 4.058e-01 4.158e-01 4.260e-01 4.364e-01
 4.471e-01 4.581e-01 4.693e-01 4.808e-01 4.926e-01 5.047e-01 5.170e-01 5.297e-01
 5.427e-01 5.560e-01 5.696e-01 5.836e-01 5.979e-01 6.126e-01 6.276e-01 6.430e-01
 6.587e-01 6.749e-01 6.914e-01 7.084e-01 7.257e-01 7.435e-01 7.618e-01 7.804e-01
 7.996e-01 8.192e-01 8.393e-01 8.598e-01 8.809e-01 9.025e-01 9.247e-01 9.473e-01
 9.706e-01 9.943e-01 1.019e+00 1.044e+00 1.069e+00 1.096e+00 1.122e+00 1.150e+00
 1.178e+00 1.207e+00 1.237e+00 1.267e+00 1.298e+00 1.330e+00 1.362e+00 1.396e+00
 1.430e+00 1.465e+00 1.501e+00 1.538e+00 1.575e+00 1.614e+00 1.654e+00 1.694e+00
 1.736e+00 1.778e+00 1.822e+00 1.867e+00 1.912e+00 1.959e+00 2.007e+00 2.056e+00
 2.107e+00 2.159e+00 2.211e+00 2.266e+00 2.321e+00 2.378e+00 2.436e+00 2.496e+00
 2.557e+00 2.620e+00 2.684e+00 2.750e+00 2.818e+00 2.887e+00 2.957e+00 3.030e+00
 3.104e+00 3.180e+00 3.258e+00 3.338e+00 3.420e+00 3.504e+00 3.590e+00 3.678e+00
 3.768e+00 3.860e+00 3.955e+00 4.052e+00 4.151e+00 4.253e+00 4.357e+00 4.464e+00
 4.574e+00 4.686e+00 4.801e+00 4.918e+00 5.039e+00 5.162e+00 5.289e+00 5.419e+00
 5.551e+00 5.688e+00 5.827e+00 5.970e+00 6.116e+00 6.266e+00 6.420e+00 6.577e+00
 6.738e+00 6.904e+00 7.073e+00 7.246e+00 7.424e+00 7.606e+00 7.792e+00 7.983e+00
 8.179e+00 8.380e+00 8.585e+00 8.796e+00 9.011e+00 9.232e+00 9.459e+00 9.691e+00
 9.928e+00 1.017e+01 1.042e+01 1.068e+01 1.094e+01 1.121e+01 1.148e+01 1.176e+01
 1.205e+01 1.235e+01 1.265e+01 1.296e+01 1.328e+01 1.360e+01 1.394e+01 1.428e+01
 1.463e+01 1.499e+01 1.535e+01 1.573e+01 1.612e+01 1.651e+01 1.692e+01 1.733e+01
 1.776e+01 1.819e+01 1.864e+01 1.909e+01 1.956e+01 2.004e+01 2.053e+01 2.104e+01
 2.155e+01 2.208e+01 2.262e+01 2.318e+01 2.374e+01 2.433e+01 2.492e+01 2.553e+01
 2.616e+01 2.680e+01 2.746e+01 2.813e+01 2.882e+01 2.953e+01 3.025e+01 3.099e+01
 3.175e+01 3.253e+01 3.333e+01 3.415e+01 3.498e+01 3.584e+01 3.672e+01 3.762e+01
 3.854e+01 3.949e+01 4.046e+01 4.145e+01 4.246e+01 4.351e+01 4.457e+01 4.566e+01
 4.678e+01 4.793e+01 4.911e+01 5.031e+01 5.154e+01 5.281e+01 5.410e+01 5.543e+01
 5.679e+01 5.818e+01 5.961e+01 6.107e+01 6.256e+01 6.410e+01 6.567e+01 6.728e+01
 6.893e+01 7.062e+01 7.235e+01 7.412e+01 7.594e+01 7.780e+01 7.971e+01 8.167e+01
 8.367e+01 8.572e+01 8.782e+01 8.997e+01 9.218e+01 9.444e+01 9.676e+01 9.913e+01
 1.016e+02 1.040e+02 1.066e+02 1.092e+02 1.119e+02 1.146e+02 1.174e+02 1.203e+02
 1.233e+02 1.263e+02 1.294e+02 1.326e+02 1.358e+02 1.391e+02 1.426e+02 1.461e+02
 1.496e+02 1.533e+02 1.571e+02 1.609e+02 1.649e+02 1.689e+02 1.730e+02 1.773e+02
 1.816e+02 1.861e+02 1.906e+02 1.953e+02 2.001e+02 2.050e+02 2.100e+02 2.152e+02
 2.205e+02 2.259e+02 2.314e+02 2.371e+02 2.429e+02 2.488e+02 2.549e+02 2.612e+02
 2.676e+02 2.742e+02 2.809e+02 2.878e+02 2.948e+02 3.021e+02 3.095e+02 3.170e+02
 3.248e+02 3.328e+02 3.409e+02 3.493e+02 3.579e+02 3.666e+02 3.756e+02 3.848e+02
 3.943e+02 4.039e+02 4.138e+02 4.240e+02 4.344e+02 4.450e+02 4.559e+02 4.671e+02
 4.786e+02 4.903e+02 5.023e+02 5.146e+02 5.273e+02 5.402e+02 5.534e+02 5.670e+02
 5.809e+02 5.951e+02 6.097e+02 6.247e+02 6.400e+02 6.557e+02 6.718e+02 6.882e+02
 7.051e+02 7.224e+02 7.401e+02 7.582e+02 7.768e+02 7.959e+02 8.154e+02 8.354e+02
 8.559e+02 8.769e+02 8.984e+02 9.204e+02 9.429e+02 9.661e+02 9.897e+02 1.014e+03
 1.039e+03 1.064e+03 1.090e+03 1.117e+03 1.145e+03 1.173e+03 1.201e+03 1.231e+03
 1.261e+03 1.292e+03 1.324e+03 1.356e+03 1.389e+03 1.423e+03 1.458e+03 1.494e+03
 1.531e+03 1.568e+03 1.607e+03 1.646e+03 1.686e+03 1.728e+03 1.770e+03 1.813e+03
 1.858e+03 1.903e+03 1.950e+03 1.998e+03 2.047e+03 2.097e+03 2.149e+03 2.201e+03
 2.255e+03 2.310e+03 2.367e+03 2.425e+03 2.485e+03 2.546e+03 2.608e+03 2.672e+03
 2.737e+03 2.804e+03 2.873e+03 2.944e+03 3.016e+03 3.090e+03 3.166e+03 3.243e+03
 3.323e+03 3.404e+03 3.488e+03 3.573e+03 3.661e+03 3.750e+03 3.842e+03 3.937e+03
 4.033e+03 4.132e+03 4.233e+03 4.337e+03 4.443e+03 4.552e+03 4.664e+03 4.778e+03
 4.895e+03 5.015e+03 5.138e+03 5.264e+03 5.393e+03 5.526e+03 5.661e+03 5.800e+03
 5.942e+03 6.088e+03 6.237e+03 6.390e+03 6.547e+03 6.707e+03 6.872e+03 7.040e+03
 7.213e+03 7.390e+03 7.571e+03 7.756e+03 7.947e+03 8.141e+03 8.341e+03 8.545e+03
 8.755e+03 8.970e+03 9.190e+03 9.415e+03 9.646e+03 9.882e+03 1.012e+04 1.037e+04
 1.063e+04 1.089e+04 1.115e+04 1.143e+04 1.171e+04 1.200e+04 1.229e+04 1.259e+04
 1.290e+04 1.322e+04 1.354e+04 1.387e+04 1.421e+04 1.456e+04 1.492e+04 1.528e+04
 1.566e+04 1.604e+04 1.643e+04 1.684e+04 1.725e+04 1.767e+04 1.811e+04 1.855e+04
 1.901e+04 1.947e+04 1.995e+04 2.044e+04 2.094e+04 2.145e+04 2.198e+04 2.252e+04
 2.307e+04 2.363e+04 2.421e+04 2.481e+04 2.542e+04 2.604e+04 2.668e+04 2.733e+04
 2.800e+04 2.869e+04 2.939e+04 3.011e+04 3.085e+04 3.161e+04 3.238e+04 3.318e+04
 3.399e+04 3.482e+04 3.568e+04 3.655e+04 3.745e+04 3.836e+04 3.931e+04 4.027e+04
 4.126e+04 4.227e+04 4.330e+04 4.437e+04 4.545e+04 4.657e+04 4.771e+04 4.888e+04
 5.008e+04 5.131e+04 5.256e+04 5.385e+04 5.517e+04 5.652e+04 5.791e+04 5.933e+04
 6.078e+04 6.228e+04 6.380e+04 6.537e+04 6.697e+04 6.861e+04 7.029e+04 7.202e+04
 7.378e+04 7.559e+04 7.744e+04 7.934e+04 8.129e+04 8.328e+04 8.532e+04 8.741e+04
 8.956e+04 9.175e+04 9.400e+04 9.631e+04 9.867e+04 1.011e+05 1.036e+05 1.061e+05
 1.087e+05 1.114e+05 1.141e+05 1.169e+05 1.198e+05 1.227e+05 1.257e+05 1.288e+05
 1.320e+05 1.352e+05 1.385e+05 1.419e+05 1.454e+05 1.489e+05 1.526e+05 1.563e+05
 1.602e+05 1.641e+05 1.681e+05 1.722e+05 1.765e+05 1.808e+05 1.852e+05 1.898e+05
 1.944e+05 1.992e+05 2.041e+05 2.091e+05 2.142e+05 2.194e+05 2.248e+05 2.303e+05
 2.360e+05 2.418e+05 2.477e+05 2.538e+05 2.600e+05 2.664e+05 2.729e+05 2.796e+05
 2.864e+05 2.935e+05 3.007e+05 3.080e+05 3.156e+05 3.233e+05 3.312e+05 3.394e+05
 3.477e+05 3.562e+05 3.649e+05 3.739e+05 3.831e+05 3.924e+05 4.021e+05 4.119e+05
 4.220e+05 4.324e+05 4.430e+05 4.538e+05 4.650e+05 4.764e+05 4.880e+05 5.000e+05
sqrt(<Z^2>) for tau[ms]=    0.1
 2.236e-18 2.236e-18 2.236e-18 2.236e-18 2.236e-18 2.236e-18 2.236e-18 4.546e-16
 1.205e-15 3.106e-15 7.793e-15 1.904e-14 4.533e-14 1.053e-13 2.387e-13 5.287e-13
 1.145e-12 2.425e-12 5.028e-12 1.022e-11 2.035e-11 3.978e-11 7.636e-11 1.440e-10
 2.671e-10 4.874e-10 8.760e-10 1.552e-09 2.710e-09 4.672e-09 7.952e-09 1.337e-08
 2.220e-08 3.642e-08 5.905e-08 9.465e-08 1.500e-07 2.350e-07 3.643e-07 5.585e-07
 8.474e-07 1.272e-06 1.891e-06 2.784e-06 4.057e-06 5.857e-06 8.378e-06 1.187e-05
 1.668e-05 2.322e-05 3.206e-05 4.390e-05 5.961e-05 8.031e-05 1.074e-04 1.424e-04
 1.876e-04 2.453e-04 3.184e-04 4.106e-04 5.260e-04 6.695e-04 8.467e-04 1.064e-03
 1.329e-03 1.651e-03 2.039e-03 2.505e-03 3.060e-03 3.718e-03 4.496e-03 5.409e-03
 6.478e-03 7.722e-03 9.165e-03 1.083e-02 1.275e-02 1.494e-02 1.745e-02 2.029e-02
 2.351e-02 2.714e-02 3.121e-02 3.578e-02 4.087e-02 4.654e-02 5.281e-02 5.975e-02
 6.738e-02 7.577e-02 8.494e-02 9.494e-02 1.058e-01 1.176e-01 1.303e-01 1.440e-01
 1.587e-01 1.744e-01 1.911e-01 2.089e-01 2.277e-01 2.475e-01 2.683e-01 2.901e-01
 3.128e-01 3.363e-01 3.605e-01 3.853e-01 4.107e-01 4.364e-01 4.623e-01 4.884e-01
 5.143e-01 5.400e-01 5.654e-01 5.903e-01 6.145e-01 6.380e-01 6.607e-01 6.825e-01
 7.033e-01 7.232e-01 7.420e-01 7.598e-01 7.766e-01 7.924e-01 8.074e-01 8.214e-01
 8.346e-01 8.471e-01 8.589e-01 8.700e-01 8.807e-01 8.910e-01 9.010e-01 9.107e-01
 9.203e-01 9.299e-01 9.396e-01 9.495e-01 9.597e-01 9.703e-01 9.814e-01 9.932e-01
 1.006e+00 1.019e+00 1.033e+00 1.048e+00 1.064e+00 1.082e+00 1.100e+00 1.119e+00
 1.139e+00 1.161e+00 1.183e+00 1.206e+00 1.230e+00 1.254e+00 1.279e+00 1.304e+00
 1.330e+00 1.356e+00 1.381e+00 1.407e+00 1.432e+00 1.457e+00 1.481e+00 1.505e+00
 1.528e+00 1.550e+00 1.572e+00 1.592e+00 1.612e+00 1.632e+00 1.650e+00 1.667e+00
 1.684e+00 1.700e+00 1.715e+00 1.729e+00 1.742e+00 1.755e+00 1.767e+00 1.778e+00
 1.789e+00 1.799e+00 1.808e+00 1.817e+00 1.826e+00 1.833e+00 1.841e+00 1.848e+00
 1.855e+00 1.861e+00 1.867e+00 1.872e+00 1.878e+00 1.883e+00 1.887e+00 1.892e+00
 1.896e+00 1.900e+00 1.904e+00 1.907e+00 1.910e+00 1.914e+00 1.917e+00 1.920e+00
 1.922e+00 1.925e+00 1.927e+00 1.930e+00 1.932e+00 1.934e+00 1.936e+00 1.938e+00
 1.939e+00 1.941e+00 1.943e+00 1.944e+00 1.946e+00 1.947e+00 1.949e+00 1.950e+00
 1.951e+00 1.952e+00 1.953e+00 1.954e+00 1.955e+00 1.956e+00 1.957e+00 1.958e+00
 1.959e+00 1.960e+00 1.961e+00 1.962e+00 1.962e+00 1.963e+00 1.964e+00 1.964e+00
 1.965e+00 1.966e+00 1.966e+00 1.967e+00 1.967e+00 1.968e+00 1.968e+00 1.969e+00
 1.969e+00 1.970e+00 1.970e+00 1.970e+00 1.971e+00 1.971e+00 1.972e+00 1.972e+00
 1.972e+00 1.973e+00 1.973e+00 1.973e+00 1.974e+00 1.974e+00 1.974e+00 1.974e+00
 1.975e+00 1.975e+00 1.975e+00 1.975e+00 1.975e+00 1.976e+00 1.976e+00 1.976e+00
 1.976e+00 1.976e+00 1.977e+00 1.977e+00 1.977e+00 1.977e+00 1.977e+00 1.977e+00
 1.977e+00 1.978e+00 1.978e+00 1.978e+00 1.978e+00 1.978e+00 1.978e+00 1.978e+00
 1.978e+00 1.978e+00 1.978e+00 1.979e+00 1.979e+00 1.979e+00 1.979e+00 1.979e+00
 1.979e+00 1.979e+00 1.979e+00 1.979e+00 1.979e+00 1.979e+00 1.979e+00 1.979e+00
 1.979e+00 1.979e+00 1.979e+00 1.979e+00 1.979e+00 1.979e+00 1.979e+00 1.979e+00
 1.979e+00 1.979e+00 1.979e+00 1.979e+00 1.979e+00 1.979e+00 1.979e+00 1.979e+00
 1.979e+00 1.979e+00 1.979e+00 1.979e+00 1.979e+00 1.979e+00 1.979e+00 1.979e+00
 1.979e+00 1.979e+00 1.979e+00 1.979e+00 1.979e+00 1.979e+00 1.979e+00 1.979e+00
 1.979e+00 1.979e+00 1.979e+00 1.979e+00 1.979e+00 1.979e+00 1.979e+00 1.978e+00
 1.978e+00 1.978e+00 1.978e+00 1.978e+00 1.978e+00 1.978e+00 1.978e+00 1.978e+00
 1.978e+00 1.978e+00 1.978e+00 1.978e+00 1.978e+00 1.978e+00 1.978e+00 1.977e+00
 1.977e+00 1.977e+00 1.977e+00 1.977e+00 1.977e+00 1.977e+00 1.977e+00 1.977e+00
 1.977e+00 1.977e+00 1.977e+00 1.977e+00 1.976e+00 1.976e+00 1.976e+00 1.976e+00
 1.976e+00 1.976e+00 1.976e+00 1.976e+00 1.976e+00 1.976e+00 1.976e+00 1.976e+00
 1.975e+00 1.975e+00 1.975e+00 1.975e+00 1.975e+00 1.975e+00 1.975e+00 1.975e+00
 1.975e+00 1.975e+00 1.975e+00 1.975e+00 1.974e+00 1.974e+00 1.974e+00 1.974e+00
 1.974e+00 1.974e+00 1.974e+00 1.974e+00 1.974e+00 1.974e+00 1.973e+00 1.973e+00
 1.973e+00 1.973e+00 1.973e+00 1.973e+00 1.973e+00 1.973e+00 1.973e+00 1.973e+00
 1.972e+00 1.972e+00 1.972e+00 1.972e+00 1.972e+00 1.972e+00 1.972e+00 1.972e+00
 1.972e+00 1.971e+00 1.971e+00 1.971e+00 1.971e+00 1.971e+00 1.971e+00 1.971e+00
 1.971e+00 1.971e+00 1.970e+00 1.970e+00 1.970e+00 1.970e+00 1.970e+00 1.970e+00
 1.970e+00 1.970e+00 1.970e+00 1.969e+00 1.969e+00 1.969e+00 1.969e+00 1.969e+00
 1.969e+00 1.969e+00 1.969e+00 1.968e+00 1.968e+00 1.968e+00 1.968e+00 1.968e+00
 1.968e+00 1.968e+00 1.968e+00 1.967e+00 1.967e+00 1.967e+00 1.967e+00 1.967e+00
 1.967e+00 1.967e+00 1.967e+00 1.966e+00 1.966e+00 1.966e+00 1.966e+00 1.966e+00
 1.966e+00 1.966e+00 1.965e+00 1.965e+00 1.965e+00 1.965e+00 1.965e+00 1.965e+00
 1.965e+00 1.964e+00 1.964e+00 1.964e+00 1.964e+00 1.964e+00 1.964e+00 1.964e+00
 1.963e+00 1.963e+00 1.963e+00 1.963e+00 1.963e+00 1.963e+00 1.963e+00 1.962e+00
 1.962e+00 1.962e+00 1.962e+00 1.962e+00 1.962e+00 1.962e+00 1.961e+00 1.961e+00
 1.961e+00 1.961e+00 1.961e+00 1.961e+00 1.960e+00 1.960e+00 1.960e+00 1.960e+00
 1.960e+00 1.960e+00 1.959e+00 1.959e+00 1.959e+00 1.959e+00 1.959e+00 1.959e+00
 1.958e+00 1.958e+00 1.958e+00 1.958e+00 1.958e+00 1.958e+00 1.957e+00 1.957e+00
 1.957e+00 1.957e+00 1.957e+00 1.957e+00 1.956e+00 1.956e+00 1.956e+00 1.956e+00
 1.956e+00 1.956e+00 1.955e+00 1.955e+00 1.955e+00 1.955e+00 1.955e+00 1.954e+00
 1.954e+00 1.954e+00 1.954e+00 1.954e+00 1.954e+00 1.953e+00 1.953e+00 1.953e+00
 1.953e+00 1.953e+00 1.952e+00 1.952e+00 1.952e+00 1.952e+00 1.952e+00 1.951e+00
 1.951e+00 1.951e+00 1.951e+00 1.951e+00 1.950e+00 1.950e+00 1.950e+00 1.950e+00
 1.950e+00 1.949e+00 1.949e+00 1.949e+00 1.949e+00 1.949e+00 1.948e+00 1.948e+00
 1.948e+00 1.948e+00 1.948e+00 1.947e+00 1.947e+00 1.947e+00 1.947e+00 1.947e+00
 1.946e+00 1.946e+00 1.946e+00 1.946e+00 1.945e+00 1.945e+00 1.945e+00 1.945e+00
 1.945e+00 1.944e+00 1.944e+00 1.944e+00 1.944e+00 1.943e+00 1.943e+00 1.943e+00
sqrt(<Z^2>) for tau[ms]=    1.0
 2.236e-18 2.236e-18 2.236e-18 2.236e-18 2.236e-18 2.236e-18 2.925e-16 8.141e-16
 2.204e-15 5.798e-15 1.484e-14 3.696e-14 8.969e-14 2.122e-13 4.896e-13 1.103e-12
 2.429e-12 5.228e-12 1.101e-11 2.272e-11 4.592e-11 9.103e-11 1.771e-10 3.385e-10
 6.359e-10 1.175e-09 2.137e-09 3.829e-09 6.764e-09 1.179e-08 2.027e-08 3.442e-08
 5.772e-08 9.560e-08 1.564e-07 2.529e-07 4.040e-07 6.381e-07 9.963e-07 1.539e-06
 2.350e-06 3.552e-06 5.312e-06 7.862e-06 1.152e-05 1.672e-05 2.403e-05 3.422e-05
 4.827e-05 6.749e-05 9.355e-05 1.285e-04 1.752e-04 2.368e-04 3.175e-04 4.225e-04
 5.580e-04 7.316e-04 9.524e-04 1.231e-03 1.581e-03 2.016e-03 2.555e-03 3.218e-03
 4.028e-03 5.012e-03 6.200e-03 7.627e-03 9.332e-03 1.136e-02 1.375e-02 1.657e-02
 1.986e-02 2.370e-02 2.816e-02 3.331e-02 3.924e-02 4.603e-02 5.377e-02 6.256e-02
 7.250e-02 8.370e-02 9.625e-02 1.103e-01 1.258e-01 1.431e-01 1.620e-01 1.828e-01
 2.055e-01 2.300e-01 2.564e-01 2.847e-01 3.146e-01 3.462e-01 3.792e-01 4.133e-01
 4.483e-01 4.839e-01 5.196e-01 5.551e-01 5.901e-01 6.241e-01 6.569e-01 6.881e-01
 7.177e-01 7.453e-01 7.709e-01 7.944e-01 8.159e-01 8.355e-01 8.531e-01 8.690e-01
 8.832e-01 8.959e-01 9.073e-01 9.175e-01 9.266e-01 9.348e-01 9.423e-01 9.491e-01
 9.555e-01 9.615e-01 9.673e-01 9.730e-01 9.788e-01 9.849e-01 9.915e-01 9.987e-01
 1.007e+00 1.016e+00 1.026e+00 1.038e+00 1.051e+00 1.067e+00 1.085e+00 1.105e+00
 1.127e+00 1.152e+00 1.179e+00 1.208e+00 1.240e+00 1.274e+00 1.309e+00 1.345e+00
 1.382e+00 1.420e+00 1.457e+00 1.494e+00 1.530e+00 1.565e+00 1.598e+00 1.630e+00
 1.660e+00 1.689e+00 1.715e+00 1.739e+00 1.762e+00 1.782e+00 1.801e+00 1.818e+00
 1.834e+00 1.848e+00 1.861e+00 1.873e+00 1.884e+00 1.893e+00 1.902e+00 1.910e+00
 1.917e+00 1.924e+00 1.930e+00 1.935e+00 1.940e+00 1.944e+00 1.948e+00 1.952e+00
 1.955e+00 1.958e+00 1.961e+00 1.964e+00 1.966e+00 1.968e+00 1.970e+00 1.972e+00
 1.974e+00 1.975e+00 1.977e+00 1.978e+00 1.979e+00 1.980e+00 1.981e+00 1.982e+00
 1.983e+00 1.984e+00 1.985e+00 1.985e+00 1.986e+00 1.987e+00 1.987e+00 1.988e+00
 1.988e+00 1.989e+00 1.989e+00 1.990e+00 1.990e+00 1.991e+00 1.991e+00 1.991e+00
 1.992e+00 1.992e+00 1.992e+00 1.992e+00 1.993e+00 1.993e+00 1.993e+00 1.993e+00
 1.994e+00 1.994e+00 1.994e+00 1.994e+00 1.994e+00 1.994e+00 1.995e+00 1.995e+00
 1.995e+00 1.995e+00 1.995e+00 1.995e+00 1.995e+00 1.995e+00 1.996e+00 1.996e+00
 1.996e+00 1.996e+00 1.996e+00 1.996e+00 1.996e+00 1.996e+00 1.996e+00 1.996e+00
 1.996e+00 1.996e+00 1.997e+00 1.997e+00 1.997e+00 1.997e+00 1.997e+00 1.997e+00
 1.997e+00 1.997e+00 1.997e+00 1.997e+00 1.997e+00 1.997e+00 1.997e+00 1.997e+00
 1.997e+00 1.997e+00 1.997e+00 1.997e+00 1.997e+00 1.997e+00 1.997e+00 1.997e+00
 1.997e+00 1.997e+00 1.997e+00 1.997e+00 1.997e+00 1.998e+00 1.998e+00 1.998e+00
 1.998e+00 1.998e+00 1.998e+00 1.998e+00 1.998e+00 1.998e+00 1.998e+00 1.998e+00
 1.998e+00 1.998e+00 1.998e+00 1.998e+00 1.998e+00 1.998e+00 1.998e+00 1.998e+00
 1.998e+00 1.998e+00 1.998e+00 1.998e+00 1.998e+00 1.998e+00 1.998e+00 1.998e+00
 1.998e+00 1.998e+00 1.998e+00 1.998e+00 1.998e+00 1.998e+00 1.998e+00 1.998e+00
 1.998e+00 1.998e+00 1.998e+00 1.998e+00 1.998e+00 1.998e+00 1.998e+00 1.998e+00
 1.998e+00 1.998e+00 1.998e+00 1.998e+00 1.998e+00 1.998e+00 1.998e+00 1.998e+00
 1.998e+00 1.998e+00 1.998e+00 1.998e+00 1.998e+00 1.998e+00 1.998e+00 1.998e+00
 1.998e+00 1.998e+00 1.998e+00 1.998e+00 1.998e+00 1.998e+00 1.998e+00 1.998e+00
 1.998e+00 1.998e+00 1.998e+00 1.998e+00 1.998e+00 1.998e+00 1.998e+00 1.998e+00
 1.998e+00 1.998e+00 1.998e+00 1.998e+00 1.998e+00 1.998e+00 1.998e+00 1.998e+00
 1.998e+00 1.998e+00 1.998e+00 1.998e+00 1.998e+00 1.998e+00 1.998e+00 1.998e+00
 1.998e+00 1.998e+00 1.998e+00 1.998e+00 1.998e+00 1.998e+00 1.998e+00 1.998e+00
 1.998e+00 1.998e+00 1.998e+00 1.998e+00 1.998e+00 1.998e+00 1.998e+00 1.998e+00
 1.998e+00 1.998e+00 1.998e+00 1.998e+00 1.998e+00 1.998e+00 1.998e+00 1.998e+00
 1.998e+00 1.997e+00 1.997e+00 1.997e+00 1.997e+00 1.997e+00 1.997e+00 1.997e+00
 1.997e+00 1.997e+00 1.997e+00 1.997e+00 1.997e+00 1.997e+00 1.997e+00 1.997e+00
 1.997e+00 1.997e+00 1.997e+00 1.997e+00 1.997e+00 1.997e+00 1.997e+00 1.997e+00
 1.997e+00 1.997e+00 1.997e+00 1.997e+00 1.997e+00 1.997e+00 1.997e+00 1.997e+00
 1.997e+00 1.997e+00 1.997e+00 1.997e+00 1.997e+00 1.997e+00 1.997e+00 1.997e+00
 1.997e+00 1.997e+00 1.997e+00 1.997e+00 1.997e+00 1.997e+00 1.997e+00 1.997e+00
 1.997e+00 1.997e+00 1.997e+00 1.997e+00 1.997e+00 1.997e+00 1.997e+00 1.997e+00
 1.997e+00 1.997e+00 1.997e+00 1.997e+00 1.997e+00 1.997e+00 1.997e+00 1.997e+00
 1.997e+00 1.997e+00 1.997e+00 1.997e+00 1.997e+00 1.997e+00 1.997e+00 1.997e+00
 1.997e+00 1.997e+00 1.997e+00 1.997e+00 1.997e+00 1.997e+00 1.997e+00 1.997e+00
 1.997e+00 1.997e+00 1.997e+00 1.997e+00 1.997e+00 1.997e+00 1.996e+00 1.996e+00
 1.996e+00 1.996e+00 1.996e+00 1.996e+00 1.996e+00 1.996e+00 1.996e+00 1.996e+00
 1.996e+00 1.996e+00 1.996e+00 1.996e+00 1.996e+00 1.996e+00 1.996e+00 1.996e+00
 1.996e+00 1.996e+00 1.996e+00 1.996e+00 1.996e+00 1.996e+00 1.996e+00 1.996e+00
 1.996e+00 1.996e+00 1.996e+00 1.996e+00 1.996e+00 1.996e+00 1.996e+00 1.996e+00
 1.996e+00 1.996e+00 1.996e+00 1.996e+00 1.996e+00 1.996e+00 1.996e+00 1.996e+00
 1.996e+00 1.996e+00 1.996e+00 1.996e+00 1.996e+00 1.996e+00 1.996e+00 1.996e+00
 1.996e+00 1.996e+00 1.996e+00 1.996e+00 1.996e+00 1.996e+00 1.996e+00 1.996e+00
 1.996e+00 1.996e+00 1.996e+00 1.995e+00 1.995e+00 1.995e+00 1.995e+00 1.995e+00
 1.995e+00 1.995e+00 1.995e+00 1.995e+00 1.995e+00 1.995e+00 1.995e+00 1.995e+00
 1.995e+00 1.995e+00 1.995e+00 1.995e+00 1.995e+00 1.995e+00 1.995e+00 1.995e+00
 1.995e+00 1.995e+00 1.995e+00 1.995e+00 1.995e+00 1.995e+00 1.995e+00 1.995e+00
 1.995e+00 1.995e+00 1.995e+00 1.995e+00 1.995e+00 1.995e+00 1.995e+00 1.995e+00
 1.995e+00 1.995e+00 1.995e+00 1.995e+00 1.995e+00 1.995e+00 1.995e+00 1.995e+00
 1.995e+00 1.995e+00 1.995e+00 1.994e+00 1.994e+00 1.994e+00 1.994e+00 1.994e+00
 1.994e+00 1.994e+00 1.994e+00 1.994e+00 1.994e+00 1.994e+00 1.994e+00 1.994e+00
 1.994e+00 1.994e+00 1.994e+00 1.994e+00 1.994e+00 1.994e+00 1.994e+00 1.994e+00
sqrt(<Z^2>) for tau[ms]=   10.0
 2.236e-18 2.236e-18 2.236e-18 2.236e-18 2.236e-18 2.236e-18 3.285e-16 9.222e-16
 2.519e-15 6.688e-15 1.728e-14 4.346e-14 1.065e-13 2.547e-13 5.940e-13 1.353e-12
 3.013e-12 6.560e-12 1.398e-11 2.919e-11 5.973e-11 1.199e-10 2.363e-10 4.575e-10
 8.709e-10 1.631e-09 3.008e-09 5.465e-09 9.792e-09 1.731e-08 3.022e-08 5.209e-08
 8.868e-08 1.491e-07 2.478e-07 4.069e-07 6.603e-07 1.059e-06 1.680e-06 2.634e-06
 4.086e-06 6.271e-06 9.520e-06 1.430e-05 2.127e-05 3.131e-05 4.564e-05 6.590e-05
 9.425e-05 1.336e-04 1.876e-04 2.611e-04 3.603e-04 4.930e-04 6.692e-04 9.011e-04
 1.204e-03 1.596e-03 2.101e-03 2.745e-03 3.562e-03 4.590e-03 5.876e-03 7.472e-03
 9.441e-03 1.186e-02 1.480e-02 1.836e-02 2.265e-02 2.779e-02 3.390e-02 4.115e-02
 4.968e-02 5.969e-02 7.135e-02 8.489e-02 1.005e-01 1.184e-01 1.388e-01 1.620e-01
 1.880e-01 2.171e-01 2.492e-01 2.845e-01 3.227e-01 3.636e-01 4.068e-01 4.519e-01
 4.980e-01 5.445e-01 5.904e-01 6.350e-01 6.774e-01 7.171e-01 7.536e-01 7.867e-01
 8.162e-01 8.422e-01 8.649e-01 8.846e-01 9.015e-01 9.159e-01 9.283e-01 9.388e-01
 9.477e-01 9.552e-01 9.617e-01 9.671e-01 9.718e-01 9.759e-01 9.794e-01 9.825e-01
 9.854e-01 9.881e-01 9.907e-01 9.934e-01 9.964e-01 9.997e-01 1.004e+00 1.008e+00
 1.014e+00 1.021e+00 1.030e+00 1.041e+00 1.055e+00 1.072e+00 1.092e+00 1.116e+00
 1.144e+00 1.177e+00 1.213e+00 1.254e+00 1.298e+00 1.345e+00 1.394e+00 1.443e+00
 1.493e+00 1.542e+00 1.588e+00 1.633e+00 1.674e+00 1.712e+00 1.746e+00 1.777e+00
 1.805e+00 1.829e+00 1.850e+00 1.869e+00 1.886e+00 1.900e+00 1.912e+00 1.923e+00
 1.932e+00 1.940e+00 1.948e+00 1.954e+00 1.959e+00 1.964e+00 1.968e+00 1.971e+00
 1.974e+00 1.977e+00 1.979e+00 1.981e+00 1.983e+00 1.985e+00 1.986e+00 1.988e+00
 1.989e+00 1.990e+00 1.991e+00 1.991e+00 1.992e+00 1.993e+00 1.993e+00 1.994e+00
 1.994e+00 1.995e+00 1.995e+00 1.995e+00 1.996e+00 1.996e+00 1.996e+00 1.997e+00
 1.997e+00 1.997e+00 1.997e+00 1.997e+00 1.998e+00 1.998e+00 1.998e+00 1.998e+00
 1.998e+00 1.998e+00 1.998e+00 1.998e+00 1.998e+00 1.998e+00 1.999e+00 1.999e+00
 1.999e+00 1.999e+00 1.999e+00 1.999e+00 1.999e+00 1.999e+00 1.999e+00 1.999e+00
 1.999e+00 1.999e+00 1.999e+00 1.999e+00 1.999e+00 1.999e+00 1.999e+00 1.999e+00
 1.999e+00 1.999e+00 1.999e+00 1.999e+00 1.999e+00 1.999e+00 1.999e+00 1.999e+00
 1.999e+00 1.999e+00 1.999e+00 1.999e+00 2.000e+00 2.000e+00 2.000e+00 2.000e+00
 2.000e+00 2.000e+00 2.000e+00 2.000e+00 2.000e+00 2.000e+00 2.000e+00 2.000e+00
 2.000e+00 2.000e+00 2.000e+00 2.000e+00 2.000e+00 2.000e+00 2.000e+00 2.000e+00
 2.000e+00 2.000e+00 2.000e+00 2.000e+00 2.000e+00 2.000e+00 2.000e+00 2.000e+00
 2.000e+00 2.000e+00 2.000e+00 2.000e+00 2.000e+00 2.000e+00 2.000e+00 2.000e+00
 2.000e+00 2.000e+00 2.000e+00 2.000e+00 2.000e+00 2.000e+00 2.000e+00 2.000e+00
 2.000e+00 2.000e+00 2.000e+00 2.000e+00 2.000e+00 2.000e+00 2.000e+00 2.000e+00
 2.000e+00 2.000e+00 2.000e+00 2.000e+00 2.000e+00 2.000e+00 2.000e+00 2.000e+00
 2.000e+00 2.000e+00 2.000e+00 2.000e+00 2.000e+00 2.000e+00 2.000e+00 2.000e+00
 2.000e+00 2.000e+00 2.000e+00 2.000e+00 2.000e+00 2.000e+00 2.000e+00 2.000e+00
 2.000e+00 2.000e+00 2.000e+00 2.000e+00 2.000e+00 2.000e+00 2.000e+00 2.000e+00
 2.000e+00 2.000e+00 2.000e+00 2.000e+00 2.000e+00 2.000e+00 2.000e+00 2.000e+00
 2.000e+00 2.000e+00 2.000e+00 2.000e+00 2.000e+00 2.000e+00 2.000e+00 2.000e+00
 2.000e+00 2.000e+00 2.000e+00 2.000e+00 2.000e+00 2.000e+00 2.000e+00 2.000e+00
 2.000e+00 2.000e+00 2.000e+00 2.000e+00 2.000e+00 2.000e+00 2.000e+00 2.000e+00
 2.000e+00 2.000e+00 2.000e+00 2.000e+00 2.000e+00 2.000e+00 2.000e+00 2.000e+00
 2.000e+00 2.000e+00 2.000e+00 2.000e+00 2.000e+00 2.000e+00 2.000e+00 2.000e+00
 2.000e+00 2.000e+00 2.000e+00 2.000e+00 2.000e+00 2.000e+00 2.000e+00 2.000e+00
 2.000e+00 2.000e+00 2.000e+00 2.000e+00 2.000e+00 2.000e+00 2.000e+00 2.000e+00
 2.000e+00 2.000e+00 2.000e+00 2.000e+00 2.000e+00 2.000e+00 2.000e+00 2.000e+00
 2.000e+00 2.000e+00 2.000e+00 2.000e+00 2.000e+00 2.000e+00 2.000e+00 2.000e+00
 2.000e+00 2.000e+00 2.000e+00 2.000e+00 2.000e+00 2.000e+00 2.000e+00 2.000e+00
 2.000e+00 2.000e+00 2.000e+00 2.000e+00 2.000e+00 2.000e+00 2.000e+00 2.000e+00
 2.000e+00 2.000e+00 2.000e+00 2.000e+00 2.000e+00 2.000e+00 2.000e+00 2.000e+00
 2.000e+00 2.000e+00 2.000e+00 2.000e+00 2.000e+00 2.000e+00 2.000e+00 2.000e+00
 2.000e+00 2.000e+00 2.000e+00 2.000e+00 2.000e+00 2.000e+00 2.000e+00 2.000e+00
 2.000e+00 2.000e+00 2.000e+00 2.000e+00 2.000e+00 2.000e+00 2.000e+00 2.000e+00
 2.000e+00 2.000e+00 2.000e+00 2.000e+00 2.000e+00 2.000e+00 2.000e+00 2.000e+00
 2.000e+00 2.000e+00 2.000e+00 2.000e+00 2.000e+00 2.000e+00 2.000e+00 2.000e+00
 2.000e+00 2.000e+00 2.000e+00 2.000e+00 2.000e+00 2.000e+00 2.000e+00 2.000e+00
 2.000e+00 2.000e+00 2.000e+00 2.000e+00 2.000e+00 2.000e+00 2.000e+00 2.000e+00
 2.000e+00 2.000e+00 2.000e+00 2.000e+00 2.000e+00 2.000e+00 2.000e+00 2.000e+00
 2.000e+00 2.000e+00 2.000e+00 2.000e+00 2.000e+00 2.000e+00 2.000e+00 2.000e+00
 2.000e+00 2.000e+00 2.000e+00 2.000e+00 2.000e+00 2.000e+00 2.000e+00 2.000e+00
 2.000e+00 2.000e+00 2.000e+00 2.000e+00 2.000e+00 2.000e+00 2.000e+00 2.000e+00
 2.000e+00 2.000e+00 2.000e+00 2.000e+00 2.000e+00 2.000e+00 2.000e+00 2.000e+00
 2.000e+00 2.000e+00 2.000e+00 2.000e+00 2.000e+00 2.000e+00 2.000e+00 2.000e+00
 2.000e+00 2.000e+00 2.000e+00 2.000e+00 2.000e+00 2.000e+00 2.000e+00 2.000e+00
 2.000e+00 2.000e+00 2.000e+00 2.000e+00 2.000e+00 2.000e+00 2.000e+00 2.000e+00
 2.000e+00 2.000e+00 2.000e+00 2.000e+00 2.000e+00 2.000e+00 2.000e+00 2.000e+00
 2.000e+00 2.000e+00 2.000e+00 2.000e+00 2.000e+00 2.000e+00 2.000e+00 2.000e+00
 2.000e+00 2.000e+00 2.000e+00 1.999e+00 1.999e+00 1.999e+00 1.999e+00 1.999e+00
 1.999e+00 1.999e+00 1.999e+00 1.999e+00 1.999e+00 1.999e+00 1.999e+00 1.999e+00
 1.999e+00 1.999e+00 1.999e+00 1.999e+00 1.999e+00 1.999e+00 1.999e+00 1.999e+00
 1.999e+00 1.999e+00 1.999e+00 1.999e+00 1.999e+00 1.999e+00 1.999e+00 1.999e+00
 1.999e+00 1.999e+00 1.999e+00 1.999e+00 1.999e+00 1.999e+00 1.999e+00 1.999e+00
 1.999e+00 1.999e+00 1.999e+00 1.999e+00 1.999e+00 1.999e+00 1.999e+00 1.999e+00
sqrt(<Z^2>) for tau[ms]=  100.0
 2.236e-18 2.236e-18 2.236e-18 2.236e-18 2.236e-18 2.236e-18 3.329e-16 9.356e-16
 2.558e-15 6.801e-15 1.759e-14 4.432e-14 1.088e-13 2.605e-13 6.086e-13 1.389e-12
 3.097e-12 6.757e-12 1.443e-11 3.019e-11 6.191e-11 1.246e-10 2.461e-10 4.777e-10
 9.117e-10 1.712e-09 3.167e-09 5.773e-09 1.038e-08 1.841e-08 3.225e-08 5.581e-08
 9.541e-08 1.611e-07 2.689e-07 4.436e-07 7.235e-07 1.166e-06 1.860e-06 2.933e-06
 4.576e-06 7.062e-06 1.079e-05 1.631e-05 2.441e-05 3.617e-05 5.309e-05 7.718e-05
 1.112e-04 1.587e-04 2.245e-04 3.148e-04 4.379e-04 6.039e-04 8.263e-04 1.122e-03
 1.511e-03 2.021e-03 2.682e-03 3.536e-03 4.629e-03 6.018e-03 7.774e-03 9.976e-03
 1.272e-02 1.613e-02 2.032e-02 2.545e-02 3.169e-02 3.924e-02 4.833e-02 5.920e-02
 7.214e-02 8.744e-02 1.054e-01 1.265e-01 1.508e-01 1.789e-01 2.110e-01 2.471e-01
 2.875e-01 3.320e-01 3.802e-01 4.315e-01 4.850e-01 5.395e-01 5.937e-01 6.462e-01
 6.957e-01 7.413e-01 7.822e-01 8.181e-01 8.491e-01 8.755e-01 8.975e-01 9.159e-01
 9.309e-01 9.433e-01 9.534e-01 9.617e-01 9.684e-01 9.738e-01 9.783e-01 9.820e-01
 9.850e-01 9.875e-01 9.896e-01 9.914e-01 9.930e-01 9.944e-01 9.957e-01 9.970e-01
 9.985e-01 1.000e+00 1.002e+00 1.005e+00 1.008e+00 1.012e+00 1.017e+00 1.024e+00
 1.034e+00 1.046e+00 1.061e+00 1.080e+00 1.103e+00 1.131e+00 1.165e+00 1.204e+00
 1.248e+00 1.297e+00 1.350e+00 1.405e+00 1.462e+00 1.518e+00 1.573e+00 1.625e+00
 1.673e+00 1.717e+00 1.756e+00 1.791e+00 1.822e+00 1.848e+00 1.871e+00 1.890e+00
 1.906e+00 1.920e+00 1.932e+00 1.942e+00 1.951e+00 1.958e+00 1.964e+00 1.969e+00
 1.973e+00 1.977e+00 1.980e+00 1.982e+00 1.985e+00 1.987e+00 1.988e+00 1.990e+00
 1.991e+00 1.992e+00 1.993e+00 1.994e+00 1.994e+00 1.995e+00 1.996e+00 1.996e+00
 1.996e+00 1.997e+00 1.997e+00 1.997e+00 1.998e+00 1.998e+00 1.998e+00 1.998e+00
 1.998e+00 1.999e+00 1.999e+00 1.999e+00 1.999e+00 1.999e+00 1.999e+00 1.999e+00
 1.999e+00 1.999e+00 1.999e+00 1.999e+00 1.999e+00 1.999e+00 1.999e+00 2.000e+00
 2.000e+00 2.000e+00 2.000e+00 2.000e+00 2.000e+00 2.000e+00 2.000e+00 2.000e+00
 2.000e+00 2.000e+00 2.000e+00 2.000e+00 2.000e+00 2.000e+00 2.000e+00 2.000e+00
 2.000e+00 2.000e+00 2.000e+00 2.000e+00 2.000e+00 2.000e+00 2.000e+00 2.000e+00
 2.000e+00 2.000e+00 2.000e+00 2.000e+00 2.000e+00 2.000e+00 2.000e+00 2.000e+00
 2.000e+00 2.000e+00 2.000e+00 2.000e+00 2.000e+00 2.000e+00 2.000e+00 2.000e+00
 2.000e+00 2.000e+00 2.000e+00 2.000e+00 2.000e+00 2.000e+00 2.000e+00 2.000e+00
 2.000e+00 2.000e+00 2.000e+00 2.000e+00 2.000e+00 2.000e+00 2.000e+00 2.000e+00
 2.000e+00 2.000e+00 2.000e+00 2.000e+00 2.000e+00 2.000e+00 2.000e+00 2.000e+00
 2.000e+00 2.000e+00 2.000e+00 2.000e+00 2.000e+00 2.000e+00 2.000e+00 2.000e+00
 2.000e+00 2.000e+00 2.000e+00 2.000e+00 2.000e+00 2.000e+00 2.000e+00 2.000e+00
 2.000e+00 2.000e+00 2.000e+00 2.000e+00 2.000e+00 2.000e+00 2.000e+00 2.000e+00
 2.000e+00 2.000e+00 2.000e+00 2.000e+00 2.000e+00 2.000e+00 2.000e+00 2.000e+00
 2.000e+00 2.000e+00 2.000e+00 2.000e+00 2.000e+00 2.000e+00 2.000e+00 2.000e+00
 2.000e+00 2.000e+00 2.000e+00 2.000e+00 2.000e+00 2.000e+00 2.000e+00 2.000e+00
 2.000e+00 2.000e+00 2.000e+00 2.000e+00 2.000e+00 2.000e+00 2.000e+00 2.000e+00
 2.000e+00 2.000e+00 2.000e+00 2.000e+00 2.000e+00 2.000e+00 2.000e+00 2.000e+00
 2.000e+00 2.000e+00 2.000e+00 2.000e+00 2.000e+00 2.000e+00 2.000e+00 2.000e+00
 2.000e+00 2.000e+00 2.000e+00 2.000e+00 2.000e+00 2.000e+00 2.000e+00 2.000e+00
 2.000e+00 2.000e+00 2.000e+00 2.000e+00 2.000e+00 2.000e+00 2.000e+00 2.000e+00
 2.000e+00 2.000e+00 2.000e+00 2.000e+00 2.000e+00 2.000e+00 2.000e+00 2.000e+00
 2.000e+00 2.000e+00 2.000e+00 2.000e+00 2.000e+00 2.000e+00 2.000e+00 2.000e+00
 2.000e+00 2.000e+00 2.000e+00 2.000e+00 2.000e+00 2.000e+00 2.000e+00 2.000e+00
 2.000e+00 2.000e+00 2.000e+00 2.000e+00 2.000e+00 2.000e+00 2.000e+00 2.000e+00
 2.000e+00 2.000e+00 2.000e+00 2.000e+00 2.000e+00 2.000e+00 2.000e+00 2.000e+00
 2.000e+00 2.000e+00 2.000e+00 2.000e+00 2.000e+00 2.000e+00 2.000e+00 2.000e+00
 2.000e+00 2.000e+00 2.000e+00 2.000e+00 2.000e+00 2.000e+00 2.000e+00 2.000e+00
 2.000e+00 2.000e+00 2.000e+00 2.000e+00 2.000e+00 2.000e+00 2.000e+00 2.000e+00
 2.000e+00 2.000e+00 2.000e+00 2.000e+00 2.000e+00 2.000e+00 2.000e+00 2.000e+00
 2.000e+00 2.000e+00 2.000e+00 2.000e+00 2.000e+00 2.000e+00 2.000e+00 2.000e+00
 2.000e+00 2.000e+00 2.000e+00 2.000e+00 2.000e+00 2.000e+00 2.000e+00 2.000e+00
 2.000e+00 2.000e+00 2.000e+00 2.000e+00 2.000e+00 2.000e+00 2.000e+00 2.000e+00
 2.000e+00 2.000e+00 2.000e+00 2.000e+00 2.000e+00 2.000e+00 2.000e+00 2.000e+00
 2.000e+00 2.000e+00 2.000e+00 2.000e+00 2.000e+00 2.000e+00 2.000e+00 2.000e+00
 2.000e+00 2.000e+00 2.000e+00 2.000e+00 2.000e+00 2.000e+00 2.000e+00 2.000e+00
 2.000e+00 2.000e+00 2.000e+00 2.000e+00 2.000e+00 2.000e+00 2.000e+00 2.000e+00
 2.000e+00 2.000e+00 2.000e+00 2.000e+00 2.000e+00 2.000e+00 2.000e+00 2.000e+00
 2.000e+00 2.000e+00 2.000e+00 2.000e+00 2.000e+00 2.000e+00 2.000e+00 2.000e+00
 2.000e+00 2.000e+00 2.000e+00 2.000e+00 2.000e+00 2.000e+00 2.000e+00 2.000e+00
 2.000e+00 2.000e+00 2.000e+00 2.000e+00 2.000e+00 2.000e+00 2.000e+00 2.000e+00
 2.000e+00 2.000e+00 2.000e+00 2.000e+00 2.000e+00 2.000e+00 2.000e+00 2.000e+00
 2.000e+00 2.000e+00 2.000e+00 2.000e+00 2.000e+00 2.000e+00 2.000e+00 2.000e+00
 2.000e+00 2.000e+00 2.000e+00 2.000e+00 2.000e+00 2.000e+00 2.000e+00 2.000e+00
 2.000e+00 2.000e+00 2.000e+00 2.000e+00 2.000e+00 2.000e+00 2.000e+00 2.000e+00
 2.000e+00 2.000e+00 2.000e+00 2.000e+00 2.000e+00 2.000e+00 2.000e+00 2.000e+00
 2.000e+00 2.000e+00 2.000e+00 2.000e+00 2.000e+00 2.000e+00 2.000e+00 2.000e+00
 2.000e+00 2.000e+00 2.000e+00 2.000e+00 2.000e+00 2.000e+00 2.000e+00 2.000e+00
 2.000e+00 2.000e+00 2.000e+00 2.000e+00 2.000e+00 2.000e+00 2.000e+00 2.000e+00
 2.000e+00 2.000e+00 2.000e+00 2.000e+00 2.000e+00 2.000e+00 2.000e+00 2.000e+00
 2.000e+00 2.000e+00 2.000e+00 2.000e+00 2.000e+00 2.000e+00 2.000e+00 2.000e+00
 2.000e+00 2.000e+00 2.000e+00 2.000e+00 2.000e+00 2.000e+00 2.000e+00 2.000e+00
 2.000e+00 2.000e+00 2.000e+00 2.000e+00 2.000e+00 2.000e+00 2.000e+00 2.000e+00
sqrt(<Z^2>) for tau[ms]= 1000.0
 2.236e-18 2.236e-18 2.236e-18 2.236e-18 2.236e-18 2.236e-18 3.334e-16 9.369e-16
 2.562e-15 6.813e-15 1.763e-14 4.441e-14 1.090e-13 2.611e-13 6.101e-13 1.392e-12
 3.106e-12 6.778e-12 1.448e-11 3.029e-11 6.214e-11 1.251e-10 2.471e-10 4.799e-10
 9.161e-10 1.721e-09 3.184e-09 5.806e-09 1.044e-08 1.853e-08 3.248e-08 5.623e-08
 9.617e-08 1.625e-07 2.714e-07 4.479e-07 7.308e-07 1.179e-06 1.881e-06 2.969e-06
 4.635e-06 7.159e-06 1.094e-05 1.656e-05 2.481e-05 3.679e-05 5.405e-05 7.866e-05
 1.134e-04 1.620e-04 2.295e-04 3.223e-04 4.487e-04 6.196e-04 8.489e-04 1.154e-03
 1.557e-03 2.084e-03 2.771e-03 3.659e-03 4.797e-03 6.247e-03 8.083e-03 1.039e-02
 1.328e-02 1.686e-02 2.128e-02 2.670e-02 3.332e-02 4.135e-02 5.103e-02 6.265e-02
 7.650e-02 9.292e-02 1.123e-01 1.349e-01 1.613e-01 1.916e-01 2.263e-01 2.654e-01
 3.090e-01 3.568e-01 4.083e-01 4.627e-01 5.188e-01 5.752e-01 6.304e-01 6.828e-01
 7.314e-01 7.751e-01 8.135e-01 8.466e-01 8.745e-01 8.978e-01 9.169e-01 9.326e-01
 9.453e-01 9.556e-01 9.638e-01 9.705e-01 9.759e-01 9.803e-01 9.838e-01 9.867e-01
 9.890e-01 9.909e-01 9.926e-01 9.940e-01 9.952e-01 9.963e-01 9.974e-01 9.986e-01
 9.999e-01 1.001e+00 1.003e+00 1.006e+00 1.009e+00 1.014e+00 1.019e+00 1.027e+00
 1.037e+00 1.050e+00 1.066e+00 1.087e+00 1.112e+00 1.142e+00 1.178e+00 1.220e+00
 1.267e+00 1.319e+00 1.374e+00 1.431e+00 1.489e+00 1.546e+00 1.600e+00 1.651e+00
 1.699e+00 1.741e+00 1.779e+00 1.812e+00 1.840e+00 1.865e+00 1.886e+00 1.903e+00
 1.918e+00 1.931e+00 1.941e+00 1.950e+00 1.958e+00 1.964e+00 1.969e+00 1.974e+00
 1.977e+00 1.980e+00 1.983e+00 1.985e+00 1.987e+00 1.989e+00 1.990e+00 1.992e+00
 1.993e+00 1.994e+00 1.994e+00 1.995e+00 1.996e+00 1.996e+00 1.997e+00 1.997e+00
 1.997e+00 1.998e+00 1.998e+00 1.998e+00 1.998e+00 1.998e+00 1.999e+00 1.999e+00
 1.999e+00 1.999e+00 1.999e+00 1.999e+00 1.999e+00 1.999e+00 1.999e+00 1.999e+00
 1.999e+00 1.999e+00 2.000e+00 2.000e+00 2.000e+00 2.000e+00 2.000e+00 2.000e+00
 2.000e+00 2.000e+00 2.000e+00 2.000e+00 2.000e+00 2.000e+00 2.000e+00 2.000e+00
 2.000e+00 2.000e+00 2.000e+00 2.000e+00 2.000e+00 2.000e+00 2.000e+00 2.000e+00
 2.000e+00 2.000e+00 2.000e+00 2.000e+00 2.000e+00 2.000e+00 2.000e+00 2.000e+00
 2.000e+00 2.000e+00 2.000e+00 2.000e+00 2.000e+00 2.000e+00 2.000e+00 2.000e+00
 2.000e+00 2.000e+00 2.000e+00 2.000e+00 2.000e+00 2.000e+00 2.000e+00 2.000e+00
 2.000e+00 2.000e+00 2.000e+00 2.000e+00 2.000e+00 2.000e+00 2.000e+00 2.000e+00
 2.000e+00 2.000e+00 2.000e+00 2.000e+00 2.000e+00 2.000e+00 2.000e+00 2.000e+00
 2.000e+00 2.000e+00 2.000e+00 2.000e+00 2.000e+00 2.000e+00 2.000e+00 2.000e+00
 2.000e+00 2.000e+00 2.000e+00 2.000e+00 2.000e+00 2.000e+00 2.000e+00 2.000e+00
 2.000e+00 2.000e+00 2.000e+00 2.000e+00 2.000e+00 2.000e+00 2.000e+00 2.000e+00
 2.000e+00 2.000e+00 2.000e+00 2.000e+00 2.000e+00 2.000e+00 2.000e+00 2.000e+00
 2.000e+00 2.000e+00 2.000e+00 2.000e+00 2.000e+00 2.000e+00 2.000e+00 2.000e+00
 2.000e+00 2.000e+00 2.000e+00 2.000e+00 2.000e+00 2.000e+00 2.000e+00 2.000e+00
 2.000e+00 2.000e+00 2.000e+00 2.000e+00 2.000e+00 2.000e+00 2.000e+00 2.000e+00
 2.000e+00 2.000e+00 2.000e+00 2.000e+00 2.000e+00 2.000e+00 2.000e+00 2.000e+00
 2.000e+00 2.000e+00 2.000e+00 2.000e+00 2.000e+00 2.000e+00 2.000e+00 2.000e+00
 2.000e+00 2.000e+00 2.000e+00 2.000e+00 2.000e+00 2.000e+00 2.000e+00 2.000e+00
 2.000e+00 2.000e+00 2.000e+00 2.000e+00 2.000e+00 2.000e+00 2.000e+00 2.000e+00
 2.000e+00 2.000e+00 2.000e+00 2.000e+00 2.000e+00 2.000e+00 2.000e+00 2.000e+00
 2.000e+00 2.000e+00 2.000e+00 2.000e+00 2.000e+00 2.000e+00 2.000e+00 2.000e+00
 2.000e+00 2.000e+00 2.000e+00 2.000e+00 2.000e+00 2.000e+00 2.000e+00 2.000e+00
 2.000e+00 2.000e+00 2.000e+00 2.000e+00 2.000e+00 2.000e+00 2.000e+00 2.000e+00
 2.000e+00 2.000e+00 2.000e+00 2.000e+00 2.000e+00 2.000e+00 2.000e+00 2.000e+00
 2.000e+00 2.000e+00 2.000e+00 2.000e+00 2.000e+00 2.000e+00 2.000e+00 2.000e+00
 2.000e+00 2.000e+00 2.000e+00 2.000e+00 2.000e+00 2.000e+00 2.000e+00 2.000e+00
 2.000e+00 2.000e+00 2.000e+00 2.000e+00 2.000e+00 2.000e+00 2.000e+00 2.000e+00
 2.000e+00 2.000e+00 2.000e+00 2.000e+00 2.000e+00 2.000e+00 2.000e+00 2.000e+00
 2.000e+00 2.000e+00 2.000e+00 2.000e+00 2.000e+00 2.000e+00 2.000e+00 2.000e+00
 2.000e+00 2.000e+00 2.000e+00 2.000e+00 2.000e+00 2.000e+00 2.000e+00 2.000e+00
 2.000e+00 2.000e+00 2.000e+00 2.000e+00 2.000e+00 2.000e+00 2.000e+00 2.000e+00
 2.000e+00 2.000e+00 2.000e+00 2.000e+00 2.000e+00 2.000e+00 2.000e+00 2.000e+00
 2.000e+00 2.000e+00 2.000e+00 2.000e+00 2.000e+00 2.000e+00 2.000e+00 2.000e+00
 2.000e+00 2.000e+00 2.000e+00 2.000e+00 2.000e+00 2.000e+00 2.000e+00 2.000e+00
 2.000e+00 2.000e+00 2.000e+00 2.000e+00 2.000e+00 2.000e+00 2.000e+00 2.000e+00
 2.000e+00 2.000e+00 2.000e+00 2.000e+00 2.000e+00 2.000e+00 2.000e+00 2.000e+00
 2.000e+00 2.000e+00 2.000e+00 2.000e+00 2.000e+00 2.000e+00 2.000e+00 2.000e+00
 2.000e+00 2.000e+00 2.000e+00 2.000e+00 2.000e+00 2.000e+00 2.000e+00 2.000e+00
 2.000e+00 2.000e+00 2.000e+00 2.000e+00 2.000e+00 2.000e+00 2.000e+00 2.000e+00
 2.000e+00 2.000e+00 2.000e+00 2.000e+00 2.000e+00 2.000e+00 2.000e+00 2.000e+00
 2.000e+00 2.000e+00 2.000e+00 2.000e+00 2.000e+00 2.000e+00 2.000e+00 2.000e+00
 2.000e+00 2.000e+00 2.000e+00 2.000e+00 2.000e+00 2.000e+00 2.000e+00 2.000e+00
 2.000e+00 2.000e+00 2.000e+00 2.000e+00 2.000e+00 2.000e+00 2.000e+00 2.000e+00
 2.000e+00 2.000e+00 2.000e+00 2.000e+00 2.000e+00 2.000e+00 2.000e+00 2.000e+00
 2.000e+00 2.000e+00 2.000e+00 2.000e+00 2.000e+00 2.000e+00 2.000e+00 2.000e+00
 2.000e+00 2.000e+00 2.000e+00 2.000e+00 2.000e+00 2.000e+00 2.000e+00 2.000e+00
 2.000e+00 2.000e+00 2.000e+00 2.000e+00 2.000e+00 2.000e+00 2.000e+00 2.000e+00
 2.000e+00 2.000e+00 2.000e+00 2.000e+00 2.000e+00 2.000e+00 2.000e+00 2.000e+00
 2.000e+00 2.000e+00 2.000e+00 2.000e+00 2.000e+00 2.000e+00 2.000e+00 2.000e+00
 2.000e+00 2.000e+00 2.000e+00 2.000e+00 2.000e+00 2.000e+00 2.000e+00 2.000e+00
 2.000e+00 2.000e+00 2.000e+00 2.000e+00 2.000e+00 2.000e+00 2.000e+00 2.000e+00
 2.000e+00 2.000e+00 2.000e+00 2.000e+00 2.000e+00 2.000e+00 2.000e+00 2.000e+00
sqrt(<Z^2>) in equilibrium - infinite confinement
 2.236e-18 2.405e-18 4.650e-18 1.310e-17 3.918e-17 1.156e-16 3.334e-16 9.371e-16
 2.563e-15 6.814e-15 1.763e-14 4.442e-14 1.091e-13 2.611e-13 6.102e-13 1.393e-12
 3.107e-12 6.780e-12 1.448e-11 3.031e-11 6.217e-11 1.251e-10 2.473e-10 4.801e-10
 9.166e-10 1.722e-09 3.186e-09 5.810e-09 1.045e-08 1.855e-08 3.251e-08 5.628e-08
 9.625e-08 1.627e-07 2.716e-07 4.484e-07 7.317e-07 1.181e-06 1.884e-06 2.973e-06
 4.641e-06 7.170e-06 1.096e-05 1.659e-05 2.485e-05 3.686e-05 5.416e-05 7.882e-05
 1.137e-04 1.624e-04 2.301e-04 3.231e-04 4.500e-04 6.215e-04 8.515e-04 1.158e-03
 1.562e-03 2.092e-03 2.782e-03 3.673e-03 4.817e-03 6.274e-03 8.119e-03 1.044e-02
 1.334e-02 1.695e-02 2.140e-02 2.686e-02 3.352e-02 4.161e-02 5.137e-02 6.307e-02
 7.704e-02 9.360e-02 1.131e-01 1.360e-01 1.626e-01 1.932e-01 2.282e-01 2.677e-01
 3.117e-01 3.599e-01 4.118e-01 4.666e-01 5.230e-01 5.796e-01 6.349e-01 6.873e-01
 7.357e-01 7.791e-01 8.172e-01 8.499e-01 8.775e-01 9.003e-01 9.192e-01 9.345e-01
 9.469e-01 9.569e-01 9.650e-01 9.715e-01 9.768e-01 9.810e-01 9.844e-01 9.872e-01
 9.895e-01 9.913e-01 9.929e-01 9.942e-01 9.954e-01 9.965e-01 9.976e-01 9.987e-01
 1.000e+00 1.002e+00 1.004e+00 1.006e+00 1.009e+00 1.014e+00 1.020e+00 1.027e+00
 1.037e+00 1.050e+00 1.067e+00 1.087e+00 1.113e+00 1.144e+00 1.180e+00 1.222e+00
 1.269e+00 1.321e+00 1.377e+00 1.434e+00 1.492e+00 1.549e+00 1.603e+00 1.655e+00
 1.702e+00 1.744e+00 1.781e+00 1.814e+00 1.842e+00 1.867e+00 1.887e+00 1.905e+00
 1.920e+00 1.932e+00 1.942e+00 1.951e+00 1.958e+00 1.965e+00 1.970e+00 1.974e+00
 1.978e+00 1.981e+00 1.984e+00 1.986e+00 1.988e+00 1.989e+00 1.991e+00 1.992e+00
 1.993e+00 1.994e+00 1.994e+00 1.995e+00 1.996e+00 1.996e+00 1.997e+00 1.997e+00
 1.997e+00 1.998e+00 1.998e+00 1.998e+00 1.998e+00 1.998e+00 1.999e+00 1.999e+00
 1.999e+00 1.999e+00 1.999e+00 1.999e+00 1.999e+00 1.999e+00 1.999e+00 1.999e+00
 1.999e+00 1.999e+00 2.000e+00 2.000e+00 2.000e+00 2.000e+00 2.000e+00 2.000e+00
 2.000e+00 2.000e+00 2.000e+00 2.000e+00 2.000e+00 2.000e+00 2.000e+00 2.000e+00
 2.000e+00 2.000e+00 2.000e+00 2.000e+00 2.000e+00 2.000e+00 2.000e+00 2.000e+00
 2.000e+00 2.000e+00 2.000e+00 2.000e+00 2.000e+00 2.000e+00 2.000e+00 2.000e+00
 2.000e+00 2.000e+00 2.000e+00 2.000e+00 2.000e+00 2.000e+00 2.000e+00 2.000e+00
 2.000e+00 2.000e+00 2.000e+00 2.000e+00 2.000e+00 2.000e+00 2.000e+00 2.000e+00
 2.000e+00 2.000e+00 2.000e+00 2.000e+00 2.000e+00 2.000e+00 2.000e+00 2.000e+00
 2.000e+00 2.000e+00 2.000e+00 2.000e+00 2.000e+00 2.000e+00 2.000e+00 2.000e+00
 2.000e+00 2.000e+00 2.000e+00 2.000e+00 2.000e+00 2.000e+00 2.000e+00 2.000e+00
 2.000e+00 2.000e+00 2.000e+00 2.000e+00 2.000e+00 2.000e+00 2.000e+00 2.000e+00
 2.000e+00 2.000e+00 2.000e+00 2.000e+00 2.000e+00 2.000e+00 2.000e+00 2.000e+00
 2.000e+00 2.000e+00 2.000e+00 2.000e+00 2.000e+00 2.000e+00 2.000e+00 2.000e+00
 2.000e+00 2.000e+00 2.000e+00 2.000e+00 2.000e+00 2.000e+00 2.000e+00 2.000e+00
 2.000e+00 2.000e+00 2.000e+00 2.000e+00 2.000e+00 2.000e+00 2.000e+00 2.000e+00
 2.000e+00 2.000e+00 2.000e+00 2.000e+00 2.000e+00 2.000e+00 2.000e+00 2.000e+00
 2.000e+00 2.000e+00 2.000e+00 2.000e+00 2.000e+00 2.000e+00 2.000e+00 2.000e+00
 2.000e+00 2.000e+00 2.000e+00 2.000e+00 2.000e+00 2.000e+00 2.000e+00 2.000e+00
 2.000e+00 2.000e+00 2.000e+00 2.000e+00 2.000e+00 2.000e+00 2.000e+00 2.000e+00
 2.000e+00 2.000e+00 2.000e+00 2.000e+00 2.000e+00 2.000e+00 2.000e+00 2.000e+00
 2.000e+00 2.000e+00 2.000e+00 2.000e+00 2.000e+00 2.000e+00 2.000e+00 2.000e+00
 2.000e+00 2.000e+00 2.000e+00 2.000e+00 2.000e+00 2.000e+00 2.000e+00 2.000e+00
 2.000e+00 2.000e+00 2.000e+00 2.000e+00 2.000e+00 2.000e+00 2.000e+00 2.000e+00
 2.000e+00 2.000e+00 2.000e+00 2.000e+00 2.000e+00 2.000e+00 2.000e+00 2.000e+00
 2.000e+00 2.000e+00 2.000e+00 2.000e+00 2.000e+00 2.000e+00 2.000e+00 2.000e+00
 2.000e+00 2.000e+00 2.000e+00 2.000e+00 2.000e+00 2.000e+00 2.000e+00 2.000e+00
 2.000e+00 2.000e+00 2.000e+00 2.000e+00 2.000e+00 2.000e+00 2.000e+00 2.000e+00
 2.000e+00 2.000e+00 2.000e+00 2.000e+00 2.000e+00 2.000e+00 2.000e+00 2.000e+00
 2.000e+00 2.000e+00 2.000e+00 2.000e+00 2.000e+00 2.000e+00 2.000e+00 2.000e+00
 2.000e+00 2.000e+00 2.000e+00 2.000e+00 2.000e+00 2.000e+00 2.000e+00 2.000e+00
 2.000e+00 2.000e+00 2.000e+00 2.000e+00 2.000e+00 2.000e+00 2.000e+00 2.000e+00
 2.000e+00 2.000e+00 2.000e+00 2.000e+00 2.000e+00 2.000e+00 2.000e+00 2.000e+00
 2.000e+00 2.000e+00 2.000e+00 2.000e+00 2.000e+00 2.000e+00 2.000e+00 2.000e+00
 2.000e+00 2.000e+00 2.000e+00 2.000e+00 2.000e+00 2.000e+00 2.000e+00 2.000e+00
 2.000e+00 2.000e+00 2.000e+00 2.000e+00 2.000e+00 2.000e+00 2.000e+00 2.000e+00
 2.000e+00 2.000e+00 2.000e+00 2.000e+00 2.000e+00 2.000e+00 2.000e+00 2.000e+00
 2.000e+00 2.000e+00 2.000e+00 2.000e+00 2.000e+00 2.000e+00 2.000e+00 2.000e+00
 2.000e+00 2.000e+00 2.000e+00 2.000e+00 2.000e+00 2.000e+00 2.000e+00 2.000e+00
 2.000e+00 2.000e+00 2.000e+00 2.000e+00 2.000e+00 2.000e+00 2.000e+00 2.000e+00
 2.000e+00 2.000e+00 2.000e+00 2.000e+00 2.000e+00 2.000e+00 2.000e+00 2.000e+00
 2.000e+00 2.000e+00 2.000e+00 2.000e+00 2.000e+00 2.000e+00 2.000e+00 2.000e+00
 2.000e+00 2.000e+00 2.000e+00 2.000e+00 2.000e+00 2.000e+00 2.000e+00 2.000e+00
 2.000e+00 2.000e+00 2.000e+00 2.000e+00 2.000e+00 2.000e+00 2.000e+00 2.000e+00
 2.000e+00 2.000e+00 2.000e+00 2.000e+00 2.000e+00 2.000e+00 2.000e+00 2.000e+00
 2.000e+00 2.000e+00 2.000e+00 2.000e+00 2.000e+00 2.000e+00 2.000e+00 2.000e+00
 2.000e+00 2.000e+00 2.000e+00 2.000e+00 2.000e+00 2.000e+00 2.000e+00 2.000e+00
 2.000e+00 2.000e+00 2.000e+00 2.000e+00 2.000e+00 2.000e+00 2.000e+00 2.000e+00
 2.000e+00 2.000e+00 2.000e+00 2.000e+00 2.000e+00 2.000e+00 2.000e+00 2.000e+00
 2.000e+00 2.000e+00 2.000e+00 2.000e+00 2.000e+00 2.000e+00 2.000e+00 2.000e+00
 2.000e+00 2.000e+00 2.000e+00 2.000e+00 2.000e+00 2.000e+00 2.000e+00 2.000e+00
 2.000e+00 2.000e+00 2.000e+00 2.000e+00 2.000e+00 2.000e+00 2.000e+00 2.000e+00
 2.000e+00 2.000e+00 2.000e+00 2.000e+00 2.000e+00 2.000e+00 2.000e+00 2.000e+00
 2.000e+00 2.000e+00 2.000e+00 2.000e+00 2.000e+00 2.000e+00 2.000e+00 2.000e+00
C-------------------------------------------------------------------------------
C
C  The fractional abundance and radiated power were generated from the
C  ADAS installation at UKAEA with the named adf11 files. The adf11 data
C  files may be updated in a later release of ADAS and publicly
C  available versions may be found at https://open.adas.ac.uk/.
C
C  The equilibrium balance data was produced with run_adas405.py and
C  the balance with a confinement time with adas4xx_ionbal_tau.py
C  which are functions from the ADAS library. Details on these codes
C  may be found at: https://www.adas.ac.uk/python_lib/index.html
C
C  Copyright (C) 2023 UK Atomic Energy Authority
C
C  This file was generated for use in the UKAEA systems code PROCESS
C  using a script written by Martin O'Mullane.
C  If acquired without provenance a user is strongly advised
C  to check its validity by re-generating using the adf11 files from
C  the OPEN-ADAS site.
C
C  Produced by : Timothy Nunn
C  Date        : 29-07-26
C
C-------------------------------------------------------------------------------
