Mean quadratic charge as a function dwell time.
Temperature :      0.2 - 500000.0 eV
Density     : 1.00e+20 m-3
   600     5  # Te values, dwell time

Source data:
acd : /home/adas/adas/adf11/acd89/acd89_kr.dat
scd : /home/adas/adas/adf11/scd89/scd89_kr.dat
plt : /home/adas/adas/adf11/plt89/plt89_kr.dat
prb : /home/adas/adas/adf11/prb89/prb89_kr.dat

Te[eV]
 2.500e-01 2.561e-01 2.624e-01 2.688e-01 2.754e-01 2.822e-01 2.891e-01 2.962e-01
 3.035e-01 3.109e-01 3.185e-01 3.263e-01 3.343e-01 3.425e-01 3.509e-01 3.595e-01
 3.683e-01 3.774e-01 3.866e-01 3.961e-01 4.058e-01 4.158e-01 4.260e-01 4.364e-01
 4.471e-01 4.581e-01 4.693e-01 4.808e-01 4.926e-01 5.047e-01 5.170e-01 5.297e-01
 5.427e-01 5.560e-01 5.696e-01 5.836e-01 5.979e-01 6.126e-01 6.276e-01 6.430e-01
 6.587e-01 6.749e-01 6.914e-01 7.084e-01 7.257e-01 7.435e-01 7.618e-01 7.804e-01
 7.996e-01 8.192e-01 8.393e-01 8.598e-01 8.809e-01 9.025e-01 9.247e-01 9.473e-01
 9.706e-01 9.943e-01 1.019e+00 1.044e+00 1.069e+00 1.096e+00 1.122e+00 1.150e+00
 1.178e+00 1.207e+00 1.237e+00 1.267e+00 1.298e+00 1.330e+00 1.362e+00 1.396e+00
 1.430e+00 1.465e+00 1.501e+00 1.538e+00 1.575e+00 1.614e+00 1.654e+00 1.694e+00
 1.736e+00 1.778e+00 1.822e+00 1.867e+00 1.912e+00 1.959e+00 2.007e+00 2.056e+00
 2.107e+00 2.159e+00 2.211e+00 2.266e+00 2.321e+00 2.378e+00 2.436e+00 2.496e+00
 2.557e+00 2.620e+00 2.684e+00 2.750e+00 2.818e+00 2.887e+00 2.957e+00 3.030e+00
 3.104e+00 3.180e+00 3.258e+00 3.338e+00 3.420e+00 3.504e+00 3.590e+00 3.678e+00
 3.768e+00 3.860e+00 3.955e+00 4.052e+00 4.151e+00 4.253e+00 4.357e+00 4.464e+00
 4.574e+00 4.686e+00 4.801e+00 4.918e+00 5.039e+00 5.162e+00 5.289e+00 5.419e+00
 5.551e+00 5.688e+00 5.827e+00 5.970e+00 6.116e+00 6.266e+00 6.420e+00 6.577e+00
 6.738e+00 6.904e+00 7.073e+00 7.246e+00 7.424e+00 7.606e+00 7.792e+00 7.983e+00
 8.179e+00 8.380e+00 8.585e+00 8.796e+00 9.011e+00 9.232e+00 9.459e+00 9.691e+00
 9.928e+00 1.017e+01 1.042e+01 1.068e+01 1.094e+01 1.121e+01 1.148e+01 1.176e+01
 1.205e+01 1.235e+01 1.265e+01 1.296e+01 1.328e+01 1.360e+01 1.394e+01 1.428e+01
 1.463e+01 1.499e+01 1.535e+01 1.573e+01 1.612e+01 1.651e+01 1.692e+01 1.733e+01
 1.776e+01 1.819e+01 1.864e+01 1.909e+01 1.956e+01 2.004e+01 2.053e+01 2.104e+01
 2.155e+01 2.208e+01 2.262e+01 2.318e+01 2.374e+01 2.433e+01 2.492e+01 2.553e+01
 2.616e+01 2.680e+01 2.746e+01 2.813e+01 2.882e+01 2.953e+01 3.025e+01 3.099e+01
 3.175e+01 3.253e+01 3.333e+01 3.415e+01 3.498e+01 3.584e+01 3.672e+01 3.762e+01
 3.854e+01 3.949e+01 4.046e+01 4.145e+01 4.246e+01 4.351e+01 4.457e+01 4.566e+01
 4.678e+01 4.793e+01 4.911e+01 5.031e+01 5.154e+01 5.281e+01 5.410e+01 5.543e+01
 5.679e+01 5.818e+01 5.961e+01 6.107e+01 6.256e+01 6.410e+01 6.567e+01 6.728e+01
 6.893e+01 7.062e+01 7.235e+01 7.412e+01 7.594e+01 7.780e+01 7.971e+01 8.167e+01
 8.367e+01 8.572e+01 8.782e+01 8.997e+01 9.218e+01 9.444e+01 9.676e+01 9.913e+01
 1.016e+02 1.040e+02 1.066e+02 1.092e+02 1.119e+02 1.146e+02 1.174e+02 1.203e+02
 1.233e+02 1.263e+02 1.294e+02 1.326e+02 1.358e+02 1.391e+02 1.426e+02 1.461e+02
 1.496e+02 1.533e+02 1.571e+02 1.609e+02 1.649e+02 1.689e+02 1.730e+02 1.773e+02
 1.816e+02 1.861e+02 1.906e+02 1.953e+02 2.001e+02 2.050e+02 2.100e+02 2.152e+02
 2.205e+02 2.259e+02 2.314e+02 2.371e+02 2.429e+02 2.488e+02 2.549e+02 2.612e+02
 2.676e+02 2.742e+02 2.809e+02 2.878e+02 2.948e+02 3.021e+02 3.095e+02 3.170e+02
 3.248e+02 3.328e+02 3.409e+02 3.493e+02 3.579e+02 3.666e+02 3.756e+02 3.848e+02
 3.943e+02 4.039e+02 4.138e+02 4.240e+02 4.344e+02 4.450e+02 4.559e+02 4.671e+02
 4.786e+02 4.903e+02 5.023e+02 5.146e+02 5.273e+02 5.402e+02 5.534e+02 5.670e+02
 5.809e+02 5.951e+02 6.097e+02 6.247e+02 6.400e+02 6.557e+02 6.718e+02 6.882e+02
 7.051e+02 7.224e+02 7.401e+02 7.582e+02 7.768e+02 7.959e+02 8.154e+02 8.354e+02
 8.559e+02 8.769e+02 8.984e+02 9.204e+02 9.429e+02 9.661e+02 9.897e+02 1.014e+03
 1.039e+03 1.064e+03 1.090e+03 1.117e+03 1.145e+03 1.173e+03 1.201e+03 1.231e+03
 1.261e+03 1.292e+03 1.324e+03 1.356e+03 1.389e+03 1.423e+03 1.458e+03 1.494e+03
 1.531e+03 1.568e+03 1.607e+03 1.646e+03 1.686e+03 1.728e+03 1.770e+03 1.813e+03
 1.858e+03 1.903e+03 1.950e+03 1.998e+03 2.047e+03 2.097e+03 2.149e+03 2.201e+03
 2.255e+03 2.310e+03 2.367e+03 2.425e+03 2.485e+03 2.546e+03 2.608e+03 2.672e+03
 2.737e+03 2.804e+03 2.873e+03 2.944e+03 3.016e+03 3.090e+03 3.166e+03 3.243e+03
 3.323e+03 3.404e+03 3.488e+03 3.573e+03 3.661e+03 3.750e+03 3.842e+03 3.937e+03
 4.033e+03 4.132e+03 4.233e+03 4.337e+03 4.443e+03 4.552e+03 4.664e+03 4.778e+03
 4.895e+03 5.015e+03 5.138e+03 5.264e+03 5.393e+03 5.526e+03 5.661e+03 5.800e+03
 5.942e+03 6.088e+03 6.237e+03 6.390e+03 6.547e+03 6.707e+03 6.872e+03 7.040e+03
 7.213e+03 7.390e+03 7.571e+03 7.756e+03 7.947e+03 8.141e+03 8.341e+03 8.545e+03
 8.755e+03 8.970e+03 9.190e+03 9.415e+03 9.646e+03 9.882e+03 1.012e+04 1.037e+04
 1.063e+04 1.089e+04 1.115e+04 1.143e+04 1.171e+04 1.200e+04 1.229e+04 1.259e+04
 1.290e+04 1.322e+04 1.354e+04 1.387e+04 1.421e+04 1.456e+04 1.492e+04 1.528e+04
 1.566e+04 1.604e+04 1.643e+04 1.684e+04 1.725e+04 1.767e+04 1.811e+04 1.855e+04
 1.901e+04 1.947e+04 1.995e+04 2.044e+04 2.094e+04 2.145e+04 2.198e+04 2.252e+04
 2.307e+04 2.363e+04 2.421e+04 2.481e+04 2.542e+04 2.604e+04 2.668e+04 2.733e+04
 2.800e+04 2.869e+04 2.939e+04 3.011e+04 3.085e+04 3.161e+04 3.238e+04 3.318e+04
 3.399e+04 3.482e+04 3.568e+04 3.655e+04 3.745e+04 3.836e+04 3.931e+04 4.027e+04
 4.126e+04 4.227e+04 4.330e+04 4.437e+04 4.545e+04 4.657e+04 4.771e+04 4.888e+04
 5.008e+04 5.131e+04 5.256e+04 5.385e+04 5.517e+04 5.652e+04 5.791e+04 5.933e+04
 6.078e+04 6.228e+04 6.380e+04 6.537e+04 6.697e+04 6.861e+04 7.029e+04 7.202e+04
 7.378e+04 7.559e+04 7.744e+04 7.934e+04 8.129e+04 8.328e+04 8.532e+04 8.741e+04
 8.956e+04 9.175e+04 9.400e+04 9.631e+04 9.867e+04 1.011e+05 1.036e+05 1.061e+05
 1.087e+05 1.114e+05 1.141e+05 1.169e+05 1.198e+05 1.227e+05 1.257e+05 1.288e+05
 1.320e+05 1.352e+05 1.385e+05 1.419e+05 1.454e+05 1.489e+05 1.526e+05 1.563e+05
 1.602e+05 1.641e+05 1.681e+05 1.722e+05 1.765e+05 1.808e+05 1.852e+05 1.898e+05
 1.944e+05 1.992e+05 2.041e+05 2.091e+05 2.142e+05 2.194e+05 2.248e+05 2.303e+05
 2.360e+05 2.418e+05 2.477e+05 2.538e+05 2.600e+05 2.664e+05 2.729e+05 2.796e+05
 2.864e+05 2.935e+05 3.007e+05 3.080e+05 3.156e+05 3.233e+05 3.312e+05 3.394e+05
 3.477e+05 3.562e+05 3.649e+05 3.739e+05 3.831e+05 3.924e+05 4.021e+05 4.119e+05
 4.220e+05 4.324e+05 4.430e+05 4.538e+05 4.650e+05 4.764e+05 4.880e+05 5.000e+05
sqrt(<Z^2>) for tau[ms]=    0.1
 2.622e-06 3.081e-06 3.621e-06 4.255e-06 5.000e-06 5.875e-06 6.903e-06 8.112e-06
 9.532e-06 1.120e-05 1.316e-05 1.547e-05 1.817e-05 2.135e-05 2.509e-05 2.949e-05
 3.465e-05 4.071e-05 4.784e-05 5.622e-05 6.606e-05 7.762e-05 9.121e-05 1.072e-04
 1.259e-04 1.480e-04 1.739e-04 2.043e-04 2.401e-04 2.821e-04 3.315e-04 3.896e-04
 4.578e-04 5.379e-04 6.321e-04 7.427e-04 8.728e-04 1.026e-03 1.205e-03 1.416e-03
 1.664e-03 1.955e-03 2.298e-03 2.700e-03 3.172e-03 3.728e-03 4.380e-03 5.147e-03
 6.048e-03 7.107e-03 8.351e-03 9.813e-03 1.153e-02 1.355e-02 1.592e-02 1.871e-02
 2.198e-02 2.582e-02 3.034e-02 3.564e-02 4.182e-02 4.903e-02 5.740e-02 6.706e-02
 7.817e-02 9.087e-02 1.053e-01 1.216e-01 1.398e-01 1.600e-01 1.822e-01 2.064e-01
 2.328e-01 2.612e-01 2.916e-01 3.238e-01 3.578e-01 3.933e-01 4.301e-01 4.677e-01
 5.059e-01 5.442e-01 5.822e-01 6.194e-01 6.555e-01 6.899e-01 7.226e-01 7.532e-01
 7.817e-01 8.082e-01 8.327e-01 8.554e-01 8.766e-01 8.967e-01 9.159e-01 9.346e-01
 9.534e-01 9.725e-01 9.924e-01 1.013e+00 1.036e+00 1.061e+00 1.088e+00 1.117e+00
 1.148e+00 1.183e+00 1.219e+00 1.258e+00 1.299e+00 1.341e+00 1.384e+00 1.427e+00
 1.471e+00 1.514e+00 1.557e+00 1.598e+00 1.639e+00 1.678e+00 1.717e+00 1.754e+00
 1.791e+00 1.827e+00 1.863e+00 1.899e+00 1.936e+00 1.973e+00 2.011e+00 2.049e+00
 2.089e+00 2.131e+00 2.173e+00 2.216e+00 2.259e+00 2.304e+00 2.348e+00 2.393e+00
 2.438e+00 2.483e+00 2.527e+00 2.571e+00 2.614e+00 2.657e+00 2.700e+00 2.742e+00
 2.785e+00 2.828e+00 2.871e+00 2.915e+00 2.959e+00 3.004e+00 3.049e+00 3.096e+00
 3.143e+00 3.191e+00 3.240e+00 3.290e+00 3.340e+00 3.391e+00 3.443e+00 3.495e+00
 3.547e+00 3.600e+00 3.654e+00 3.707e+00 3.762e+00 3.816e+00 3.871e+00 3.926e+00
 3.981e+00 4.037e+00 4.093e+00 4.149e+00 4.206e+00 4.262e+00 4.319e+00 4.376e+00
 4.433e+00 4.490e+00 4.547e+00 4.604e+00 4.661e+00 4.719e+00 4.776e+00 4.833e+00
 4.891e+00 4.948e+00 5.006e+00 5.063e+00 5.120e+00 5.177e+00 5.234e+00 5.291e+00
 5.348e+00 5.405e+00 5.461e+00 5.518e+00 5.574e+00 5.630e+00 5.686e+00 5.742e+00
 5.798e+00 5.853e+00 5.908e+00 5.963e+00 6.018e+00 6.073e+00 6.128e+00 6.182e+00
 6.237e+00 6.291e+00 6.346e+00 6.401e+00 6.456e+00 6.511e+00 6.567e+00 6.623e+00
 6.680e+00 6.737e+00 6.796e+00 6.855e+00 6.915e+00 6.977e+00 7.040e+00 7.104e+00
 7.169e+00 7.235e+00 7.303e+00 7.372e+00 7.443e+00 7.515e+00 7.587e+00 7.661e+00
 7.736e+00 7.813e+00 7.890e+00 7.968e+00 8.046e+00 8.126e+00 8.206e+00 8.287e+00
 8.368e+00 8.450e+00 8.532e+00 8.615e+00 8.698e+00 8.782e+00 8.866e+00 8.950e+00
 9.034e+00 9.119e+00 9.204e+00 9.289e+00 9.374e+00 9.459e+00 9.545e+00 9.630e+00
 9.716e+00 9.802e+00 9.888e+00 9.973e+00 1.006e+01 1.015e+01 1.023e+01 1.032e+01
 1.040e+01 1.049e+01 1.057e+01 1.066e+01 1.074e+01 1.083e+01 1.091e+01 1.100e+01
 1.108e+01 1.117e+01 1.125e+01 1.133e+01 1.141e+01 1.150e+01 1.158e+01 1.166e+01
 1.174e+01 1.182e+01 1.190e+01 1.197e+01 1.205e+01 1.213e+01 1.221e+01 1.228e+01
 1.236e+01 1.243e+01 1.251e+01 1.258e+01 1.265e+01 1.273e+01 1.280e+01 1.287e+01
 1.294e+01 1.301e+01 1.308e+01 1.315e+01 1.322e+01 1.329e+01 1.336e+01 1.343e+01
 1.350e+01 1.357e+01 1.364e+01 1.371e+01 1.377e+01 1.384e+01 1.391e+01 1.397e+01
 1.404e+01 1.411e+01 1.418e+01 1.424e+01 1.431e+01 1.437e+01 1.444e+01 1.450e+01
 1.457e+01 1.463e+01 1.470e+01 1.476e+01 1.482e+01 1.489e+01 1.495e+01 1.501e+01
 1.507e+01 1.513e+01 1.519e+01 1.525e+01 1.531e+01 1.537e+01 1.543e+01 1.548e+01
 1.554e+01 1.559e+01 1.565e+01 1.570e+01 1.575e+01 1.581e+01 1.586e+01 1.591e+01
 1.596e+01 1.600e+01 1.605e+01 1.610e+01 1.614e+01 1.619e+01 1.623e+01 1.628e+01
 1.632e+01 1.636e+01 1.640e+01 1.644e+01 1.648e+01 1.652e+01 1.655e+01 1.659e+01
 1.663e+01 1.666e+01 1.669e+01 1.673e+01 1.676e+01 1.679e+01 1.682e+01 1.685e+01
 1.688e+01 1.691e+01 1.694e+01 1.696e+01 1.699e+01 1.701e+01 1.704e+01 1.706e+01
 1.709e+01 1.711e+01 1.713e+01 1.715e+01 1.717e+01 1.719e+01 1.721e+01 1.723e+01
 1.724e+01 1.726e+01 1.728e+01 1.729e+01 1.731e+01 1.732e+01 1.733e+01 1.735e+01
 1.736e+01 1.737e+01 1.738e+01 1.739e+01 1.740e+01 1.741e+01 1.742e+01 1.743e+01
 1.743e+01 1.744e+01 1.745e+01 1.745e+01 1.746e+01 1.746e+01 1.747e+01 1.747e+01
 1.747e+01 1.748e+01 1.748e+01 1.748e+01 1.748e+01 1.748e+01 1.748e+01 1.748e+01
 1.748e+01 1.748e+01 1.748e+01 1.748e+01 1.747e+01 1.747e+01 1.747e+01 1.746e+01
 1.746e+01 1.745e+01 1.745e+01 1.744e+01 1.744e+01 1.743e+01 1.742e+01 1.742e+01
 1.741e+01 1.740e+01 1.739e+01 1.738e+01 1.737e+01 1.736e+01 1.735e+01 1.734e+01
 1.733e+01 1.732e+01 1.731e+01 1.730e+01 1.728e+01 1.727e+01 1.726e+01 1.724e+01
 1.723e+01 1.722e+01 1.720e+01 1.719e+01 1.717e+01 1.716e+01 1.714e+01 1.712e+01
 1.711e+01 1.709e+01 1.707e+01 1.706e+01 1.704e+01 1.702e+01 1.700e+01 1.698e+01
 1.697e+01 1.695e+01 1.693e+01 1.691e+01 1.689e+01 1.687e+01 1.685e+01 1.683e+01
 1.680e+01 1.678e+01 1.676e+01 1.674e+01 1.672e+01 1.670e+01 1.667e+01 1.665e+01
 1.663e+01 1.660e+01 1.658e+01 1.656e+01 1.653e+01 1.651e+01 1.648e+01 1.646e+01
 1.643e+01 1.641e+01 1.638e+01 1.636e+01 1.633e+01 1.631e+01 1.628e+01 1.625e+01
 1.623e+01 1.620e+01 1.617e+01 1.615e+01 1.612e+01 1.609e+01 1.606e+01 1.604e+01
 1.601e+01 1.598e+01 1.595e+01 1.593e+01 1.590e+01 1.587e+01 1.584e+01 1.582e+01
 1.579e+01 1.576e+01 1.573e+01 1.570e+01 1.568e+01 1.565e+01 1.562e+01 1.559e+01
 1.556e+01 1.554e+01 1.551e+01 1.548e+01 1.545e+01 1.542e+01 1.539e+01 1.537e+01
 1.534e+01 1.531e+01 1.528e+01 1.525e+01 1.522e+01 1.520e+01 1.517e+01 1.514e+01
 1.511e+01 1.508e+01 1.505e+01 1.502e+01 1.499e+01 1.497e+01 1.494e+01 1.491e+01
 1.488e+01 1.485e+01 1.482e+01 1.479e+01 1.476e+01 1.473e+01 1.471e+01 1.468e+01
 1.465e+01 1.462e+01 1.459e+01 1.456e+01 1.453e+01 1.450e+01 1.447e+01 1.444e+01
 1.441e+01 1.438e+01 1.436e+01 1.433e+01 1.430e+01 1.427e+01 1.424e+01 1.421e+01
 1.418e+01 1.415e+01 1.412e+01 1.409e+01 1.406e+01 1.403e+01 1.400e+01 1.397e+01
 1.394e+01 1.391e+01 1.388e+01 1.385e+01 1.382e+01 1.379e+01 1.376e+01 1.373e+01
 1.370e+01 1.367e+01 1.364e+01 1.361e+01 1.358e+01 1.355e+01 1.352e+01 1.349e+01
 1.346e+01 1.343e+01 1.340e+01 1.337e+01 1.334e+01 1.331e+01 1.328e+01 1.325e+01
sqrt(<Z^2>) for tau[ms]=    1.0
 8.264e-06 9.711e-06 1.141e-05 1.341e-05 1.576e-05 1.852e-05 2.176e-05 2.557e-05
 3.005e-05 3.531e-05 4.150e-05 4.876e-05 5.730e-05 6.733e-05 7.912e-05 9.298e-05
 1.093e-04 1.284e-04 1.509e-04 1.773e-04 2.083e-04 2.448e-04 2.877e-04 3.381e-04
 3.973e-04 4.668e-04 5.486e-04 6.446e-04 7.575e-04 8.902e-04 1.046e-03 1.229e-03
 1.444e-03 1.697e-03 1.995e-03 2.344e-03 2.754e-03 3.236e-03 3.803e-03 4.469e-03
 5.251e-03 6.171e-03 7.251e-03 8.521e-03 1.001e-02 1.177e-02 1.383e-02 1.625e-02
 1.909e-02 2.243e-02 2.635e-02 3.096e-02 3.638e-02 4.274e-02 5.020e-02 5.897e-02
 6.924e-02 8.129e-02 9.540e-02 1.119e-01 1.310e-01 1.532e-01 1.786e-01 2.076e-01
 2.403e-01 2.769e-01 3.171e-01 3.607e-01 4.072e-01 4.556e-01 5.050e-01 5.545e-01
 6.031e-01 6.498e-01 6.938e-01 7.345e-01 7.715e-01 8.048e-01 8.343e-01 8.603e-01
 8.831e-01 9.032e-01 9.211e-01 9.372e-01 9.522e-01 9.666e-01 9.810e-01 9.962e-01
 1.013e+00 1.031e+00 1.053e+00 1.077e+00 1.106e+00 1.139e+00 1.177e+00 1.219e+00
 1.265e+00 1.315e+00 1.368e+00 1.422e+00 1.477e+00 1.531e+00 1.583e+00 1.633e+00
 1.680e+00 1.724e+00 1.766e+00 1.804e+00 1.840e+00 1.874e+00 1.908e+00 1.941e+00
 1.974e+00 2.008e+00 2.044e+00 2.082e+00 2.122e+00 2.165e+00 2.211e+00 2.259e+00
 2.308e+00 2.359e+00 2.410e+00 2.462e+00 2.513e+00 2.562e+00 2.610e+00 2.657e+00
 2.702e+00 2.745e+00 2.787e+00 2.828e+00 2.868e+00 2.907e+00 2.947e+00 2.988e+00
 3.030e+00 3.072e+00 3.116e+00 3.162e+00 3.209e+00 3.258e+00 3.308e+00 3.359e+00
 3.411e+00 3.464e+00 3.517e+00 3.570e+00 3.623e+00 3.676e+00 3.729e+00 3.781e+00
 3.834e+00 3.887e+00 3.940e+00 3.993e+00 4.046e+00 4.100e+00 4.154e+00 4.209e+00
 4.264e+00 4.320e+00 4.376e+00 4.434e+00 4.491e+00 4.550e+00 4.608e+00 4.668e+00
 4.728e+00 4.789e+00 4.851e+00 4.913e+00 4.976e+00 5.041e+00 5.105e+00 5.171e+00
 5.238e+00 5.305e+00 5.373e+00 5.442e+00 5.511e+00 5.581e+00 5.652e+00 5.723e+00
 5.794e+00 5.865e+00 5.936e+00 6.006e+00 6.076e+00 6.145e+00 6.214e+00 6.281e+00
 6.347e+00 6.412e+00 6.476e+00 6.538e+00 6.599e+00 6.659e+00 6.718e+00 6.777e+00
 6.834e+00 6.892e+00 6.950e+00 7.008e+00 7.067e+00 7.127e+00 7.188e+00 7.251e+00
 7.317e+00 7.385e+00 7.456e+00 7.530e+00 7.607e+00 7.687e+00 7.772e+00 7.860e+00
 7.951e+00 8.046e+00 8.144e+00 8.245e+00 8.349e+00 8.456e+00 8.565e+00 8.676e+00
 8.788e+00 8.902e+00 9.018e+00 9.134e+00 9.250e+00 9.368e+00 9.485e+00 9.603e+00
 9.720e+00 9.837e+00 9.954e+00 1.007e+01 1.019e+01 1.030e+01 1.042e+01 1.054e+01
 1.065e+01 1.077e+01 1.089e+01 1.101e+01 1.113e+01 1.125e+01 1.137e+01 1.149e+01
 1.161e+01 1.174e+01 1.186e+01 1.198e+01 1.210e+01 1.223e+01 1.235e+01 1.246e+01
 1.258e+01 1.269e+01 1.280e+01 1.291e+01 1.302e+01 1.312e+01 1.322e+01 1.332e+01
 1.341e+01 1.351e+01 1.360e+01 1.369e+01 1.377e+01 1.386e+01 1.394e+01 1.402e+01
 1.411e+01 1.418e+01 1.426e+01 1.434e+01 1.442e+01 1.449e+01 1.457e+01 1.464e+01
 1.472e+01 1.479e+01 1.487e+01 1.494e+01 1.502e+01 1.510e+01 1.517e+01 1.525e+01
 1.533e+01 1.541e+01 1.550e+01 1.558e+01 1.567e+01 1.576e+01 1.586e+01 1.596e+01
 1.606e+01 1.617e+01 1.629e+01 1.641e+01 1.654e+01 1.668e+01 1.683e+01 1.699e+01
 1.715e+01 1.732e+01 1.749e+01 1.767e+01 1.786e+01 1.804e+01 1.823e+01 1.842e+01
 1.861e+01 1.879e+01 1.898e+01 1.915e+01 1.933e+01 1.950e+01 1.966e+01 1.982e+01
 1.997e+01 2.012e+01 2.027e+01 2.041e+01 2.054e+01 2.067e+01 2.079e+01 2.091e+01
 2.103e+01 2.114e+01 2.124e+01 2.135e+01 2.144e+01 2.154e+01 2.163e+01 2.172e+01
 2.181e+01 2.189e+01 2.197e+01 2.205e+01 2.212e+01 2.219e+01 2.226e+01 2.233e+01
 2.239e+01 2.246e+01 2.252e+01 2.258e+01 2.264e+01 2.270e+01 2.275e+01 2.281e+01
 2.286e+01 2.291e+01 2.297e+01 2.302e+01 2.307e+01 2.312e+01 2.317e+01 2.322e+01
 2.327e+01 2.332e+01 2.337e+01 2.342e+01 2.347e+01 2.352e+01 2.357e+01 2.362e+01
 2.368e+01 2.373e+01 2.379e+01 2.384e+01 2.390e+01 2.395e+01 2.401e+01 2.407e+01
 2.413e+01 2.418e+01 2.424e+01 2.430e+01 2.436e+01 2.442e+01 2.449e+01 2.455e+01
 2.461e+01 2.467e+01 2.473e+01 2.479e+01 2.485e+01 2.491e+01 2.496e+01 2.502e+01
 2.508e+01 2.513e+01 2.519e+01 2.524e+01 2.530e+01 2.535e+01 2.540e+01 2.545e+01
 2.550e+01 2.555e+01 2.560e+01 2.565e+01 2.569e+01 2.574e+01 2.578e+01 2.582e+01
 2.586e+01 2.590e+01 2.594e+01 2.598e+01 2.602e+01 2.605e+01 2.609e+01 2.612e+01
 2.616e+01 2.619e+01 2.622e+01 2.625e+01 2.628e+01 2.631e+01 2.634e+01 2.636e+01
 2.639e+01 2.641e+01 2.644e+01 2.646e+01 2.648e+01 2.650e+01 2.653e+01 2.654e+01
 2.656e+01 2.658e+01 2.660e+01 2.662e+01 2.663e+01 2.665e+01 2.666e+01 2.668e+01
 2.669e+01 2.670e+01 2.671e+01 2.672e+01 2.673e+01 2.674e+01 2.675e+01 2.676e+01
 2.677e+01 2.678e+01 2.678e+01 2.679e+01 2.679e+01 2.680e+01 2.680e+01 2.681e+01
 2.681e+01 2.681e+01 2.681e+01 2.681e+01 2.682e+01 2.682e+01 2.682e+01 2.681e+01
 2.681e+01 2.681e+01 2.681e+01 2.681e+01 2.680e+01 2.680e+01 2.680e+01 2.679e+01
 2.679e+01 2.678e+01 2.678e+01 2.677e+01 2.676e+01 2.676e+01 2.675e+01 2.674e+01
 2.673e+01 2.672e+01 2.672e+01 2.671e+01 2.670e+01 2.669e+01 2.668e+01 2.666e+01
 2.665e+01 2.664e+01 2.663e+01 2.662e+01 2.660e+01 2.659e+01 2.658e+01 2.656e+01
 2.655e+01 2.653e+01 2.652e+01 2.650e+01 2.649e+01 2.647e+01 2.645e+01 2.644e+01
 2.642e+01 2.641e+01 2.639e+01 2.637e+01 2.636e+01 2.634e+01 2.632e+01 2.631e+01
 2.629e+01 2.627e+01 2.626e+01 2.624e+01 2.622e+01 2.621e+01 2.619e+01 2.617e+01
 2.615e+01 2.614e+01 2.612e+01 2.610e+01 2.609e+01 2.607e+01 2.605e+01 2.603e+01
 2.601e+01 2.600e+01 2.598e+01 2.596e+01 2.594e+01 2.593e+01 2.591e+01 2.589e+01
 2.587e+01 2.585e+01 2.583e+01 2.582e+01 2.580e+01 2.578e+01 2.576e+01 2.574e+01
 2.572e+01 2.571e+01 2.569e+01 2.567e+01 2.565e+01 2.563e+01 2.561e+01 2.559e+01
 2.557e+01 2.555e+01 2.553e+01 2.551e+01 2.550e+01 2.548e+01 2.546e+01 2.544e+01
 2.542e+01 2.540e+01 2.538e+01 2.536e+01 2.534e+01 2.532e+01 2.530e+01 2.528e+01
 2.526e+01 2.524e+01 2.522e+01 2.520e+01 2.518e+01 2.516e+01 2.514e+01 2.512e+01
 2.509e+01 2.507e+01 2.505e+01 2.503e+01 2.501e+01 2.499e+01 2.497e+01 2.495e+01
 2.493e+01 2.491e+01 2.489e+01 2.486e+01 2.484e+01 2.482e+01 2.480e+01 2.478e+01
 2.476e+01 2.473e+01 2.471e+01 2.469e+01 2.467e+01 2.465e+01 2.463e+01 2.460e+01
sqrt(<Z^2>) for tau[ms]=   10.0
 2.528e-05 2.972e-05 3.494e-05 4.108e-05 4.829e-05 5.677e-05 6.674e-05 7.846e-05
 9.223e-05 1.084e-04 1.275e-04 1.498e-04 1.761e-04 2.071e-04 2.434e-04 2.861e-04
 3.364e-04 3.954e-04 4.648e-04 5.464e-04 6.423e-04 7.550e-04 8.875e-04 1.043e-03
 1.226e-03 1.442e-03 1.694e-03 1.992e-03 2.341e-03 2.752e-03 3.235e-03 3.802e-03
 4.469e-03 5.254e-03 6.175e-03 7.258e-03 8.532e-03 1.003e-02 1.179e-02 1.385e-02
 1.628e-02 1.914e-02 2.249e-02 2.644e-02 3.107e-02 3.651e-02 4.290e-02 5.041e-02
 5.922e-02 6.956e-02 8.168e-02 9.588e-02 1.125e-01 1.319e-01 1.545e-01 1.808e-01
 2.112e-01 2.461e-01 2.860e-01 3.309e-01 3.808e-01 4.349e-01 4.924e-01 5.518e-01
 6.111e-01 6.684e-01 7.219e-01 7.700e-01 8.121e-01 8.479e-01 8.776e-01 9.021e-01
 9.221e-01 9.385e-01 9.520e-01 9.636e-01 9.738e-01 9.834e-01 9.931e-01 1.004e+00
 1.016e+00 1.030e+00 1.048e+00 1.071e+00 1.099e+00 1.134e+00 1.175e+00 1.224e+00
 1.279e+00 1.340e+00 1.405e+00 1.471e+00 1.536e+00 1.599e+00 1.657e+00 1.711e+00
 1.759e+00 1.801e+00 1.838e+00 1.870e+00 1.899e+00 1.925e+00 1.950e+00 1.974e+00
 1.998e+00 2.024e+00 2.052e+00 2.082e+00 2.116e+00 2.153e+00 2.193e+00 2.238e+00
 2.285e+00 2.335e+00 2.386e+00 2.438e+00 2.490e+00 2.541e+00 2.590e+00 2.637e+00
 2.681e+00 2.723e+00 2.762e+00 2.799e+00 2.834e+00 2.867e+00 2.899e+00 2.931e+00
 2.962e+00 2.994e+00 3.027e+00 3.061e+00 3.097e+00 3.134e+00 3.174e+00 3.215e+00
 3.259e+00 3.304e+00 3.351e+00 3.399e+00 3.448e+00 3.498e+00 3.548e+00 3.598e+00
 3.647e+00 3.696e+00 3.745e+00 3.793e+00 3.841e+00 3.888e+00 3.936e+00 3.983e+00
 4.031e+00 4.079e+00 4.127e+00 4.177e+00 4.227e+00 4.278e+00 4.329e+00 4.382e+00
 4.435e+00 4.490e+00 4.545e+00 4.601e+00 4.658e+00 4.716e+00 4.775e+00 4.835e+00
 4.896e+00 4.958e+00 5.022e+00 5.087e+00 5.153e+00 5.220e+00 5.289e+00 5.359e+00
 5.431e+00 5.505e+00 5.579e+00 5.655e+00 5.732e+00 5.810e+00 5.888e+00 5.966e+00
 6.045e+00 6.122e+00 6.199e+00 6.274e+00 6.348e+00 6.420e+00 6.490e+00 6.558e+00
 6.624e+00 6.688e+00 6.751e+00 6.812e+00 6.871e+00 6.930e+00 6.989e+00 7.047e+00
 7.105e+00 7.165e+00 7.226e+00 7.288e+00 7.353e+00 7.420e+00 7.490e+00 7.565e+00
 7.643e+00 7.725e+00 7.813e+00 7.905e+00 8.002e+00 8.104e+00 8.210e+00 8.322e+00
 8.438e+00 8.558e+00 8.682e+00 8.809e+00 8.939e+00 9.071e+00 9.204e+00 9.339e+00
 9.475e+00 9.610e+00 9.746e+00 9.880e+00 1.001e+01 1.015e+01 1.028e+01 1.041e+01
 1.053e+01 1.066e+01 1.078e+01 1.091e+01 1.103e+01 1.116e+01 1.129e+01 1.142e+01
 1.155e+01 1.168e+01 1.182e+01 1.196e+01 1.210e+01 1.224e+01 1.239e+01 1.254e+01
 1.268e+01 1.282e+01 1.296e+01 1.309e+01 1.321e+01 1.334e+01 1.345e+01 1.356e+01
 1.366e+01 1.376e+01 1.385e+01 1.394e+01 1.402e+01 1.410e+01 1.418e+01 1.425e+01
 1.432e+01 1.439e+01 1.446e+01 1.453e+01 1.460e+01 1.466e+01 1.472e+01 1.479e+01
 1.485e+01 1.491e+01 1.498e+01 1.504e+01 1.510e+01 1.517e+01 1.523e+01 1.529e+01
 1.536e+01 1.542e+01 1.549e+01 1.556e+01 1.563e+01 1.570e+01 1.578e+01 1.585e+01
 1.593e+01 1.602e+01 1.610e+01 1.620e+01 1.630e+01 1.641e+01 1.652e+01 1.665e+01
 1.680e+01 1.696e+01 1.714e+01 1.735e+01 1.758e+01 1.785e+01 1.815e+01 1.848e+01
 1.884e+01 1.923e+01 1.963e+01 2.003e+01 2.042e+01 2.080e+01 2.115e+01 2.147e+01
 2.175e+01 2.201e+01 2.224e+01 2.244e+01 2.262e+01 2.279e+01 2.294e+01 2.307e+01
 2.320e+01 2.331e+01 2.342e+01 2.351e+01 2.361e+01 2.369e+01 2.377e+01 2.385e+01
 2.392e+01 2.399e+01 2.405e+01 2.411e+01 2.417e+01 2.423e+01 2.428e+01 2.433e+01
 2.437e+01 2.442e+01 2.446e+01 2.451e+01 2.455e+01 2.459e+01 2.462e+01 2.466e+01
 2.470e+01 2.474e+01 2.477e+01 2.481e+01 2.485e+01 2.488e+01 2.492e+01 2.496e+01
 2.500e+01 2.504e+01 2.508e+01 2.513e+01 2.518e+01 2.523e+01 2.528e+01 2.534e+01
 2.541e+01 2.548e+01 2.555e+01 2.563e+01 2.572e+01 2.582e+01 2.593e+01 2.604e+01
 2.617e+01 2.630e+01 2.645e+01 2.660e+01 2.677e+01 2.694e+01 2.712e+01 2.731e+01
 2.750e+01 2.770e+01 2.789e+01 2.809e+01 2.828e+01 2.847e+01 2.866e+01 2.883e+01
 2.901e+01 2.917e+01 2.933e+01 2.948e+01 2.963e+01 2.977e+01 2.990e+01 3.003e+01
 3.015e+01 3.026e+01 3.037e+01 3.048e+01 3.057e+01 3.067e+01 3.076e+01 3.084e+01
 3.093e+01 3.100e+01 3.108e+01 3.115e+01 3.122e+01 3.128e+01 3.134e+01 3.140e+01
 3.146e+01 3.151e+01 3.157e+01 3.162e+01 3.166e+01 3.171e+01 3.175e+01 3.179e+01
 3.183e+01 3.187e+01 3.191e+01 3.194e+01 3.198e+01 3.201e+01 3.204e+01 3.207e+01
 3.210e+01 3.213e+01 3.216e+01 3.219e+01 3.221e+01 3.224e+01 3.226e+01 3.228e+01
 3.231e+01 3.233e+01 3.235e+01 3.237e+01 3.239e+01 3.241e+01 3.243e+01 3.245e+01
 3.247e+01 3.248e+01 3.250e+01 3.252e+01 3.253e+01 3.255e+01 3.257e+01 3.258e+01
 3.260e+01 3.261e+01 3.263e+01 3.264e+01 3.266e+01 3.267e+01 3.268e+01 3.270e+01
 3.271e+01 3.272e+01 3.274e+01 3.275e+01 3.276e+01 3.277e+01 3.279e+01 3.280e+01
 3.281e+01 3.282e+01 3.283e+01 3.284e+01 3.285e+01 3.286e+01 3.287e+01 3.288e+01
 3.289e+01 3.290e+01 3.291e+01 3.292e+01 3.293e+01 3.294e+01 3.295e+01 3.296e+01
 3.297e+01 3.297e+01 3.298e+01 3.299e+01 3.300e+01 3.301e+01 3.301e+01 3.302e+01
 3.303e+01 3.303e+01 3.304e+01 3.304e+01 3.305e+01 3.305e+01 3.306e+01 3.306e+01
 3.306e+01 3.307e+01 3.307e+01 3.307e+01 3.308e+01 3.308e+01 3.309e+01 3.309e+01
 3.309e+01 3.310e+01 3.310e+01 3.310e+01 3.311e+01 3.311e+01 3.312e+01 3.312e+01
 3.312e+01 3.313e+01 3.313e+01 3.313e+01 3.314e+01 3.314e+01 3.314e+01 3.314e+01
 3.315e+01 3.315e+01 3.315e+01 3.315e+01 3.316e+01 3.316e+01 3.316e+01 3.316e+01
 3.316e+01 3.317e+01 3.317e+01 3.317e+01 3.317e+01 3.317e+01 3.318e+01 3.318e+01
 3.318e+01 3.318e+01 3.318e+01 3.318e+01 3.318e+01 3.318e+01 3.319e+01 3.319e+01
 3.319e+01 3.319e+01 3.319e+01 3.319e+01 3.319e+01 3.319e+01 3.319e+01 3.319e+01
 3.319e+01 3.319e+01 3.319e+01 3.319e+01 3.319e+01 3.319e+01 3.319e+01 3.320e+01
 3.320e+01 3.320e+01 3.320e+01 3.320e+01 3.320e+01 3.320e+01 3.319e+01 3.319e+01
 3.319e+01 3.319e+01 3.319e+01 3.319e+01 3.319e+01 3.319e+01 3.319e+01 3.319e+01
 3.319e+01 3.319e+01 3.319e+01 3.319e+01 3.319e+01 3.319e+01 3.319e+01 3.319e+01
 3.318e+01 3.318e+01 3.318e+01 3.318e+01 3.318e+01 3.318e+01 3.318e+01 3.318e+01
 3.318e+01 3.317e+01 3.317e+01 3.317e+01 3.317e+01 3.317e+01 3.317e+01 3.317e+01
sqrt(<Z^2>) for tau[ms]=  100.0
 6.241e-05 7.355e-05 8.668e-05 1.022e-04 1.204e-04 1.419e-04 1.672e-04 1.970e-04
 2.321e-04 2.735e-04 3.223e-04 3.797e-04 4.474e-04 5.271e-04 6.211e-04 7.317e-04
 8.621e-04 1.016e-03 1.196e-03 1.410e-03 1.660e-03 1.956e-03 2.304e-03 2.714e-03
 3.197e-03 3.766e-03 4.436e-03 5.225e-03 6.154e-03 7.248e-03 8.536e-03 1.005e-02
 1.184e-02 1.394e-02 1.642e-02 1.934e-02 2.277e-02 2.681e-02 3.157e-02 3.717e-02
 4.375e-02 5.150e-02 6.061e-02 7.132e-02 8.389e-02 9.864e-02 1.159e-01 1.361e-01
 1.597e-01 1.871e-01 2.188e-01 2.553e-01 2.968e-01 3.436e-01 3.956e-01 4.523e-01
 5.126e-01 5.749e-01 6.374e-01 6.975e-01 7.531e-01 8.024e-01 8.446e-01 8.795e-01
 9.075e-01 9.295e-01 9.465e-01 9.596e-01 9.697e-01 9.776e-01 9.839e-01 9.893e-01
 9.944e-01 9.997e-01 1.006e+00 1.014e+00 1.024e+00 1.037e+00 1.056e+00 1.080e+00
 1.112e+00 1.153e+00 1.202e+00 1.261e+00 1.328e+00 1.400e+00 1.474e+00 1.548e+00
 1.618e+00 1.682e+00 1.738e+00 1.787e+00 1.828e+00 1.863e+00 1.891e+00 1.915e+00
 1.936e+00 1.953e+00 1.970e+00 1.986e+00 2.002e+00 2.018e+00 2.037e+00 2.058e+00
 2.082e+00 2.109e+00 2.141e+00 2.176e+00 2.215e+00 2.257e+00 2.303e+00 2.351e+00
 2.400e+00 2.450e+00 2.500e+00 2.549e+00 2.596e+00 2.641e+00 2.684e+00 2.723e+00
 2.761e+00 2.796e+00 2.828e+00 2.859e+00 2.889e+00 2.917e+00 2.946e+00 2.974e+00
 3.003e+00 3.034e+00 3.065e+00 3.098e+00 3.134e+00 3.171e+00 3.211e+00 3.253e+00
 3.296e+00 3.342e+00 3.389e+00 3.436e+00 3.485e+00 3.534e+00 3.583e+00 3.632e+00
 3.680e+00 3.728e+00 3.776e+00 3.823e+00 3.869e+00 3.915e+00 3.962e+00 4.008e+00
 4.055e+00 4.102e+00 4.150e+00 4.199e+00 4.248e+00 4.299e+00 4.350e+00 4.402e+00
 4.456e+00 4.510e+00 4.565e+00 4.621e+00 4.678e+00 4.736e+00 4.795e+00 4.855e+00
 4.916e+00 4.978e+00 5.042e+00 5.107e+00 5.174e+00 5.242e+00 5.312e+00 5.383e+00
 5.456e+00 5.530e+00 5.606e+00 5.683e+00 5.761e+00 5.840e+00 5.920e+00 5.999e+00
 6.078e+00 6.157e+00 6.234e+00 6.310e+00 6.384e+00 6.456e+00 6.526e+00 6.594e+00
 6.660e+00 6.724e+00 6.786e+00 6.847e+00 6.907e+00 6.965e+00 7.024e+00 7.082e+00
 7.141e+00 7.201e+00 7.263e+00 7.326e+00 7.392e+00 7.461e+00 7.533e+00 7.610e+00
 7.690e+00 7.776e+00 7.866e+00 7.961e+00 8.062e+00 8.168e+00 8.279e+00 8.394e+00
 8.515e+00 8.639e+00 8.767e+00 8.899e+00 9.033e+00 9.169e+00 9.307e+00 9.445e+00
 9.584e+00 9.723e+00 9.861e+00 9.998e+00 1.013e+01 1.027e+01 1.040e+01 1.053e+01
 1.066e+01 1.078e+01 1.091e+01 1.104e+01 1.116e+01 1.129e+01 1.142e+01 1.155e+01
 1.168e+01 1.182e+01 1.196e+01 1.211e+01 1.225e+01 1.240e+01 1.255e+01 1.270e+01
 1.285e+01 1.299e+01 1.313e+01 1.326e+01 1.339e+01 1.350e+01 1.361e+01 1.372e+01
 1.381e+01 1.391e+01 1.399e+01 1.407e+01 1.415e+01 1.423e+01 1.430e+01 1.437e+01
 1.444e+01 1.450e+01 1.457e+01 1.463e+01 1.469e+01 1.476e+01 1.482e+01 1.488e+01
 1.494e+01 1.500e+01 1.506e+01 1.512e+01 1.518e+01 1.524e+01 1.530e+01 1.537e+01
 1.543e+01 1.550e+01 1.556e+01 1.563e+01 1.570e+01 1.577e+01 1.584e+01 1.592e+01
 1.600e+01 1.608e+01 1.617e+01 1.627e+01 1.637e+01 1.648e+01 1.660e+01 1.674e+01
 1.689e+01 1.707e+01 1.727e+01 1.751e+01 1.778e+01 1.810e+01 1.846e+01 1.888e+01
 1.933e+01 1.981e+01 2.031e+01 2.079e+01 2.125e+01 2.166e+01 2.203e+01 2.234e+01
 2.261e+01 2.285e+01 2.304e+01 2.322e+01 2.336e+01 2.350e+01 2.361e+01 2.372e+01
 2.381e+01 2.390e+01 2.398e+01 2.406e+01 2.413e+01 2.420e+01 2.426e+01 2.432e+01
 2.438e+01 2.443e+01 2.448e+01 2.453e+01 2.458e+01 2.462e+01 2.466e+01 2.470e+01
 2.474e+01 2.478e+01 2.481e+01 2.485e+01 2.488e+01 2.491e+01 2.494e+01 2.498e+01
 2.501e+01 2.504e+01 2.507e+01 2.510e+01 2.513e+01 2.517e+01 2.520e+01 2.524e+01
 2.528e+01 2.532e+01 2.536e+01 2.541e+01 2.546e+01 2.551e+01 2.557e+01 2.563e+01
 2.570e+01 2.578e+01 2.587e+01 2.597e+01 2.607e+01 2.619e+01 2.633e+01 2.648e+01
 2.664e+01 2.682e+01 2.702e+01 2.723e+01 2.747e+01 2.771e+01 2.797e+01 2.824e+01
 2.851e+01 2.878e+01 2.906e+01 2.933e+01 2.959e+01 2.983e+01 3.007e+01 3.030e+01
 3.051e+01 3.070e+01 3.089e+01 3.106e+01 3.122e+01 3.137e+01 3.151e+01 3.164e+01
 3.177e+01 3.188e+01 3.199e+01 3.209e+01 3.218e+01 3.227e+01 3.235e+01 3.243e+01
 3.250e+01 3.257e+01 3.263e+01 3.269e+01 3.275e+01 3.280e+01 3.285e+01 3.290e+01
 3.294e+01 3.298e+01 3.302e+01 3.306e+01 3.310e+01 3.313e+01 3.316e+01 3.319e+01
 3.322e+01 3.325e+01 3.328e+01 3.331e+01 3.333e+01 3.335e+01 3.338e+01 3.340e+01
 3.342e+01 3.344e+01 3.346e+01 3.348e+01 3.350e+01 3.352e+01 3.354e+01 3.356e+01
 3.358e+01 3.360e+01 3.361e+01 3.363e+01 3.365e+01 3.367e+01 3.368e+01 3.370e+01
 3.372e+01 3.373e+01 3.375e+01 3.377e+01 3.379e+01 3.380e+01 3.382e+01 3.384e+01
 3.386e+01 3.387e+01 3.389e+01 3.391e+01 3.393e+01 3.395e+01 3.397e+01 3.399e+01
 3.401e+01 3.402e+01 3.404e+01 3.406e+01 3.408e+01 3.410e+01 3.412e+01 3.414e+01
 3.416e+01 3.419e+01 3.421e+01 3.423e+01 3.425e+01 3.427e+01 3.429e+01 3.431e+01
 3.433e+01 3.435e+01 3.437e+01 3.440e+01 3.442e+01 3.444e+01 3.446e+01 3.448e+01
 3.450e+01 3.452e+01 3.454e+01 3.456e+01 3.458e+01 3.460e+01 3.463e+01 3.465e+01
 3.467e+01 3.468e+01 3.470e+01 3.472e+01 3.474e+01 3.476e+01 3.477e+01 3.479e+01
 3.480e+01 3.482e+01 3.483e+01 3.485e+01 3.487e+01 3.488e+01 3.490e+01 3.492e+01
 3.494e+01 3.496e+01 3.498e+01 3.500e+01 3.502e+01 3.504e+01 3.505e+01 3.507e+01
 3.509e+01 3.511e+01 3.512e+01 3.514e+01 3.515e+01 3.517e+01 3.519e+01 3.520e+01
 3.521e+01 3.523e+01 3.524e+01 3.526e+01 3.527e+01 3.528e+01 3.529e+01 3.530e+01
 3.532e+01 3.533e+01 3.534e+01 3.535e+01 3.536e+01 3.537e+01 3.538e+01 3.539e+01
 3.540e+01 3.540e+01 3.541e+01 3.542e+01 3.543e+01 3.544e+01 3.544e+01 3.545e+01
 3.546e+01 3.546e+01 3.547e+01 3.548e+01 3.548e+01 3.549e+01 3.549e+01 3.550e+01
 3.550e+01 3.551e+01 3.551e+01 3.552e+01 3.552e+01 3.553e+01 3.553e+01 3.554e+01
 3.554e+01 3.554e+01 3.555e+01 3.555e+01 3.555e+01 3.556e+01 3.556e+01 3.556e+01
 3.557e+01 3.557e+01 3.557e+01 3.558e+01 3.558e+01 3.558e+01 3.558e+01 3.558e+01
 3.559e+01 3.559e+01 3.559e+01 3.559e+01 3.560e+01 3.560e+01 3.560e+01 3.560e+01
 3.560e+01 3.560e+01 3.561e+01 3.561e+01 3.561e+01 3.561e+01 3.561e+01 3.561e+01
 3.561e+01 3.562e+01 3.562e+01 3.562e+01 3.562e+01 3.562e+01 3.562e+01 3.562e+01
sqrt(<Z^2>) for tau[ms]= 1000.0
 8.910e-05 1.053e-04 1.245e-04 1.472e-04 1.740e-04 2.057e-04 2.432e-04 2.875e-04
 3.398e-04 4.017e-04 4.748e-04 5.612e-04 6.634e-04 7.842e-04 9.269e-04 1.096e-03
 1.295e-03 1.531e-03 1.809e-03 2.138e-03 2.527e-03 2.987e-03 3.530e-03 4.173e-03
 4.931e-03 5.828e-03 6.888e-03 8.141e-03 9.621e-03 1.137e-02 1.344e-02 1.588e-02
 1.876e-02 2.217e-02 2.620e-02 3.095e-02 3.657e-02 4.320e-02 5.103e-02 6.027e-02
 7.117e-02 8.401e-02 9.913e-02 1.169e-01 1.378e-01 1.622e-01 1.906e-01 2.236e-01
 2.616e-01 3.050e-01 3.539e-01 4.081e-01 4.670e-01 5.293e-01 5.933e-01 6.567e-01
 7.170e-01 7.722e-01 8.205e-01 8.613e-01 8.945e-01 9.207e-01 9.409e-01 9.562e-01
 9.677e-01 9.762e-01 9.826e-01 9.875e-01 9.913e-01 9.945e-01 9.974e-01 1.001e+00
 1.004e+00 1.009e+00 1.016e+00 1.025e+00 1.038e+00 1.056e+00 1.081e+00 1.114e+00
 1.156e+00 1.208e+00 1.270e+00 1.341e+00 1.416e+00 1.494e+00 1.570e+00 1.641e+00
 1.704e+00 1.760e+00 1.806e+00 1.845e+00 1.877e+00 1.903e+00 1.925e+00 1.943e+00
 1.959e+00 1.973e+00 1.987e+00 2.000e+00 2.015e+00 2.031e+00 2.049e+00 2.070e+00
 2.094e+00 2.122e+00 2.154e+00 2.190e+00 2.229e+00 2.272e+00 2.318e+00 2.366e+00
 2.416e+00 2.465e+00 2.515e+00 2.563e+00 2.609e+00 2.653e+00 2.694e+00 2.733e+00
 2.770e+00 2.804e+00 2.835e+00 2.866e+00 2.895e+00 2.923e+00 2.951e+00 2.979e+00
 3.008e+00 3.038e+00 3.069e+00 3.103e+00 3.138e+00 3.175e+00 3.215e+00 3.257e+00
 3.300e+00 3.346e+00 3.393e+00 3.440e+00 3.489e+00 3.538e+00 3.587e+00 3.636e+00
 3.684e+00 3.732e+00 3.779e+00 3.826e+00 3.872e+00 3.918e+00 3.964e+00 4.011e+00
 4.057e+00 4.105e+00 4.152e+00 4.201e+00 4.251e+00 4.301e+00 4.352e+00 4.405e+00
 4.458e+00 4.512e+00 4.567e+00 4.623e+00 4.680e+00 4.738e+00 4.797e+00 4.857e+00
 4.918e+00 4.980e+00 5.044e+00 5.109e+00 5.176e+00 5.244e+00 5.314e+00 5.385e+00
 5.458e+00 5.533e+00 5.609e+00 5.686e+00 5.764e+00 5.843e+00 5.923e+00 6.002e+00
 6.082e+00 6.160e+00 6.238e+00 6.313e+00 6.388e+00 6.460e+00 6.530e+00 6.598e+00
 6.664e+00 6.728e+00 6.790e+00 6.851e+00 6.910e+00 6.969e+00 7.028e+00 7.086e+00
 7.145e+00 7.205e+00 7.267e+00 7.330e+00 7.396e+00 7.465e+00 7.538e+00 7.615e+00
 7.696e+00 7.781e+00 7.872e+00 7.968e+00 8.069e+00 8.175e+00 8.286e+00 8.402e+00
 8.523e+00 8.648e+00 8.776e+00 8.908e+00 9.043e+00 9.180e+00 9.318e+00 9.457e+00
 9.596e+00 9.735e+00 9.873e+00 1.001e+01 1.015e+01 1.028e+01 1.041e+01 1.054e+01
 1.067e+01 1.080e+01 1.092e+01 1.105e+01 1.117e+01 1.130e+01 1.143e+01 1.156e+01
 1.170e+01 1.184e+01 1.198e+01 1.212e+01 1.227e+01 1.242e+01 1.257e+01 1.272e+01
 1.287e+01 1.301e+01 1.315e+01 1.328e+01 1.340e+01 1.352e+01 1.363e+01 1.373e+01
 1.383e+01 1.392e+01 1.401e+01 1.409e+01 1.417e+01 1.424e+01 1.431e+01 1.438e+01
 1.445e+01 1.451e+01 1.458e+01 1.464e+01 1.470e+01 1.477e+01 1.483e+01 1.489e+01
 1.495e+01 1.501e+01 1.507e+01 1.513e+01 1.519e+01 1.525e+01 1.531e+01 1.537e+01
 1.544e+01 1.550e+01 1.557e+01 1.564e+01 1.571e+01 1.578e+01 1.585e+01 1.593e+01
 1.601e+01 1.609e+01 1.618e+01 1.628e+01 1.638e+01 1.649e+01 1.661e+01 1.675e+01
 1.691e+01 1.708e+01 1.729e+01 1.753e+01 1.780e+01 1.813e+01 1.850e+01 1.893e+01
 1.940e+01 1.989e+01 2.040e+01 2.089e+01 2.135e+01 2.177e+01 2.214e+01 2.245e+01
 2.272e+01 2.295e+01 2.314e+01 2.331e+01 2.345e+01 2.358e+01 2.369e+01 2.379e+01
 2.388e+01 2.397e+01 2.405e+01 2.412e+01 2.419e+01 2.425e+01 2.432e+01 2.437e+01
 2.443e+01 2.448e+01 2.453e+01 2.458e+01 2.462e+01 2.466e+01 2.470e+01 2.474e+01
 2.478e+01 2.481e+01 2.485e+01 2.488e+01 2.491e+01 2.495e+01 2.498e+01 2.501e+01
 2.504e+01 2.507e+01 2.510e+01 2.513e+01 2.516e+01 2.520e+01 2.523e+01 2.527e+01
 2.531e+01 2.535e+01 2.539e+01 2.543e+01 2.548e+01 2.554e+01 2.560e+01 2.566e+01
 2.574e+01 2.582e+01 2.590e+01 2.600e+01 2.611e+01 2.624e+01 2.637e+01 2.653e+01
 2.670e+01 2.688e+01 2.709e+01 2.731e+01 2.755e+01 2.781e+01 2.808e+01 2.836e+01
 2.865e+01 2.893e+01 2.922e+01 2.950e+01 2.977e+01 3.002e+01 3.027e+01 3.050e+01
 3.071e+01 3.091e+01 3.110e+01 3.127e+01 3.144e+01 3.159e+01 3.173e+01 3.186e+01
 3.198e+01 3.209e+01 3.220e+01 3.229e+01 3.239e+01 3.247e+01 3.255e+01 3.263e+01
 3.270e+01 3.276e+01 3.282e+01 3.288e+01 3.294e+01 3.299e+01 3.303e+01 3.308e+01
 3.312e+01 3.316e+01 3.320e+01 3.324e+01 3.327e+01 3.330e+01 3.333e+01 3.336e+01
 3.339e+01 3.342e+01 3.344e+01 3.347e+01 3.349e+01 3.351e+01 3.353e+01 3.355e+01
 3.358e+01 3.360e+01 3.361e+01 3.363e+01 3.365e+01 3.367e+01 3.369e+01 3.371e+01
 3.372e+01 3.374e+01 3.376e+01 3.378e+01 3.379e+01 3.381e+01 3.383e+01 3.384e+01
 3.386e+01 3.388e+01 3.390e+01 3.391e+01 3.393e+01 3.395e+01 3.397e+01 3.399e+01
 3.400e+01 3.402e+01 3.404e+01 3.406e+01 3.408e+01 3.410e+01 3.412e+01 3.414e+01
 3.416e+01 3.418e+01 3.420e+01 3.422e+01 3.424e+01 3.427e+01 3.429e+01 3.431e+01
 3.433e+01 3.436e+01 3.438e+01 3.440e+01 3.442e+01 3.445e+01 3.447e+01 3.449e+01
 3.452e+01 3.454e+01 3.456e+01 3.459e+01 3.461e+01 3.464e+01 3.466e+01 3.468e+01
 3.471e+01 3.473e+01 3.475e+01 3.478e+01 3.480e+01 3.483e+01 3.485e+01 3.487e+01
 3.489e+01 3.492e+01 3.494e+01 3.496e+01 3.498e+01 3.500e+01 3.502e+01 3.504e+01
 3.505e+01 3.507e+01 3.509e+01 3.511e+01 3.513e+01 3.515e+01 3.517e+01 3.519e+01
 3.521e+01 3.524e+01 3.526e+01 3.528e+01 3.530e+01 3.533e+01 3.535e+01 3.537e+01
 3.539e+01 3.541e+01 3.543e+01 3.545e+01 3.546e+01 3.548e+01 3.550e+01 3.552e+01
 3.553e+01 3.555e+01 3.557e+01 3.558e+01 3.559e+01 3.561e+01 3.562e+01 3.564e+01
 3.565e+01 3.566e+01 3.567e+01 3.568e+01 3.570e+01 3.571e+01 3.572e+01 3.573e+01
 3.574e+01 3.575e+01 3.576e+01 3.576e+01 3.577e+01 3.578e+01 3.579e+01 3.580e+01
 3.580e+01 3.581e+01 3.582e+01 3.582e+01 3.583e+01 3.583e+01 3.584e+01 3.584e+01
 3.585e+01 3.585e+01 3.586e+01 3.586e+01 3.587e+01 3.587e+01 3.588e+01 3.588e+01
 3.588e+01 3.589e+01 3.589e+01 3.589e+01 3.590e+01 3.590e+01 3.590e+01 3.590e+01
 3.591e+01 3.591e+01 3.591e+01 3.591e+01 3.592e+01 3.592e+01 3.592e+01 3.592e+01
 3.592e+01 3.593e+01 3.593e+01 3.593e+01 3.593e+01 3.593e+01 3.593e+01 3.593e+01
 3.594e+01 3.594e+01 3.594e+01 3.594e+01 3.594e+01 3.594e+01 3.594e+01 3.594e+01
 3.594e+01 3.595e+01 3.595e+01 3.595e+01 3.595e+01 3.595e+01 3.595e+01 3.595e+01
sqrt(<Z^2>) in equilibrium - infinite confinement
 9.473e-05 1.121e-04 1.326e-04 1.569e-04 1.856e-04 2.196e-04 2.598e-04 3.074e-04
 3.637e-04 4.303e-04 5.090e-04 6.023e-04 7.125e-04 8.430e-04 9.974e-04 1.180e-03
 1.396e-03 1.652e-03 1.954e-03 2.312e-03 2.735e-03 3.236e-03 3.829e-03 4.530e-03
 5.359e-03 6.341e-03 7.501e-03 8.875e-03 1.050e-02 1.242e-02 1.470e-02 1.739e-02
 2.057e-02 2.433e-02 2.879e-02 3.405e-02 4.028e-02 4.764e-02 5.633e-02 6.661e-02
 7.873e-02 9.303e-02 1.099e-01 1.297e-01 1.529e-01 1.801e-01 2.117e-01 2.482e-01
 2.901e-01 3.376e-01 3.907e-01 4.487e-01 5.107e-01 5.750e-01 6.393e-01 7.013e-01
 7.585e-01 8.091e-01 8.522e-01 8.876e-01 9.156e-01 9.373e-01 9.538e-01 9.660e-01
 9.752e-01 9.819e-01 9.869e-01 9.907e-01 9.938e-01 9.964e-01 9.990e-01 1.002e+00
 1.005e+00 1.010e+00 1.017e+00 1.027e+00 1.040e+00 1.059e+00 1.085e+00 1.119e+00
 1.163e+00 1.217e+00 1.281e+00 1.353e+00 1.429e+00 1.507e+00 1.583e+00 1.653e+00
 1.715e+00 1.769e+00 1.815e+00 1.852e+00 1.883e+00 1.908e+00 1.929e+00 1.946e+00
 1.961e+00 1.975e+00 1.988e+00 2.002e+00 2.016e+00 2.032e+00 2.050e+00 2.071e+00
 2.096e+00 2.124e+00 2.156e+00 2.191e+00 2.231e+00 2.274e+00 2.320e+00 2.368e+00
 2.417e+00 2.467e+00 2.516e+00 2.564e+00 2.610e+00 2.654e+00 2.696e+00 2.734e+00
 2.771e+00 2.804e+00 2.836e+00 2.866e+00 2.895e+00 2.923e+00 2.951e+00 2.979e+00
 3.008e+00 3.038e+00 3.070e+00 3.103e+00 3.138e+00 3.176e+00 3.215e+00 3.257e+00
 3.301e+00 3.346e+00 3.393e+00 3.441e+00 3.489e+00 3.538e+00 3.587e+00 3.636e+00
 3.684e+00 3.732e+00 3.779e+00 3.826e+00 3.872e+00 3.918e+00 3.965e+00 4.011e+00
 4.058e+00 4.105e+00 4.153e+00 4.201e+00 4.251e+00 4.301e+00 4.352e+00 4.405e+00
 4.458e+00 4.512e+00 4.567e+00 4.623e+00 4.680e+00 4.738e+00 4.797e+00 4.857e+00
 4.918e+00 4.981e+00 5.044e+00 5.110e+00 5.176e+00 5.244e+00 5.314e+00 5.386e+00
 5.458e+00 5.533e+00 5.609e+00 5.686e+00 5.765e+00 5.844e+00 5.923e+00 6.003e+00
 6.082e+00 6.161e+00 6.238e+00 6.314e+00 6.388e+00 6.460e+00 6.530e+00 6.598e+00
 6.664e+00 6.728e+00 6.790e+00 6.851e+00 6.911e+00 6.970e+00 7.028e+00 7.087e+00
 7.146e+00 7.206e+00 7.267e+00 7.331e+00 7.397e+00 7.466e+00 7.539e+00 7.615e+00
 7.696e+00 7.782e+00 7.872e+00 7.968e+00 8.069e+00 8.175e+00 8.287e+00 8.403e+00
 8.524e+00 8.649e+00 8.777e+00 8.909e+00 9.044e+00 9.181e+00 9.319e+00 9.458e+00
 9.597e+00 9.737e+00 9.875e+00 1.001e+01 1.015e+01 1.028e+01 1.041e+01 1.054e+01
 1.067e+01 1.080e+01 1.092e+01 1.105e+01 1.118e+01 1.130e+01 1.143e+01 1.156e+01
 1.170e+01 1.184e+01 1.198e+01 1.212e+01 1.227e+01 1.242e+01 1.257e+01 1.272e+01
 1.287e+01 1.301e+01 1.315e+01 1.328e+01 1.341e+01 1.352e+01 1.363e+01 1.373e+01
 1.383e+01 1.392e+01 1.401e+01 1.409e+01 1.417e+01 1.424e+01 1.431e+01 1.438e+01
 1.445e+01 1.452e+01 1.458e+01 1.464e+01 1.471e+01 1.477e+01 1.483e+01 1.489e+01
 1.495e+01 1.501e+01 1.507e+01 1.513e+01 1.519e+01 1.525e+01 1.531e+01 1.538e+01
 1.544e+01 1.550e+01 1.557e+01 1.564e+01 1.571e+01 1.578e+01 1.585e+01 1.593e+01
 1.601e+01 1.609e+01 1.618e+01 1.628e+01 1.638e+01 1.649e+01 1.661e+01 1.675e+01
 1.691e+01 1.708e+01 1.729e+01 1.753e+01 1.781e+01 1.813e+01 1.851e+01 1.893e+01
 1.940e+01 1.990e+01 2.041e+01 2.090e+01 2.136e+01 2.178e+01 2.215e+01 2.246e+01
 2.273e+01 2.296e+01 2.315e+01 2.332e+01 2.346e+01 2.358e+01 2.370e+01 2.380e+01
 2.389e+01 2.397e+01 2.405e+01 2.413e+01 2.420e+01 2.426e+01 2.432e+01 2.438e+01
 2.443e+01 2.449e+01 2.453e+01 2.458e+01 2.463e+01 2.467e+01 2.471e+01 2.475e+01
 2.478e+01 2.482e+01 2.485e+01 2.489e+01 2.492e+01 2.495e+01 2.498e+01 2.501e+01
 2.504e+01 2.507e+01 2.510e+01 2.513e+01 2.517e+01 2.520e+01 2.523e+01 2.527e+01
 2.531e+01 2.535e+01 2.539e+01 2.544e+01 2.549e+01 2.554e+01 2.560e+01 2.567e+01
 2.574e+01 2.582e+01 2.591e+01 2.601e+01 2.612e+01 2.624e+01 2.638e+01 2.653e+01
 2.670e+01 2.689e+01 2.710e+01 2.732e+01 2.756e+01 2.782e+01 2.809e+01 2.837e+01
 2.866e+01 2.895e+01 2.924e+01 2.952e+01 2.979e+01 3.004e+01 3.029e+01 3.052e+01
 3.074e+01 3.094e+01 3.113e+01 3.130e+01 3.146e+01 3.161e+01 3.175e+01 3.188e+01
 3.200e+01 3.211e+01 3.222e+01 3.232e+01 3.241e+01 3.249e+01 3.257e+01 3.265e+01
 3.272e+01 3.278e+01 3.285e+01 3.290e+01 3.296e+01 3.301e+01 3.306e+01 3.310e+01
 3.314e+01 3.318e+01 3.322e+01 3.326e+01 3.329e+01 3.332e+01 3.335e+01 3.338e+01
 3.341e+01 3.343e+01 3.346e+01 3.348e+01 3.351e+01 3.353e+01 3.355e+01 3.357e+01
 3.359e+01 3.361e+01 3.363e+01 3.365e+01 3.367e+01 3.369e+01 3.371e+01 3.372e+01
 3.374e+01 3.376e+01 3.378e+01 3.379e+01 3.381e+01 3.383e+01 3.384e+01 3.386e+01
 3.388e+01 3.390e+01 3.391e+01 3.393e+01 3.395e+01 3.397e+01 3.398e+01 3.400e+01
 3.402e+01 3.404e+01 3.406e+01 3.408e+01 3.410e+01 3.412e+01 3.414e+01 3.416e+01
 3.418e+01 3.420e+01 3.422e+01 3.424e+01 3.426e+01 3.428e+01 3.431e+01 3.433e+01
 3.435e+01 3.437e+01 3.440e+01 3.442e+01 3.444e+01 3.447e+01 3.449e+01 3.452e+01
 3.454e+01 3.456e+01 3.459e+01 3.461e+01 3.463e+01 3.466e+01 3.468e+01 3.471e+01
 3.473e+01 3.475e+01 3.478e+01 3.480e+01 3.483e+01 3.485e+01 3.487e+01 3.490e+01
 3.492e+01 3.494e+01 3.496e+01 3.498e+01 3.501e+01 3.503e+01 3.505e+01 3.507e+01
 3.509e+01 3.511e+01 3.513e+01 3.515e+01 3.517e+01 3.519e+01 3.521e+01 3.523e+01
 3.524e+01 3.526e+01 3.528e+01 3.530e+01 3.532e+01 3.533e+01 3.535e+01 3.537e+01
 3.538e+01 3.540e+01 3.541e+01 3.543e+01 3.545e+01 3.546e+01 3.548e+01 3.549e+01
 3.550e+01 3.552e+01 3.553e+01 3.554e+01 3.556e+01 3.557e+01 3.558e+01 3.559e+01
 3.561e+01 3.562e+01 3.563e+01 3.564e+01 3.565e+01 3.566e+01 3.567e+01 3.568e+01
 3.569e+01 3.570e+01 3.571e+01 3.572e+01 3.573e+01 3.574e+01 3.574e+01 3.575e+01
 3.576e+01 3.577e+01 3.577e+01 3.578e+01 3.579e+01 3.580e+01 3.580e+01 3.581e+01
 3.581e+01 3.582e+01 3.583e+01 3.583e+01 3.584e+01 3.584e+01 3.585e+01 3.585e+01
 3.586e+01 3.586e+01 3.587e+01 3.587e+01 3.588e+01 3.588e+01 3.588e+01 3.589e+01
 3.589e+01 3.589e+01 3.590e+01 3.590e+01 3.590e+01 3.591e+01 3.591e+01 3.591e+01
 3.592e+01 3.592e+01 3.592e+01 3.592e+01 3.593e+01 3.593e+01 3.593e+01 3.593e+01
 3.594e+01 3.594e+01 3.594e+01 3.594e+01 3.594e+01 3.595e+01 3.595e+01 3.595e+01
 3.595e+01 3.595e+01 3.596e+01 3.596e+01 3.596e+01 3.596e+01 3.596e+01 3.596e+01
C-------------------------------------------------------------------------------
C
C  The fractional abundance and radiated power were generated from the
C  ADAS installation at UKAEA with the named adf11 files. The adf11 data
C  files may be updated in a later release of ADAS and publicly
C  available versions may be found at https://open.adas.ac.uk/.
C
C  The equilibrium balance data was produced with run_adas405.py and
C  the balance with a confinement time with adas4xx_ionbal_tau.py
C  which are functions from the ADAS library. Details on these codes
C  may be found at: https://www.adas.ac.uk/python_lib/index.html
C
C  Copyright (C) 2023 UK Atomic Energy Authority
C
C  This file was generated for use in the UKAEA systems code PROCESS
C  using a script written by Martin O'Mullane.
C  If acquired without provenance a user is strongly advised
C  to check its validity by re-generating using the adf11 files from
C  the OPEN-ADAS site.
C
C  Produced by : Timothy Nunn
C  Date        : 29-07-26
C
C-------------------------------------------------------------------------------
