Mean charge as a function dwell time.
Temperature :      0.2 - 500000.0 eV
Density     : 1.00e+20 m-3
   600     5  # Te values, dwell time

Source data:
acd : /home/adas/adas/adf11/acd89/acd89_kr.dat
scd : /home/adas/adas/adf11/scd89/scd89_kr.dat
plt : /home/adas/adas/adf11/plt89/plt89_kr.dat
prb : /home/adas/adas/adf11/prb89/prb89_kr.dat

Te[eV]
 2.500e-01 2.561e-01 2.624e-01 2.688e-01 2.754e-01 2.822e-01 2.891e-01 2.962e-01
 3.035e-01 3.109e-01 3.185e-01 3.263e-01 3.343e-01 3.425e-01 3.509e-01 3.595e-01
 3.683e-01 3.774e-01 3.866e-01 3.961e-01 4.058e-01 4.158e-01 4.260e-01 4.364e-01
 4.471e-01 4.581e-01 4.693e-01 4.808e-01 4.926e-01 5.047e-01 5.170e-01 5.297e-01
 5.427e-01 5.560e-01 5.696e-01 5.836e-01 5.979e-01 6.126e-01 6.276e-01 6.430e-01
 6.587e-01 6.749e-01 6.914e-01 7.084e-01 7.257e-01 7.435e-01 7.618e-01 7.804e-01
 7.996e-01 8.192e-01 8.393e-01 8.598e-01 8.809e-01 9.025e-01 9.247e-01 9.473e-01
 9.706e-01 9.943e-01 1.019e+00 1.044e+00 1.069e+00 1.096e+00 1.122e+00 1.150e+00
 1.178e+00 1.207e+00 1.237e+00 1.267e+00 1.298e+00 1.330e+00 1.362e+00 1.396e+00
 1.430e+00 1.465e+00 1.501e+00 1.538e+00 1.575e+00 1.614e+00 1.654e+00 1.694e+00
 1.736e+00 1.778e+00 1.822e+00 1.867e+00 1.912e+00 1.959e+00 2.007e+00 2.056e+00
 2.107e+00 2.159e+00 2.211e+00 2.266e+00 2.321e+00 2.378e+00 2.436e+00 2.496e+00
 2.557e+00 2.620e+00 2.684e+00 2.750e+00 2.818e+00 2.887e+00 2.957e+00 3.030e+00
 3.104e+00 3.180e+00 3.258e+00 3.338e+00 3.420e+00 3.504e+00 3.590e+00 3.678e+00
 3.768e+00 3.860e+00 3.955e+00 4.052e+00 4.151e+00 4.253e+00 4.357e+00 4.464e+00
 4.574e+00 4.686e+00 4.801e+00 4.918e+00 5.039e+00 5.162e+00 5.289e+00 5.419e+00
 5.551e+00 5.688e+00 5.827e+00 5.970e+00 6.116e+00 6.266e+00 6.420e+00 6.577e+00
 6.738e+00 6.904e+00 7.073e+00 7.246e+00 7.424e+00 7.606e+00 7.792e+00 7.983e+00
 8.179e+00 8.380e+00 8.585e+00 8.796e+00 9.011e+00 9.232e+00 9.459e+00 9.691e+00
 9.928e+00 1.017e+01 1.042e+01 1.068e+01 1.094e+01 1.121e+01 1.148e+01 1.176e+01
 1.205e+01 1.235e+01 1.265e+01 1.296e+01 1.328e+01 1.360e+01 1.394e+01 1.428e+01
 1.463e+01 1.499e+01 1.535e+01 1.573e+01 1.612e+01 1.651e+01 1.692e+01 1.733e+01
 1.776e+01 1.819e+01 1.864e+01 1.909e+01 1.956e+01 2.004e+01 2.053e+01 2.104e+01
 2.155e+01 2.208e+01 2.262e+01 2.318e+01 2.374e+01 2.433e+01 2.492e+01 2.553e+01
 2.616e+01 2.680e+01 2.746e+01 2.813e+01 2.882e+01 2.953e+01 3.025e+01 3.099e+01
 3.175e+01 3.253e+01 3.333e+01 3.415e+01 3.498e+01 3.584e+01 3.672e+01 3.762e+01
 3.854e+01 3.949e+01 4.046e+01 4.145e+01 4.246e+01 4.351e+01 4.457e+01 4.566e+01
 4.678e+01 4.793e+01 4.911e+01 5.031e+01 5.154e+01 5.281e+01 5.410e+01 5.543e+01
 5.679e+01 5.818e+01 5.961e+01 6.107e+01 6.256e+01 6.410e+01 6.567e+01 6.728e+01
 6.893e+01 7.062e+01 7.235e+01 7.412e+01 7.594e+01 7.780e+01 7.971e+01 8.167e+01
 8.367e+01 8.572e+01 8.782e+01 8.997e+01 9.218e+01 9.444e+01 9.676e+01 9.913e+01
 1.016e+02 1.040e+02 1.066e+02 1.092e+02 1.119e+02 1.146e+02 1.174e+02 1.203e+02
 1.233e+02 1.263e+02 1.294e+02 1.326e+02 1.358e+02 1.391e+02 1.426e+02 1.461e+02
 1.496e+02 1.533e+02 1.571e+02 1.609e+02 1.649e+02 1.689e+02 1.730e+02 1.773e+02
 1.816e+02 1.861e+02 1.906e+02 1.953e+02 2.001e+02 2.050e+02 2.100e+02 2.152e+02
 2.205e+02 2.259e+02 2.314e+02 2.371e+02 2.429e+02 2.488e+02 2.549e+02 2.612e+02
 2.676e+02 2.742e+02 2.809e+02 2.878e+02 2.948e+02 3.021e+02 3.095e+02 3.170e+02
 3.248e+02 3.328e+02 3.409e+02 3.493e+02 3.579e+02 3.666e+02 3.756e+02 3.848e+02
 3.943e+02 4.039e+02 4.138e+02 4.240e+02 4.344e+02 4.450e+02 4.559e+02 4.671e+02
 4.786e+02 4.903e+02 5.023e+02 5.146e+02 5.273e+02 5.402e+02 5.534e+02 5.670e+02
 5.809e+02 5.951e+02 6.097e+02 6.247e+02 6.400e+02 6.557e+02 6.718e+02 6.882e+02
 7.051e+02 7.224e+02 7.401e+02 7.582e+02 7.768e+02 7.959e+02 8.154e+02 8.354e+02
 8.559e+02 8.769e+02 8.984e+02 9.204e+02 9.429e+02 9.661e+02 9.897e+02 1.014e+03
 1.039e+03 1.064e+03 1.090e+03 1.117e+03 1.145e+03 1.173e+03 1.201e+03 1.231e+03
 1.261e+03 1.292e+03 1.324e+03 1.356e+03 1.389e+03 1.423e+03 1.458e+03 1.494e+03
 1.531e+03 1.568e+03 1.607e+03 1.646e+03 1.686e+03 1.728e+03 1.770e+03 1.813e+03
 1.858e+03 1.903e+03 1.950e+03 1.998e+03 2.047e+03 2.097e+03 2.149e+03 2.201e+03
 2.255e+03 2.310e+03 2.367e+03 2.425e+03 2.485e+03 2.546e+03 2.608e+03 2.672e+03
 2.737e+03 2.804e+03 2.873e+03 2.944e+03 3.016e+03 3.090e+03 3.166e+03 3.243e+03
 3.323e+03 3.404e+03 3.488e+03 3.573e+03 3.661e+03 3.750e+03 3.842e+03 3.937e+03
 4.033e+03 4.132e+03 4.233e+03 4.337e+03 4.443e+03 4.552e+03 4.664e+03 4.778e+03
 4.895e+03 5.015e+03 5.138e+03 5.264e+03 5.393e+03 5.526e+03 5.661e+03 5.800e+03
 5.942e+03 6.088e+03 6.237e+03 6.390e+03 6.547e+03 6.707e+03 6.872e+03 7.040e+03
 7.213e+03 7.390e+03 7.571e+03 7.756e+03 7.947e+03 8.141e+03 8.341e+03 8.545e+03
 8.755e+03 8.970e+03 9.190e+03 9.415e+03 9.646e+03 9.882e+03 1.012e+04 1.037e+04
 1.063e+04 1.089e+04 1.115e+04 1.143e+04 1.171e+04 1.200e+04 1.229e+04 1.259e+04
 1.290e+04 1.322e+04 1.354e+04 1.387e+04 1.421e+04 1.456e+04 1.492e+04 1.528e+04
 1.566e+04 1.604e+04 1.643e+04 1.684e+04 1.725e+04 1.767e+04 1.811e+04 1.855e+04
 1.901e+04 1.947e+04 1.995e+04 2.044e+04 2.094e+04 2.145e+04 2.198e+04 2.252e+04
 2.307e+04 2.363e+04 2.421e+04 2.481e+04 2.542e+04 2.604e+04 2.668e+04 2.733e+04
 2.800e+04 2.869e+04 2.939e+04 3.011e+04 3.085e+04 3.161e+04 3.238e+04 3.318e+04
 3.399e+04 3.482e+04 3.568e+04 3.655e+04 3.745e+04 3.836e+04 3.931e+04 4.027e+04
 4.126e+04 4.227e+04 4.330e+04 4.437e+04 4.545e+04 4.657e+04 4.771e+04 4.888e+04
 5.008e+04 5.131e+04 5.256e+04 5.385e+04 5.517e+04 5.652e+04 5.791e+04 5.933e+04
 6.078e+04 6.228e+04 6.380e+04 6.537e+04 6.697e+04 6.861e+04 7.029e+04 7.202e+04
 7.378e+04 7.559e+04 7.744e+04 7.934e+04 8.129e+04 8.328e+04 8.532e+04 8.741e+04
 8.956e+04 9.175e+04 9.400e+04 9.631e+04 9.867e+04 1.011e+05 1.036e+05 1.061e+05
 1.087e+05 1.114e+05 1.141e+05 1.169e+05 1.198e+05 1.227e+05 1.257e+05 1.288e+05
 1.320e+05 1.352e+05 1.385e+05 1.419e+05 1.454e+05 1.489e+05 1.526e+05 1.563e+05
 1.602e+05 1.641e+05 1.681e+05 1.722e+05 1.765e+05 1.808e+05 1.852e+05 1.898e+05
 1.944e+05 1.992e+05 2.041e+05 2.091e+05 2.142e+05 2.194e+05 2.248e+05 2.303e+05
 2.360e+05 2.418e+05 2.477e+05 2.538e+05 2.600e+05 2.664e+05 2.729e+05 2.796e+05
 2.864e+05 2.935e+05 3.007e+05 3.080e+05 3.156e+05 3.233e+05 3.312e+05 3.394e+05
 3.477e+05 3.562e+05 3.649e+05 3.739e+05 3.831e+05 3.924e+05 4.021e+05 4.119e+05
 4.220e+05 4.324e+05 4.430e+05 4.538e+05 4.650e+05 4.764e+05 4.880e+05 5.000e+05
<Z> for tau[ms]=    0.1
 6.876e-12 9.495e-12 1.311e-11 1.810e-11 2.500e-11 3.451e-11 4.765e-11 6.580e-11
 9.086e-11 1.255e-10 1.732e-10 2.392e-10 3.303e-10 4.560e-10 6.296e-10 8.694e-10
 1.200e-09 1.658e-09 2.289e-09 3.160e-09 4.363e-09 6.025e-09 8.319e-09 1.149e-08
 1.586e-08 2.190e-08 3.024e-08 4.175e-08 5.765e-08 7.960e-08 1.099e-07 1.518e-07
 2.096e-07 2.894e-07 3.995e-07 5.517e-07 7.617e-07 1.052e-06 1.452e-06 2.005e-06
 2.769e-06 3.823e-06 5.279e-06 7.289e-06 1.006e-05 1.390e-05 1.919e-05 2.649e-05
 3.658e-05 5.051e-05 6.974e-05 9.629e-05 1.330e-04 1.836e-04 2.534e-04 3.499e-04
 4.831e-04 6.669e-04 9.206e-04 1.270e-03 1.749e-03 2.404e-03 3.294e-03 4.497e-03
 6.111e-03 8.257e-03 1.109e-02 1.478e-02 1.954e-02 2.559e-02 3.318e-02 4.261e-02
 5.418e-02 6.820e-02 8.500e-02 1.049e-01 1.280e-01 1.547e-01 1.849e-01 2.187e-01
 2.558e-01 2.959e-01 3.386e-01 3.832e-01 4.288e-01 4.748e-01 5.202e-01 5.646e-01
 6.072e-01 6.476e-01 6.856e-01 7.210e-01 7.540e-01 7.845e-01 8.128e-01 8.394e-01
 8.645e-01 8.886e-01 9.121e-01 9.354e-01 9.590e-01 9.834e-01 1.009e+00 1.036e+00
 1.065e+00 1.095e+00 1.128e+00 1.164e+00 1.201e+00 1.241e+00 1.282e+00 1.324e+00
 1.367e+00 1.411e+00 1.455e+00 1.499e+00 1.542e+00 1.584e+00 1.625e+00 1.665e+00
 1.704e+00 1.743e+00 1.781e+00 1.818e+00 1.856e+00 1.893e+00 1.931e+00 1.970e+00
 2.009e+00 2.049e+00 2.090e+00 2.132e+00 2.175e+00 2.219e+00 2.263e+00 2.308e+00
 2.353e+00 2.398e+00 2.443e+00 2.487e+00 2.531e+00 2.575e+00 2.619e+00 2.662e+00
 2.705e+00 2.748e+00 2.791e+00 2.835e+00 2.878e+00 2.923e+00 2.968e+00 3.013e+00
 3.060e+00 3.107e+00 3.155e+00 3.203e+00 3.253e+00 3.303e+00 3.353e+00 3.404e+00
 3.456e+00 3.508e+00 3.560e+00 3.613e+00 3.666e+00 3.720e+00 3.774e+00 3.828e+00
 3.883e+00 3.938e+00 3.993e+00 4.048e+00 4.104e+00 4.160e+00 4.216e+00 4.272e+00
 4.328e+00 4.385e+00 4.441e+00 4.498e+00 4.555e+00 4.611e+00 4.668e+00 4.725e+00
 4.782e+00 4.839e+00 4.896e+00 4.952e+00 5.009e+00 5.066e+00 5.122e+00 5.179e+00
 5.235e+00 5.291e+00 5.347e+00 5.403e+00 5.459e+00 5.515e+00 5.570e+00 5.625e+00
 5.680e+00 5.735e+00 5.790e+00 5.845e+00 5.899e+00 5.953e+00 6.007e+00 6.061e+00
 6.115e+00 6.169e+00 6.223e+00 6.277e+00 6.331e+00 6.385e+00 6.439e+00 6.495e+00
 6.550e+00 6.606e+00 6.663e+00 6.721e+00 6.779e+00 6.839e+00 6.900e+00 6.961e+00
 7.024e+00 7.088e+00 7.154e+00 7.220e+00 7.288e+00 7.356e+00 7.426e+00 7.497e+00
 7.569e+00 7.642e+00 7.716e+00 7.791e+00 7.867e+00 7.943e+00 8.020e+00 8.097e+00
 8.175e+00 8.254e+00 8.333e+00 8.413e+00 8.493e+00 8.573e+00 8.653e+00 8.734e+00
 8.815e+00 8.896e+00 8.978e+00 9.060e+00 9.141e+00 9.223e+00 9.305e+00 9.388e+00
 9.470e+00 9.552e+00 9.634e+00 9.717e+00 9.799e+00 9.882e+00 9.964e+00 1.005e+01
 1.013e+01 1.021e+01 1.029e+01 1.037e+01 1.046e+01 1.054e+01 1.062e+01 1.070e+01
 1.078e+01 1.086e+01 1.094e+01 1.102e+01 1.110e+01 1.118e+01 1.126e+01 1.133e+01
 1.141e+01 1.149e+01 1.156e+01 1.164e+01 1.171e+01 1.179e+01 1.186e+01 1.193e+01
 1.201e+01 1.208e+01 1.215e+01 1.222e+01 1.229e+01 1.236e+01 1.243e+01 1.250e+01
 1.257e+01 1.264e+01 1.270e+01 1.277e+01 1.284e+01 1.290e+01 1.297e+01 1.303e+01
 1.310e+01 1.316e+01 1.323e+01 1.329e+01 1.336e+01 1.342e+01 1.348e+01 1.355e+01
 1.361e+01 1.367e+01 1.373e+01 1.380e+01 1.386e+01 1.392e+01 1.398e+01 1.404e+01
 1.410e+01 1.416e+01 1.422e+01 1.428e+01 1.434e+01 1.439e+01 1.445e+01 1.451e+01
 1.456e+01 1.462e+01 1.467e+01 1.473e+01 1.478e+01 1.484e+01 1.489e+01 1.494e+01
 1.499e+01 1.504e+01 1.509e+01 1.514e+01 1.519e+01 1.523e+01 1.528e+01 1.532e+01
 1.537e+01 1.541e+01 1.545e+01 1.550e+01 1.554e+01 1.558e+01 1.562e+01 1.566e+01
 1.570e+01 1.573e+01 1.577e+01 1.580e+01 1.584e+01 1.587e+01 1.591e+01 1.594e+01
 1.597e+01 1.600e+01 1.603e+01 1.606e+01 1.609e+01 1.612e+01 1.614e+01 1.617e+01
 1.619e+01 1.622e+01 1.624e+01 1.627e+01 1.629e+01 1.631e+01 1.633e+01 1.635e+01
 1.637e+01 1.639e+01 1.641e+01 1.642e+01 1.644e+01 1.646e+01 1.647e+01 1.649e+01
 1.650e+01 1.651e+01 1.653e+01 1.654e+01 1.655e+01 1.656e+01 1.657e+01 1.658e+01
 1.659e+01 1.660e+01 1.661e+01 1.661e+01 1.662e+01 1.663e+01 1.663e+01 1.664e+01
 1.664e+01 1.665e+01 1.665e+01 1.665e+01 1.665e+01 1.666e+01 1.666e+01 1.666e+01
 1.666e+01 1.666e+01 1.666e+01 1.666e+01 1.665e+01 1.665e+01 1.665e+01 1.665e+01
 1.664e+01 1.664e+01 1.663e+01 1.663e+01 1.662e+01 1.662e+01 1.661e+01 1.660e+01
 1.660e+01 1.659e+01 1.658e+01 1.657e+01 1.656e+01 1.655e+01 1.655e+01 1.654e+01
 1.652e+01 1.651e+01 1.650e+01 1.649e+01 1.648e+01 1.647e+01 1.645e+01 1.644e+01
 1.643e+01 1.641e+01 1.640e+01 1.638e+01 1.637e+01 1.635e+01 1.634e+01 1.632e+01
 1.631e+01 1.629e+01 1.627e+01 1.626e+01 1.624e+01 1.622e+01 1.620e+01 1.618e+01
 1.617e+01 1.615e+01 1.613e+01 1.611e+01 1.609e+01 1.607e+01 1.605e+01 1.603e+01
 1.600e+01 1.598e+01 1.596e+01 1.594e+01 1.592e+01 1.589e+01 1.587e+01 1.585e+01
 1.583e+01 1.580e+01 1.578e+01 1.576e+01 1.573e+01 1.571e+01 1.568e+01 1.566e+01
 1.563e+01 1.561e+01 1.558e+01 1.556e+01 1.553e+01 1.550e+01 1.548e+01 1.545e+01
 1.542e+01 1.540e+01 1.537e+01 1.534e+01 1.531e+01 1.529e+01 1.526e+01 1.523e+01
 1.520e+01 1.517e+01 1.514e+01 1.511e+01 1.508e+01 1.506e+01 1.503e+01 1.500e+01
 1.497e+01 1.494e+01 1.491e+01 1.488e+01 1.485e+01 1.482e+01 1.479e+01 1.476e+01
 1.473e+01 1.470e+01 1.467e+01 1.464e+01 1.461e+01 1.458e+01 1.455e+01 1.452e+01
 1.449e+01 1.446e+01 1.443e+01 1.440e+01 1.437e+01 1.434e+01 1.431e+01 1.428e+01
 1.425e+01 1.422e+01 1.419e+01 1.416e+01 1.413e+01 1.410e+01 1.407e+01 1.404e+01
 1.401e+01 1.398e+01 1.395e+01 1.392e+01 1.389e+01 1.386e+01 1.383e+01 1.380e+01
 1.377e+01 1.373e+01 1.370e+01 1.367e+01 1.364e+01 1.361e+01 1.358e+01 1.355e+01
 1.352e+01 1.349e+01 1.346e+01 1.343e+01 1.340e+01 1.337e+01 1.333e+01 1.330e+01
 1.327e+01 1.324e+01 1.321e+01 1.318e+01 1.315e+01 1.312e+01 1.309e+01 1.306e+01
 1.302e+01 1.299e+01 1.296e+01 1.293e+01 1.290e+01 1.287e+01 1.284e+01 1.281e+01
 1.277e+01 1.274e+01 1.271e+01 1.268e+01 1.265e+01 1.262e+01 1.259e+01 1.255e+01
 1.252e+01 1.249e+01 1.246e+01 1.243e+01 1.240e+01 1.237e+01 1.233e+01 1.230e+01
 1.227e+01 1.224e+01 1.221e+01 1.218e+01 1.214e+01 1.211e+01 1.208e+01 1.205e+01
<Z> for tau[ms]=    1.0
 6.829e-11 9.431e-11 1.302e-10 1.798e-10 2.483e-10 3.429e-10 4.735e-10 6.539e-10
 9.030e-10 1.247e-09 1.722e-09 2.378e-09 3.283e-09 4.534e-09 6.261e-09 8.645e-09
 1.194e-08 1.649e-08 2.276e-08 3.143e-08 4.341e-08 5.994e-08 8.277e-08 1.143e-07
 1.578e-07 2.179e-07 3.009e-07 4.156e-07 5.738e-07 7.924e-07 1.094e-06 1.511e-06
 2.086e-06 2.881e-06 3.978e-06 5.493e-06 7.585e-06 1.047e-05 1.446e-05 1.997e-05
 2.758e-05 3.808e-05 5.258e-05 7.260e-05 1.003e-04 1.384e-04 1.911e-04 2.639e-04
 3.644e-04 5.031e-04 6.945e-04 9.588e-04 1.323e-03 1.827e-03 2.520e-03 3.477e-03
 4.795e-03 6.609e-03 9.102e-03 1.252e-02 1.717e-02 2.346e-02 3.190e-02 4.310e-02
 5.777e-02 7.666e-02 1.006e-01 1.301e-01 1.658e-01 2.075e-01 2.550e-01 3.075e-01
 3.636e-01 4.221e-01 4.811e-01 5.391e-01 5.946e-01 6.466e-01 6.944e-01 7.375e-01
 7.761e-01 8.102e-01 8.403e-01 8.668e-01 8.903e-01 9.114e-01 9.309e-01 9.494e-01
 9.676e-01 9.863e-01 1.006e+00 1.028e+00 1.053e+00 1.080e+00 1.112e+00 1.148e+00
 1.188e+00 1.232e+00 1.281e+00 1.332e+00 1.385e+00 1.440e+00 1.495e+00 1.548e+00
 1.600e+00 1.649e+00 1.695e+00 1.738e+00 1.779e+00 1.817e+00 1.853e+00 1.888e+00
 1.923e+00 1.958e+00 1.993e+00 2.030e+00 2.069e+00 2.110e+00 2.153e+00 2.198e+00
 2.246e+00 2.295e+00 2.346e+00 2.397e+00 2.449e+00 2.499e+00 2.549e+00 2.598e+00
 2.644e+00 2.690e+00 2.733e+00 2.776e+00 2.817e+00 2.858e+00 2.899e+00 2.939e+00
 2.981e+00 3.023e+00 3.066e+00 3.111e+00 3.157e+00 3.204e+00 3.253e+00 3.304e+00
 3.355e+00 3.407e+00 3.459e+00 3.512e+00 3.565e+00 3.618e+00 3.671e+00 3.724e+00
 3.777e+00 3.830e+00 3.882e+00 3.935e+00 3.989e+00 4.042e+00 4.096e+00 4.151e+00
 4.206e+00 4.261e+00 4.317e+00 4.374e+00 4.431e+00 4.489e+00 4.548e+00 4.607e+00
 4.667e+00 4.728e+00 4.789e+00 4.851e+00 4.914e+00 4.978e+00 5.042e+00 5.108e+00
 5.174e+00 5.241e+00 5.308e+00 5.377e+00 5.446e+00 5.515e+00 5.585e+00 5.656e+00
 5.726e+00 5.797e+00 5.868e+00 5.938e+00 6.008e+00 6.077e+00 6.145e+00 6.213e+00
 6.279e+00 6.344e+00 6.408e+00 6.470e+00 6.532e+00 6.592e+00 6.652e+00 6.710e+00
 6.768e+00 6.826e+00 6.883e+00 6.941e+00 6.999e+00 7.059e+00 7.119e+00 7.182e+00
 7.246e+00 7.312e+00 7.382e+00 7.454e+00 7.529e+00 7.608e+00 7.690e+00 7.776e+00
 7.865e+00 7.958e+00 8.054e+00 8.153e+00 8.256e+00 8.361e+00 8.468e+00 8.578e+00
 8.689e+00 8.802e+00 8.916e+00 9.031e+00 9.147e+00 9.264e+00 9.380e+00 9.497e+00
 9.614e+00 9.731e+00 9.847e+00 9.963e+00 1.008e+01 1.019e+01 1.031e+01 1.043e+01
 1.054e+01 1.066e+01 1.077e+01 1.089e+01 1.101e+01 1.113e+01 1.125e+01 1.137e+01
 1.149e+01 1.161e+01 1.173e+01 1.186e+01 1.198e+01 1.210e+01 1.222e+01 1.233e+01
 1.245e+01 1.256e+01 1.268e+01 1.278e+01 1.289e+01 1.299e+01 1.310e+01 1.319e+01
 1.329e+01 1.338e+01 1.348e+01 1.357e+01 1.365e+01 1.374e+01 1.382e+01 1.391e+01
 1.399e+01 1.407e+01 1.415e+01 1.423e+01 1.430e+01 1.438e+01 1.446e+01 1.453e+01
 1.461e+01 1.468e+01 1.476e+01 1.483e+01 1.491e+01 1.498e+01 1.506e+01 1.514e+01
 1.522e+01 1.530e+01 1.538e+01 1.546e+01 1.555e+01 1.564e+01 1.573e+01 1.583e+01
 1.593e+01 1.604e+01 1.615e+01 1.627e+01 1.639e+01 1.653e+01 1.666e+01 1.681e+01
 1.697e+01 1.713e+01 1.729e+01 1.746e+01 1.764e+01 1.782e+01 1.800e+01 1.818e+01
 1.836e+01 1.854e+01 1.871e+01 1.889e+01 1.905e+01 1.922e+01 1.938e+01 1.953e+01
 1.969e+01 1.983e+01 1.997e+01 2.011e+01 2.024e+01 2.037e+01 2.049e+01 2.061e+01
 2.072e+01 2.083e+01 2.094e+01 2.104e+01 2.114e+01 2.123e+01 2.133e+01 2.141e+01
 2.150e+01 2.158e+01 2.166e+01 2.174e+01 2.182e+01 2.189e+01 2.196e+01 2.203e+01
 2.209e+01 2.216e+01 2.222e+01 2.228e+01 2.234e+01 2.240e+01 2.245e+01 2.251e+01
 2.256e+01 2.262e+01 2.267e+01 2.272e+01 2.277e+01 2.282e+01 2.287e+01 2.292e+01
 2.297e+01 2.302e+01 2.307e+01 2.312e+01 2.317e+01 2.322e+01 2.327e+01 2.332e+01
 2.337e+01 2.342e+01 2.347e+01 2.352e+01 2.358e+01 2.363e+01 2.369e+01 2.374e+01
 2.380e+01 2.385e+01 2.391e+01 2.396e+01 2.402e+01 2.408e+01 2.413e+01 2.419e+01
 2.425e+01 2.430e+01 2.436e+01 2.441e+01 2.447e+01 2.452e+01 2.458e+01 2.463e+01
 2.468e+01 2.473e+01 2.479e+01 2.484e+01 2.489e+01 2.493e+01 2.498e+01 2.503e+01
 2.507e+01 2.512e+01 2.516e+01 2.521e+01 2.525e+01 2.529e+01 2.533e+01 2.537e+01
 2.540e+01 2.544e+01 2.548e+01 2.551e+01 2.555e+01 2.558e+01 2.561e+01 2.564e+01
 2.567e+01 2.570e+01 2.573e+01 2.576e+01 2.578e+01 2.581e+01 2.583e+01 2.585e+01
 2.588e+01 2.590e+01 2.592e+01 2.594e+01 2.596e+01 2.598e+01 2.600e+01 2.601e+01
 2.603e+01 2.604e+01 2.606e+01 2.607e+01 2.609e+01 2.610e+01 2.611e+01 2.612e+01
 2.613e+01 2.614e+01 2.615e+01 2.616e+01 2.617e+01 2.617e+01 2.618e+01 2.619e+01
 2.619e+01 2.620e+01 2.620e+01 2.620e+01 2.621e+01 2.621e+01 2.621e+01 2.621e+01
 2.621e+01 2.621e+01 2.621e+01 2.621e+01 2.621e+01 2.621e+01 2.621e+01 2.620e+01
 2.620e+01 2.620e+01 2.619e+01 2.619e+01 2.618e+01 2.618e+01 2.617e+01 2.616e+01
 2.615e+01 2.615e+01 2.614e+01 2.613e+01 2.612e+01 2.611e+01 2.610e+01 2.609e+01
 2.608e+01 2.607e+01 2.606e+01 2.605e+01 2.604e+01 2.602e+01 2.601e+01 2.600e+01
 2.598e+01 2.597e+01 2.595e+01 2.594e+01 2.592e+01 2.591e+01 2.589e+01 2.588e+01
 2.586e+01 2.584e+01 2.582e+01 2.581e+01 2.579e+01 2.577e+01 2.575e+01 2.573e+01
 2.572e+01 2.570e+01 2.568e+01 2.566e+01 2.564e+01 2.562e+01 2.560e+01 2.558e+01
 2.556e+01 2.555e+01 2.553e+01 2.551e+01 2.549e+01 2.547e+01 2.545e+01 2.543e+01
 2.541e+01 2.539e+01 2.537e+01 2.535e+01 2.533e+01 2.531e+01 2.529e+01 2.527e+01
 2.525e+01 2.523e+01 2.521e+01 2.519e+01 2.517e+01 2.515e+01 2.513e+01 2.511e+01
 2.509e+01 2.507e+01 2.505e+01 2.503e+01 2.501e+01 2.498e+01 2.496e+01 2.494e+01
 2.492e+01 2.490e+01 2.488e+01 2.486e+01 2.484e+01 2.481e+01 2.479e+01 2.477e+01
 2.475e+01 2.473e+01 2.471e+01 2.468e+01 2.466e+01 2.464e+01 2.462e+01 2.460e+01
 2.457e+01 2.455e+01 2.453e+01 2.451e+01 2.448e+01 2.446e+01 2.444e+01 2.442e+01
 2.439e+01 2.437e+01 2.435e+01 2.432e+01 2.430e+01 2.428e+01 2.426e+01 2.423e+01
 2.421e+01 2.419e+01 2.416e+01 2.414e+01 2.411e+01 2.409e+01 2.407e+01 2.404e+01
 2.402e+01 2.400e+01 2.397e+01 2.395e+01 2.392e+01 2.390e+01 2.388e+01 2.385e+01
 2.383e+01 2.380e+01 2.378e+01 2.375e+01 2.373e+01 2.370e+01 2.368e+01 2.365e+01
<Z> for tau[ms]=   10.0
 6.392e-10 8.834e-10 1.221e-09 1.687e-09 2.332e-09 3.223e-09 4.454e-09 6.156e-09
 8.507e-09 1.176e-08 1.625e-08 2.245e-08 3.103e-08 4.288e-08 5.925e-08 8.188e-08
 1.131e-07 1.563e-07 2.160e-07 2.985e-07 4.125e-07 5.700e-07 7.877e-07 1.088e-06
 1.504e-06 2.078e-06 2.871e-06 3.967e-06 5.481e-06 7.574e-06 1.046e-05 1.446e-05
 1.998e-05 2.760e-05 3.813e-05 5.268e-05 7.279e-05 1.006e-04 1.389e-04 1.919e-04
 2.652e-04 3.663e-04 5.060e-04 6.989e-04 9.653e-04 1.333e-03 1.841e-03 2.541e-03
 3.507e-03 4.839e-03 6.672e-03 9.194e-03 1.266e-02 1.740e-02 2.388e-02 3.269e-02
 4.460e-02 6.058e-02 8.179e-02 1.095e-01 1.450e-01 1.892e-01 2.425e-01 3.045e-01
 3.734e-01 4.467e-01 5.210e-01 5.928e-01 6.593e-01 7.185e-01 7.696e-01 8.128e-01
 8.486e-01 8.781e-01 9.024e-01 9.224e-01 9.392e-01 9.536e-01 9.666e-01 9.788e-01
 9.912e-01 1.005e+00 1.020e+00 1.038e+00 1.061e+00 1.088e+00 1.121e+00 1.161e+00
 1.208e+00 1.262e+00 1.321e+00 1.385e+00 1.451e+00 1.516e+00 1.580e+00 1.640e+00
 1.694e+00 1.744e+00 1.787e+00 1.826e+00 1.860e+00 1.890e+00 1.918e+00 1.944e+00
 1.969e+00 1.994e+00 2.021e+00 2.049e+00 2.080e+00 2.114e+00 2.152e+00 2.192e+00
 2.236e+00 2.283e+00 2.333e+00 2.384e+00 2.435e+00 2.487e+00 2.537e+00 2.586e+00
 2.633e+00 2.677e+00 2.719e+00 2.758e+00 2.795e+00 2.831e+00 2.864e+00 2.897e+00
 2.929e+00 2.961e+00 2.994e+00 3.027e+00 3.062e+00 3.098e+00 3.136e+00 3.177e+00
 3.218e+00 3.262e+00 3.308e+00 3.355e+00 3.403e+00 3.453e+00 3.502e+00 3.552e+00
 3.602e+00 3.651e+00 3.701e+00 3.749e+00 3.797e+00 3.845e+00 3.893e+00 3.941e+00
 3.988e+00 4.036e+00 4.085e+00 4.133e+00 4.183e+00 4.234e+00 4.285e+00 4.337e+00
 4.390e+00 4.444e+00 4.499e+00 4.554e+00 4.611e+00 4.669e+00 4.727e+00 4.787e+00
 4.847e+00 4.909e+00 4.972e+00 5.036e+00 5.102e+00 5.169e+00 5.237e+00 5.307e+00
 5.378e+00 5.451e+00 5.525e+00 5.600e+00 5.677e+00 5.754e+00 5.832e+00 5.910e+00
 5.987e+00 6.065e+00 6.141e+00 6.217e+00 6.291e+00 6.363e+00 6.434e+00 6.502e+00
 6.569e+00 6.634e+00 6.697e+00 6.758e+00 6.819e+00 6.878e+00 6.936e+00 6.994e+00
 7.053e+00 7.112e+00 7.172e+00 7.233e+00 7.297e+00 7.363e+00 7.432e+00 7.505e+00
 7.581e+00 7.662e+00 7.747e+00 7.838e+00 7.933e+00 8.033e+00 8.138e+00 8.249e+00
 8.364e+00 8.483e+00 8.606e+00 8.733e+00 8.863e+00 8.996e+00 9.130e+00 9.266e+00
 9.403e+00 9.540e+00 9.677e+00 9.813e+00 9.947e+00 1.008e+01 1.021e+01 1.034e+01
 1.047e+01 1.060e+01 1.073e+01 1.085e+01 1.098e+01 1.110e+01 1.123e+01 1.136e+01
 1.149e+01 1.162e+01 1.176e+01 1.190e+01 1.204e+01 1.218e+01 1.233e+01 1.247e+01
 1.262e+01 1.276e+01 1.290e+01 1.303e+01 1.316e+01 1.328e+01 1.340e+01 1.351e+01
 1.361e+01 1.371e+01 1.380e+01 1.389e+01 1.398e+01 1.406e+01 1.414e+01 1.421e+01
 1.429e+01 1.436e+01 1.443e+01 1.449e+01 1.456e+01 1.463e+01 1.469e+01 1.475e+01
 1.482e+01 1.488e+01 1.494e+01 1.501e+01 1.507e+01 1.513e+01 1.520e+01 1.526e+01
 1.532e+01 1.539e+01 1.546e+01 1.552e+01 1.559e+01 1.567e+01 1.574e+01 1.581e+01
 1.589e+01 1.597e+01 1.606e+01 1.615e+01 1.625e+01 1.635e+01 1.647e+01 1.659e+01
 1.673e+01 1.688e+01 1.706e+01 1.725e+01 1.748e+01 1.773e+01 1.802e+01 1.834e+01
 1.869e+01 1.906e+01 1.946e+01 1.986e+01 2.025e+01 2.063e+01 2.098e+01 2.131e+01
 2.160e+01 2.187e+01 2.210e+01 2.232e+01 2.250e+01 2.267e+01 2.283e+01 2.297e+01
 2.310e+01 2.321e+01 2.332e+01 2.342e+01 2.352e+01 2.361e+01 2.369e+01 2.377e+01
 2.384e+01 2.391e+01 2.398e+01 2.404e+01 2.410e+01 2.416e+01 2.421e+01 2.426e+01
 2.431e+01 2.436e+01 2.440e+01 2.444e+01 2.449e+01 2.453e+01 2.457e+01 2.460e+01
 2.464e+01 2.468e+01 2.472e+01 2.475e+01 2.479e+01 2.483e+01 2.486e+01 2.490e+01
 2.494e+01 2.498e+01 2.503e+01 2.507e+01 2.512e+01 2.517e+01 2.522e+01 2.528e+01
 2.534e+01 2.541e+01 2.548e+01 2.556e+01 2.565e+01 2.574e+01 2.585e+01 2.596e+01
 2.608e+01 2.621e+01 2.635e+01 2.650e+01 2.666e+01 2.683e+01 2.700e+01 2.719e+01
 2.737e+01 2.756e+01 2.775e+01 2.795e+01 2.814e+01 2.832e+01 2.850e+01 2.868e+01
 2.885e+01 2.902e+01 2.917e+01 2.932e+01 2.947e+01 2.961e+01 2.974e+01 2.986e+01
 2.998e+01 3.010e+01 3.021e+01 3.031e+01 3.041e+01 3.050e+01 3.059e+01 3.068e+01
 3.076e+01 3.084e+01 3.091e+01 3.099e+01 3.105e+01 3.112e+01 3.118e+01 3.124e+01
 3.130e+01 3.135e+01 3.140e+01 3.145e+01 3.150e+01 3.155e+01 3.159e+01 3.163e+01
 3.167e+01 3.171e+01 3.175e+01 3.178e+01 3.182e+01 3.185e+01 3.188e+01 3.191e+01
 3.194e+01 3.197e+01 3.200e+01 3.203e+01 3.205e+01 3.208e+01 3.210e+01 3.212e+01
 3.215e+01 3.217e+01 3.219e+01 3.221e+01 3.223e+01 3.225e+01 3.227e+01 3.229e+01
 3.231e+01 3.232e+01 3.234e+01 3.236e+01 3.237e+01 3.239e+01 3.240e+01 3.242e+01
 3.244e+01 3.245e+01 3.246e+01 3.248e+01 3.249e+01 3.251e+01 3.252e+01 3.253e+01
 3.254e+01 3.256e+01 3.257e+01 3.258e+01 3.259e+01 3.261e+01 3.262e+01 3.263e+01
 3.264e+01 3.265e+01 3.266e+01 3.267e+01 3.268e+01 3.269e+01 3.270e+01 3.271e+01
 3.272e+01 3.273e+01 3.274e+01 3.274e+01 3.275e+01 3.276e+01 3.277e+01 3.278e+01
 3.278e+01 3.279e+01 3.280e+01 3.280e+01 3.281e+01 3.282e+01 3.282e+01 3.283e+01
 3.283e+01 3.284e+01 3.284e+01 3.285e+01 3.285e+01 3.286e+01 3.286e+01 3.286e+01
 3.287e+01 3.287e+01 3.287e+01 3.287e+01 3.288e+01 3.288e+01 3.288e+01 3.288e+01
 3.289e+01 3.289e+01 3.289e+01 3.289e+01 3.290e+01 3.290e+01 3.290e+01 3.290e+01
 3.291e+01 3.291e+01 3.291e+01 3.291e+01 3.291e+01 3.292e+01 3.292e+01 3.292e+01
 3.292e+01 3.292e+01 3.292e+01 3.293e+01 3.293e+01 3.293e+01 3.293e+01 3.293e+01
 3.293e+01 3.293e+01 3.293e+01 3.293e+01 3.293e+01 3.293e+01 3.293e+01 3.293e+01
 3.293e+01 3.293e+01 3.293e+01 3.293e+01 3.293e+01 3.293e+01 3.293e+01 3.293e+01
 3.293e+01 3.293e+01 3.293e+01 3.293e+01 3.293e+01 3.293e+01 3.293e+01 3.293e+01
 3.293e+01 3.293e+01 3.293e+01 3.293e+01 3.293e+01 3.292e+01 3.292e+01 3.292e+01
 3.292e+01 3.292e+01 3.292e+01 3.292e+01 3.292e+01 3.291e+01 3.291e+01 3.291e+01
 3.291e+01 3.291e+01 3.291e+01 3.290e+01 3.290e+01 3.290e+01 3.290e+01 3.290e+01
 3.289e+01 3.289e+01 3.289e+01 3.289e+01 3.289e+01 3.288e+01 3.288e+01 3.288e+01
 3.288e+01 3.287e+01 3.287e+01 3.287e+01 3.287e+01 3.286e+01 3.286e+01 3.286e+01
 3.286e+01 3.285e+01 3.285e+01 3.285e+01 3.285e+01 3.284e+01 3.284e+01 3.284e+01
<Z> for tau[ms]=  100.0
 3.895e-09 5.410e-09 7.514e-09 1.044e-08 1.449e-08 2.012e-08 2.795e-08 3.880e-08
 5.388e-08 7.481e-08 1.039e-07 1.442e-07 2.002e-07 2.779e-07 3.857e-07 5.354e-07
 7.432e-07 1.031e-06 1.432e-06 1.987e-06 2.757e-06 3.826e-06 5.309e-06 7.367e-06
 1.022e-05 1.418e-05 1.968e-05 2.730e-05 3.787e-05 5.253e-05 7.287e-05 1.011e-04
 1.402e-04 1.944e-04 2.696e-04 3.739e-04 5.185e-04 7.189e-04 9.966e-04 1.381e-03
 1.914e-03 2.653e-03 3.674e-03 5.087e-03 7.038e-03 9.731e-03 1.344e-02 1.853e-02
 2.551e-02 3.501e-02 4.788e-02 6.516e-02 8.809e-02 1.181e-01 1.565e-01 2.045e-01
 2.627e-01 3.305e-01 4.062e-01 4.865e-01 5.671e-01 6.439e-01 7.133e-01 7.734e-01
 8.234e-01 8.637e-01 8.955e-01 9.202e-01 9.392e-01 9.538e-01 9.651e-01 9.741e-01
 9.816e-01 9.883e-01 9.949e-01 1.002e+00 1.010e+00 1.021e+00 1.034e+00 1.053e+00
 1.076e+00 1.107e+00 1.147e+00 1.195e+00 1.253e+00 1.319e+00 1.390e+00 1.465e+00
 1.538e+00 1.609e+00 1.673e+00 1.730e+00 1.779e+00 1.821e+00 1.856e+00 1.886e+00
 1.910e+00 1.932e+00 1.950e+00 1.967e+00 1.984e+00 2.001e+00 2.018e+00 2.037e+00
 2.059e+00 2.083e+00 2.111e+00 2.142e+00 2.177e+00 2.216e+00 2.258e+00 2.303e+00
 2.350e+00 2.399e+00 2.448e+00 2.497e+00 2.546e+00 2.593e+00 2.638e+00 2.680e+00
 2.720e+00 2.757e+00 2.792e+00 2.825e+00 2.857e+00 2.887e+00 2.916e+00 2.945e+00
 2.974e+00 3.004e+00 3.035e+00 3.067e+00 3.101e+00 3.137e+00 3.175e+00 3.215e+00
 3.257e+00 3.301e+00 3.347e+00 3.394e+00 3.442e+00 3.490e+00 3.539e+00 3.588e+00
 3.637e+00 3.686e+00 3.734e+00 3.781e+00 3.828e+00 3.875e+00 3.921e+00 3.968e+00
 4.015e+00 4.062e+00 4.109e+00 4.158e+00 4.207e+00 4.257e+00 4.307e+00 4.359e+00
 4.412e+00 4.465e+00 4.520e+00 4.576e+00 4.632e+00 4.690e+00 4.748e+00 4.808e+00
 4.869e+00 4.930e+00 4.994e+00 5.058e+00 5.124e+00 5.192e+00 5.261e+00 5.332e+00
 5.404e+00 5.478e+00 5.553e+00 5.629e+00 5.707e+00 5.785e+00 5.864e+00 5.943e+00
 6.022e+00 6.101e+00 6.178e+00 6.254e+00 6.328e+00 6.401e+00 6.472e+00 6.540e+00
 6.607e+00 6.671e+00 6.734e+00 6.796e+00 6.856e+00 6.915e+00 6.973e+00 7.032e+00
 7.090e+00 7.150e+00 7.211e+00 7.273e+00 7.338e+00 7.405e+00 7.476e+00 7.551e+00
 7.630e+00 7.713e+00 7.802e+00 7.895e+00 7.994e+00 8.099e+00 8.208e+00 8.323e+00
 8.443e+00 8.567e+00 8.695e+00 8.827e+00 8.962e+00 9.099e+00 9.238e+00 9.378e+00
 9.518e+00 9.659e+00 9.799e+00 9.938e+00 1.007e+01 1.021e+01 1.034e+01 1.048e+01
 1.061e+01 1.073e+01 1.086e+01 1.099e+01 1.111e+01 1.124e+01 1.137e+01 1.150e+01
 1.163e+01 1.177e+01 1.191e+01 1.206e+01 1.220e+01 1.235e+01 1.250e+01 1.265e+01
 1.280e+01 1.295e+01 1.309e+01 1.322e+01 1.335e+01 1.347e+01 1.358e+01 1.368e+01
 1.378e+01 1.388e+01 1.396e+01 1.405e+01 1.413e+01 1.420e+01 1.428e+01 1.435e+01
 1.441e+01 1.448e+01 1.455e+01 1.461e+01 1.467e+01 1.473e+01 1.480e+01 1.486e+01
 1.492e+01 1.498e+01 1.504e+01 1.510e+01 1.516e+01 1.522e+01 1.528e+01 1.534e+01
 1.541e+01 1.547e+01 1.554e+01 1.560e+01 1.567e+01 1.574e+01 1.582e+01 1.589e+01
 1.597e+01 1.605e+01 1.614e+01 1.623e+01 1.633e+01 1.644e+01 1.656e+01 1.669e+01
 1.683e+01 1.700e+01 1.719e+01 1.742e+01 1.768e+01 1.798e+01 1.833e+01 1.873e+01
 1.917e+01 1.965e+01 2.014e+01 2.063e+01 2.110e+01 2.153e+01 2.191e+01 2.224e+01
 2.253e+01 2.277e+01 2.298e+01 2.316e+01 2.331e+01 2.345e+01 2.357e+01 2.368e+01
 2.378e+01 2.387e+01 2.395e+01 2.403e+01 2.410e+01 2.417e+01 2.424e+01 2.430e+01
 2.436e+01 2.441e+01 2.446e+01 2.451e+01 2.456e+01 2.460e+01 2.464e+01 2.468e+01
 2.472e+01 2.476e+01 2.480e+01 2.483e+01 2.486e+01 2.490e+01 2.493e+01 2.496e+01
 2.499e+01 2.502e+01 2.505e+01 2.509e+01 2.512e+01 2.515e+01 2.519e+01 2.522e+01
 2.526e+01 2.530e+01 2.534e+01 2.539e+01 2.543e+01 2.549e+01 2.554e+01 2.561e+01
 2.568e+01 2.575e+01 2.584e+01 2.593e+01 2.604e+01 2.615e+01 2.628e+01 2.642e+01
 2.658e+01 2.676e+01 2.695e+01 2.716e+01 2.739e+01 2.763e+01 2.788e+01 2.815e+01
 2.842e+01 2.869e+01 2.897e+01 2.924e+01 2.950e+01 2.975e+01 2.999e+01 3.022e+01
 3.043e+01 3.063e+01 3.082e+01 3.100e+01 3.116e+01 3.131e+01 3.145e+01 3.159e+01
 3.171e+01 3.183e+01 3.194e+01 3.204e+01 3.213e+01 3.222e+01 3.231e+01 3.238e+01
 3.246e+01 3.253e+01 3.259e+01 3.265e+01 3.271e+01 3.276e+01 3.281e+01 3.286e+01
 3.291e+01 3.295e+01 3.299e+01 3.303e+01 3.307e+01 3.310e+01 3.313e+01 3.317e+01
 3.320e+01 3.322e+01 3.325e+01 3.328e+01 3.330e+01 3.333e+01 3.335e+01 3.337e+01
 3.340e+01 3.342e+01 3.344e+01 3.346e+01 3.348e+01 3.350e+01 3.352e+01 3.353e+01
 3.355e+01 3.357e+01 3.359e+01 3.361e+01 3.362e+01 3.364e+01 3.366e+01 3.368e+01
 3.369e+01 3.371e+01 3.373e+01 3.374e+01 3.376e+01 3.378e+01 3.380e+01 3.381e+01
 3.383e+01 3.385e+01 3.387e+01 3.389e+01 3.390e+01 3.392e+01 3.394e+01 3.396e+01
 3.398e+01 3.400e+01 3.402e+01 3.404e+01 3.406e+01 3.408e+01 3.410e+01 3.412e+01
 3.414e+01 3.416e+01 3.418e+01 3.420e+01 3.422e+01 3.424e+01 3.426e+01 3.428e+01
 3.430e+01 3.432e+01 3.434e+01 3.437e+01 3.439e+01 3.441e+01 3.443e+01 3.445e+01
 3.447e+01 3.449e+01 3.451e+01 3.453e+01 3.455e+01 3.457e+01 3.459e+01 3.461e+01
 3.463e+01 3.465e+01 3.467e+01 3.469e+01 3.471e+01 3.472e+01 3.474e+01 3.475e+01
 3.477e+01 3.479e+01 3.480e+01 3.482e+01 3.483e+01 3.485e+01 3.487e+01 3.489e+01
 3.491e+01 3.492e+01 3.494e+01 3.496e+01 3.498e+01 3.500e+01 3.502e+01 3.504e+01
 3.505e+01 3.507e+01 3.509e+01 3.510e+01 3.512e+01 3.513e+01 3.515e+01 3.516e+01
 3.518e+01 3.519e+01 3.521e+01 3.522e+01 3.523e+01 3.524e+01 3.526e+01 3.527e+01
 3.528e+01 3.529e+01 3.530e+01 3.531e+01 3.532e+01 3.533e+01 3.534e+01 3.535e+01
 3.536e+01 3.537e+01 3.537e+01 3.538e+01 3.539e+01 3.540e+01 3.541e+01 3.541e+01
 3.542e+01 3.543e+01 3.543e+01 3.544e+01 3.544e+01 3.545e+01 3.545e+01 3.546e+01
 3.546e+01 3.547e+01 3.547e+01 3.548e+01 3.548e+01 3.549e+01 3.549e+01 3.550e+01
 3.550e+01 3.550e+01 3.551e+01 3.551e+01 3.551e+01 3.552e+01 3.552e+01 3.552e+01
 3.552e+01 3.553e+01 3.553e+01 3.553e+01 3.554e+01 3.554e+01 3.554e+01 3.554e+01
 3.554e+01 3.555e+01 3.555e+01 3.555e+01 3.555e+01 3.555e+01 3.556e+01 3.556e+01
 3.556e+01 3.556e+01 3.556e+01 3.556e+01 3.556e+01 3.557e+01 3.557e+01 3.557e+01
 3.557e+01 3.557e+01 3.557e+01 3.557e+01 3.557e+01 3.557e+01 3.557e+01 3.558e+01
<Z> for tau[ms]= 1000.0
 7.939e-09 1.110e-08 1.551e-08 2.167e-08 3.028e-08 4.232e-08 5.913e-08 8.263e-08
 1.155e-07 1.613e-07 2.254e-07 3.150e-07 4.401e-07 6.149e-07 8.591e-07 1.200e-06
 1.677e-06 2.343e-06 3.273e-06 4.572e-06 6.387e-06 8.923e-06 1.246e-05 1.741e-05
 2.432e-05 3.397e-05 4.745e-05 6.627e-05 9.256e-05 1.293e-04 1.805e-04 2.521e-04
 3.520e-04 4.916e-04 6.863e-04 9.582e-04 1.337e-03 1.867e-03 2.605e-03 3.633e-03
 5.065e-03 7.058e-03 9.827e-03 1.367e-02 1.898e-02 2.630e-02 3.633e-02 5.000e-02
 6.844e-02 9.301e-02 1.252e-01 1.665e-01 2.181e-01 2.802e-01 3.520e-01 4.312e-01
 5.141e-01 5.962e-01 6.733e-01 7.419e-01 8.001e-01 8.477e-01 8.852e-01 9.142e-01
 9.362e-01 9.527e-01 9.649e-01 9.741e-01 9.810e-01 9.864e-01 9.907e-01 9.946e-01
 9.984e-01 1.003e+00 1.008e+00 1.015e+00 1.024e+00 1.037e+00 1.055e+00 1.079e+00
 1.111e+00 1.153e+00 1.204e+00 1.266e+00 1.335e+00 1.410e+00 1.488e+00 1.564e+00
 1.635e+00 1.698e+00 1.754e+00 1.801e+00 1.840e+00 1.872e+00 1.899e+00 1.921e+00
 1.940e+00 1.956e+00 1.971e+00 1.985e+00 2.000e+00 2.015e+00 2.031e+00 2.050e+00
 2.071e+00 2.096e+00 2.124e+00 2.156e+00 2.191e+00 2.230e+00 2.273e+00 2.318e+00
 2.365e+00 2.414e+00 2.463e+00 2.512e+00 2.560e+00 2.606e+00 2.649e+00 2.691e+00
 2.730e+00 2.766e+00 2.800e+00 2.833e+00 2.863e+00 2.893e+00 2.922e+00 2.950e+00
 2.979e+00 3.009e+00 3.040e+00 3.072e+00 3.106e+00 3.141e+00 3.179e+00 3.219e+00
 3.261e+00 3.305e+00 3.351e+00 3.398e+00 3.446e+00 3.494e+00 3.543e+00 3.592e+00
 3.641e+00 3.689e+00 3.737e+00 3.784e+00 3.831e+00 3.878e+00 3.924e+00 3.971e+00
 4.017e+00 4.064e+00 4.112e+00 4.160e+00 4.209e+00 4.259e+00 4.310e+00 4.361e+00
 4.414e+00 4.468e+00 4.522e+00 4.578e+00 4.634e+00 4.692e+00 4.750e+00 4.810e+00
 4.871e+00 4.933e+00 4.996e+00 5.061e+00 5.127e+00 5.194e+00 5.264e+00 5.334e+00
 5.407e+00 5.480e+00 5.556e+00 5.632e+00 5.710e+00 5.789e+00 5.868e+00 5.947e+00
 6.026e+00 6.104e+00 6.182e+00 6.258e+00 6.332e+00 6.405e+00 6.476e+00 6.544e+00
 6.611e+00 6.675e+00 6.738e+00 6.799e+00 6.859e+00 6.919e+00 6.977e+00 7.036e+00
 7.094e+00 7.154e+00 7.215e+00 7.277e+00 7.342e+00 7.410e+00 7.481e+00 7.556e+00
 7.635e+00 7.719e+00 7.808e+00 7.902e+00 8.001e+00 8.106e+00 8.216e+00 8.331e+00
 8.451e+00 8.576e+00 8.704e+00 8.837e+00 8.972e+00 9.110e+00 9.249e+00 9.390e+00
 9.531e+00 9.672e+00 9.812e+00 9.951e+00 1.009e+01 1.022e+01 1.036e+01 1.049e+01
 1.062e+01 1.075e+01 1.088e+01 1.100e+01 1.113e+01 1.126e+01 1.138e+01 1.152e+01
 1.165e+01 1.179e+01 1.193e+01 1.207e+01 1.222e+01 1.237e+01 1.252e+01 1.267e+01
 1.282e+01 1.297e+01 1.311e+01 1.324e+01 1.337e+01 1.348e+01 1.360e+01 1.370e+01
 1.380e+01 1.389e+01 1.398e+01 1.406e+01 1.414e+01 1.422e+01 1.429e+01 1.436e+01
 1.443e+01 1.449e+01 1.456e+01 1.462e+01 1.468e+01 1.475e+01 1.481e+01 1.487e+01
 1.493e+01 1.499e+01 1.505e+01 1.511e+01 1.517e+01 1.523e+01 1.529e+01 1.535e+01
 1.542e+01 1.548e+01 1.554e+01 1.561e+01 1.568e+01 1.575e+01 1.582e+01 1.590e+01
 1.598e+01 1.606e+01 1.615e+01 1.624e+01 1.634e+01 1.645e+01 1.657e+01 1.670e+01
 1.685e+01 1.701e+01 1.721e+01 1.744e+01 1.770e+01 1.801e+01 1.837e+01 1.878e+01
 1.924e+01 1.973e+01 2.023e+01 2.074e+01 2.121e+01 2.164e+01 2.203e+01 2.236e+01
 2.264e+01 2.288e+01 2.308e+01 2.326e+01 2.341e+01 2.354e+01 2.365e+01 2.376e+01
 2.385e+01 2.394e+01 2.402e+01 2.410e+01 2.417e+01 2.423e+01 2.430e+01 2.435e+01
 2.441e+01 2.446e+01 2.451e+01 2.456e+01 2.461e+01 2.465e+01 2.469e+01 2.473e+01
 2.477e+01 2.480e+01 2.484e+01 2.487e+01 2.490e+01 2.493e+01 2.497e+01 2.500e+01
 2.503e+01 2.506e+01 2.509e+01 2.512e+01 2.515e+01 2.518e+01 2.522e+01 2.525e+01
 2.529e+01 2.533e+01 2.537e+01 2.542e+01 2.547e+01 2.552e+01 2.558e+01 2.564e+01
 2.571e+01 2.579e+01 2.587e+01 2.597e+01 2.608e+01 2.620e+01 2.633e+01 2.648e+01
 2.664e+01 2.682e+01 2.703e+01 2.724e+01 2.748e+01 2.773e+01 2.800e+01 2.828e+01
 2.856e+01 2.885e+01 2.914e+01 2.942e+01 2.969e+01 2.995e+01 3.020e+01 3.043e+01
 3.065e+01 3.086e+01 3.105e+01 3.123e+01 3.139e+01 3.154e+01 3.169e+01 3.182e+01
 3.194e+01 3.206e+01 3.216e+01 3.226e+01 3.236e+01 3.244e+01 3.253e+01 3.260e+01
 3.267e+01 3.274e+01 3.280e+01 3.286e+01 3.292e+01 3.297e+01 3.302e+01 3.306e+01
 3.311e+01 3.315e+01 3.319e+01 3.322e+01 3.326e+01 3.329e+01 3.332e+01 3.335e+01
 3.338e+01 3.340e+01 3.343e+01 3.346e+01 3.348e+01 3.350e+01 3.352e+01 3.355e+01
 3.357e+01 3.359e+01 3.361e+01 3.363e+01 3.364e+01 3.366e+01 3.368e+01 3.370e+01
 3.372e+01 3.373e+01 3.375e+01 3.377e+01 3.379e+01 3.380e+01 3.382e+01 3.384e+01
 3.385e+01 3.387e+01 3.389e+01 3.391e+01 3.392e+01 3.394e+01 3.396e+01 3.398e+01
 3.400e+01 3.401e+01 3.403e+01 3.405e+01 3.407e+01 3.409e+01 3.411e+01 3.413e+01
 3.415e+01 3.417e+01 3.419e+01 3.421e+01 3.424e+01 3.426e+01 3.428e+01 3.430e+01
 3.432e+01 3.435e+01 3.437e+01 3.439e+01 3.441e+01 3.444e+01 3.446e+01 3.448e+01
 3.451e+01 3.453e+01 3.455e+01 3.458e+01 3.460e+01 3.462e+01 3.465e+01 3.467e+01
 3.470e+01 3.472e+01 3.474e+01 3.477e+01 3.479e+01 3.481e+01 3.484e+01 3.486e+01
 3.488e+01 3.491e+01 3.493e+01 3.495e+01 3.497e+01 3.499e+01 3.501e+01 3.502e+01
 3.504e+01 3.506e+01 3.508e+01 3.510e+01 3.512e+01 3.514e+01 3.516e+01 3.518e+01
 3.520e+01 3.523e+01 3.525e+01 3.527e+01 3.529e+01 3.532e+01 3.534e+01 3.536e+01
 3.538e+01 3.540e+01 3.542e+01 3.544e+01 3.546e+01 3.547e+01 3.549e+01 3.551e+01
 3.553e+01 3.554e+01 3.556e+01 3.557e+01 3.559e+01 3.560e+01 3.562e+01 3.563e+01
 3.564e+01 3.565e+01 3.567e+01 3.568e+01 3.569e+01 3.570e+01 3.571e+01 3.572e+01
 3.573e+01 3.574e+01 3.575e+01 3.576e+01 3.577e+01 3.577e+01 3.578e+01 3.579e+01
 3.580e+01 3.580e+01 3.581e+01 3.582e+01 3.582e+01 3.583e+01 3.583e+01 3.584e+01
 3.584e+01 3.585e+01 3.585e+01 3.586e+01 3.586e+01 3.587e+01 3.587e+01 3.587e+01
 3.588e+01 3.588e+01 3.588e+01 3.589e+01 3.589e+01 3.589e+01 3.590e+01 3.590e+01
 3.590e+01 3.590e+01 3.591e+01 3.591e+01 3.591e+01 3.591e+01 3.592e+01 3.592e+01
 3.592e+01 3.592e+01 3.592e+01 3.592e+01 3.593e+01 3.593e+01 3.593e+01 3.593e+01
 3.593e+01 3.593e+01 3.593e+01 3.593e+01 3.594e+01 3.594e+01 3.594e+01 3.594e+01
 3.594e+01 3.594e+01 3.594e+01 3.594e+01 3.594e+01 3.594e+01 3.594e+01 3.594e+01
<Z> in equilibrium - infinite confinement
 8.975e-09 1.256e-08 1.758e-08 2.461e-08 3.445e-08 4.823e-08 6.750e-08 9.449e-08
 1.323e-07 1.851e-07 2.591e-07 3.627e-07 5.077e-07 7.107e-07 9.947e-07 1.392e-06
 1.949e-06 2.728e-06 3.819e-06 5.345e-06 7.482e-06 1.047e-05 1.466e-05 2.052e-05
 2.872e-05 4.020e-05 5.627e-05 7.876e-05 1.102e-04 1.543e-04 2.160e-04 3.023e-04
 4.231e-04 5.921e-04 8.286e-04 1.159e-03 1.622e-03 2.269e-03 3.173e-03 4.436e-03
 6.199e-03 8.655e-03 1.207e-02 1.682e-02 2.338e-02 3.243e-02 4.481e-02 6.162e-02
 8.418e-02 1.140e-01 1.526e-01 2.013e-01 2.608e-01 3.306e-01 4.088e-01 4.918e-01
 5.753e-01 6.547e-01 7.263e-01 7.878e-01 8.384e-01 8.785e-01 9.096e-01 9.331e-01
 9.507e-01 9.637e-01 9.733e-01 9.805e-01 9.859e-01 9.901e-01 9.937e-01 9.970e-01
 1.000e+00 1.004e+00 1.009e+00 1.016e+00 1.026e+00 1.040e+00 1.058e+00 1.084e+00
 1.117e+00 1.160e+00 1.213e+00 1.276e+00 1.347e+00 1.424e+00 1.502e+00 1.577e+00
 1.647e+00 1.710e+00 1.764e+00 1.809e+00 1.847e+00 1.878e+00 1.904e+00 1.925e+00
 1.943e+00 1.959e+00 1.973e+00 1.987e+00 2.001e+00 2.016e+00 2.033e+00 2.052e+00
 2.073e+00 2.097e+00 2.125e+00 2.157e+00 2.193e+00 2.232e+00 2.275e+00 2.320e+00
 2.367e+00 2.416e+00 2.465e+00 2.514e+00 2.561e+00 2.607e+00 2.651e+00 2.692e+00
 2.731e+00 2.767e+00 2.801e+00 2.833e+00 2.864e+00 2.894e+00 2.922e+00 2.951e+00
 2.980e+00 3.009e+00 3.040e+00 3.072e+00 3.106e+00 3.142e+00 3.180e+00 3.220e+00
 3.262e+00 3.306e+00 3.351e+00 3.398e+00 3.446e+00 3.495e+00 3.544e+00 3.593e+00
 3.641e+00 3.690e+00 3.737e+00 3.785e+00 3.832e+00 3.878e+00 3.925e+00 3.971e+00
 4.018e+00 4.065e+00 4.112e+00 4.160e+00 4.209e+00 4.259e+00 4.310e+00 4.362e+00
 4.414e+00 4.468e+00 4.522e+00 4.578e+00 4.634e+00 4.692e+00 4.750e+00 4.810e+00
 4.871e+00 4.933e+00 4.996e+00 5.061e+00 5.127e+00 5.195e+00 5.264e+00 5.335e+00
 5.407e+00 5.481e+00 5.556e+00 5.633e+00 5.710e+00 5.789e+00 5.868e+00 5.947e+00
 6.026e+00 6.105e+00 6.182e+00 6.258e+00 6.333e+00 6.405e+00 6.476e+00 6.545e+00
 6.611e+00 6.676e+00 6.739e+00 6.800e+00 6.860e+00 6.919e+00 6.977e+00 7.036e+00
 7.095e+00 7.154e+00 7.215e+00 7.278e+00 7.343e+00 7.410e+00 7.481e+00 7.556e+00
 7.636e+00 7.719e+00 7.808e+00 7.902e+00 8.002e+00 8.106e+00 8.217e+00 8.332e+00
 8.452e+00 8.577e+00 8.705e+00 8.838e+00 8.973e+00 9.111e+00 9.250e+00 9.391e+00
 9.532e+00 9.673e+00 9.813e+00 9.952e+00 1.009e+01 1.023e+01 1.036e+01 1.049e+01
 1.062e+01 1.075e+01 1.088e+01 1.100e+01 1.113e+01 1.126e+01 1.139e+01 1.152e+01
 1.165e+01 1.179e+01 1.193e+01 1.208e+01 1.222e+01 1.237e+01 1.253e+01 1.268e+01
 1.282e+01 1.297e+01 1.311e+01 1.324e+01 1.337e+01 1.349e+01 1.360e+01 1.370e+01
 1.380e+01 1.389e+01 1.398e+01 1.406e+01 1.414e+01 1.422e+01 1.429e+01 1.436e+01
 1.443e+01 1.450e+01 1.456e+01 1.462e+01 1.469e+01 1.475e+01 1.481e+01 1.487e+01
 1.493e+01 1.499e+01 1.505e+01 1.511e+01 1.517e+01 1.523e+01 1.529e+01 1.535e+01
 1.542e+01 1.548e+01 1.555e+01 1.561e+01 1.568e+01 1.575e+01 1.582e+01 1.590e+01
 1.598e+01 1.606e+01 1.615e+01 1.624e+01 1.634e+01 1.645e+01 1.657e+01 1.670e+01
 1.685e+01 1.702e+01 1.721e+01 1.744e+01 1.770e+01 1.801e+01 1.837e+01 1.879e+01
 1.924e+01 1.974e+01 2.024e+01 2.075e+01 2.122e+01 2.166e+01 2.204e+01 2.237e+01
 2.266e+01 2.289e+01 2.310e+01 2.327e+01 2.342e+01 2.355e+01 2.366e+01 2.377e+01
 2.386e+01 2.395e+01 2.403e+01 2.410e+01 2.417e+01 2.424e+01 2.430e+01 2.436e+01
 2.442e+01 2.447e+01 2.452e+01 2.457e+01 2.461e+01 2.465e+01 2.469e+01 2.473e+01
 2.477e+01 2.481e+01 2.484e+01 2.487e+01 2.491e+01 2.494e+01 2.497e+01 2.500e+01
 2.503e+01 2.506e+01 2.509e+01 2.512e+01 2.516e+01 2.519e+01 2.522e+01 2.526e+01
 2.530e+01 2.533e+01 2.538e+01 2.542e+01 2.547e+01 2.552e+01 2.558e+01 2.565e+01
 2.572e+01 2.579e+01 2.588e+01 2.597e+01 2.608e+01 2.620e+01 2.633e+01 2.648e+01
 2.665e+01 2.683e+01 2.703e+01 2.725e+01 2.749e+01 2.775e+01 2.801e+01 2.829e+01
 2.858e+01 2.887e+01 2.916e+01 2.944e+01 2.971e+01 2.997e+01 3.022e+01 3.046e+01
 3.068e+01 3.088e+01 3.107e+01 3.125e+01 3.142e+01 3.157e+01 3.171e+01 3.185e+01
 3.197e+01 3.208e+01 3.219e+01 3.229e+01 3.238e+01 3.247e+01 3.255e+01 3.263e+01
 3.270e+01 3.276e+01 3.283e+01 3.289e+01 3.294e+01 3.299e+01 3.304e+01 3.309e+01
 3.313e+01 3.317e+01 3.321e+01 3.324e+01 3.328e+01 3.331e+01 3.334e+01 3.337e+01
 3.340e+01 3.342e+01 3.345e+01 3.348e+01 3.350e+01 3.352e+01 3.354e+01 3.356e+01
 3.359e+01 3.361e+01 3.362e+01 3.364e+01 3.366e+01 3.368e+01 3.370e+01 3.372e+01
 3.373e+01 3.375e+01 3.377e+01 3.379e+01 3.380e+01 3.382e+01 3.384e+01 3.386e+01
 3.387e+01 3.389e+01 3.391e+01 3.392e+01 3.394e+01 3.396e+01 3.398e+01 3.400e+01
 3.401e+01 3.403e+01 3.405e+01 3.407e+01 3.409e+01 3.411e+01 3.413e+01 3.415e+01
 3.417e+01 3.419e+01 3.421e+01 3.423e+01 3.426e+01 3.428e+01 3.430e+01 3.432e+01
 3.434e+01 3.437e+01 3.439e+01 3.441e+01 3.444e+01 3.446e+01 3.448e+01 3.451e+01
 3.453e+01 3.455e+01 3.458e+01 3.460e+01 3.463e+01 3.465e+01 3.467e+01 3.470e+01
 3.472e+01 3.475e+01 3.477e+01 3.479e+01 3.482e+01 3.484e+01 3.486e+01 3.489e+01
 3.491e+01 3.493e+01 3.495e+01 3.498e+01 3.500e+01 3.502e+01 3.504e+01 3.506e+01
 3.508e+01 3.510e+01 3.512e+01 3.514e+01 3.516e+01 3.518e+01 3.520e+01 3.522e+01
 3.524e+01 3.526e+01 3.527e+01 3.529e+01 3.531e+01 3.533e+01 3.534e+01 3.536e+01
 3.538e+01 3.539e+01 3.541e+01 3.542e+01 3.544e+01 3.545e+01 3.547e+01 3.548e+01
 3.550e+01 3.551e+01 3.553e+01 3.554e+01 3.555e+01 3.557e+01 3.558e+01 3.559e+01
 3.560e+01 3.561e+01 3.562e+01 3.564e+01 3.565e+01 3.566e+01 3.567e+01 3.568e+01
 3.569e+01 3.570e+01 3.571e+01 3.572e+01 3.572e+01 3.573e+01 3.574e+01 3.575e+01
 3.576e+01 3.576e+01 3.577e+01 3.578e+01 3.579e+01 3.579e+01 3.580e+01 3.581e+01
 3.581e+01 3.582e+01 3.582e+01 3.583e+01 3.584e+01 3.584e+01 3.585e+01 3.585e+01
 3.586e+01 3.586e+01 3.586e+01 3.587e+01 3.587e+01 3.588e+01 3.588e+01 3.589e+01
 3.589e+01 3.589e+01 3.590e+01 3.590e+01 3.590e+01 3.591e+01 3.591e+01 3.591e+01
 3.592e+01 3.592e+01 3.592e+01 3.592e+01 3.593e+01 3.593e+01 3.593e+01 3.593e+01
 3.594e+01 3.594e+01 3.594e+01 3.594e+01 3.594e+01 3.595e+01 3.595e+01 3.595e+01
 3.595e+01 3.595e+01 3.595e+01 3.596e+01 3.596e+01 3.596e+01 3.596e+01 3.596e+01
C-------------------------------------------------------------------------------
C
C  The fractional abundance and radiated power were generated from the
C  ADAS installation at UKAEA with the named adf11 files. The adf11 data
C  files may be updated in a later release of ADAS and publicly
C  available versions may be found at https://open.adas.ac.uk/.
C
C  The equilibrium balance data was produced with run_adas405.py and
C  the balance with a confinement time with adas4xx_ionbal_tau.py
C  which are functions from the ADAS library. Details on these codes
C  may be found at: https://www.adas.ac.uk/python_lib/index.html
C
C  Copyright (C) 2023 UK Atomic Energy Authority
C
C  This file was generated for use in the UKAEA systems code PROCESS
C  using a script written by Martin O'Mullane.
C  If acquired without provenance a user is strongly advised
C  to check its validity by re-generating using the adf11 files from
C  the OPEN-ADAS site.
C
C  Produced by : Timothy Nunn
C  Date        : 29-07-26
C
C-------------------------------------------------------------------------------
