Radiated power per atom (W m3) as a function dwell time.
Temperature :      0.2 - 500000.0 eV
Density     : 1.00e+20 m-3
   600     5  # Te values, dwell time

Source data:
acd : /home/adas/adas/adf11/acd96/acd96_n.dat
scd : /home/adas/adas/adf11/scd96/scd96_n.dat
plt : /home/adas/adas/adf11/plt96/plt96_n.dat
prb : /home/adas/adas/adf11/prb96/prb96_n.dat

Te[eV]
 2.500e-01 2.561e-01 2.624e-01 2.688e-01 2.754e-01 2.822e-01 2.891e-01 2.962e-01
 3.035e-01 3.109e-01 3.185e-01 3.263e-01 3.343e-01 3.425e-01 3.509e-01 3.595e-01
 3.683e-01 3.774e-01 3.866e-01 3.961e-01 4.058e-01 4.158e-01 4.260e-01 4.364e-01
 4.471e-01 4.581e-01 4.693e-01 4.808e-01 4.926e-01 5.047e-01 5.170e-01 5.297e-01
 5.427e-01 5.560e-01 5.696e-01 5.836e-01 5.979e-01 6.126e-01 6.276e-01 6.430e-01
 6.587e-01 6.749e-01 6.914e-01 7.084e-01 7.257e-01 7.435e-01 7.618e-01 7.804e-01
 7.996e-01 8.192e-01 8.393e-01 8.598e-01 8.809e-01 9.025e-01 9.247e-01 9.473e-01
 9.706e-01 9.943e-01 1.019e+00 1.044e+00 1.069e+00 1.096e+00 1.122e+00 1.150e+00
 1.178e+00 1.207e+00 1.237e+00 1.267e+00 1.298e+00 1.330e+00 1.362e+00 1.396e+00
 1.430e+00 1.465e+00 1.501e+00 1.538e+00 1.575e+00 1.614e+00 1.654e+00 1.694e+00
 1.736e+00 1.778e+00 1.822e+00 1.867e+00 1.912e+00 1.959e+00 2.007e+00 2.056e+00
 2.107e+00 2.159e+00 2.211e+00 2.266e+00 2.321e+00 2.378e+00 2.436e+00 2.496e+00
 2.557e+00 2.620e+00 2.684e+00 2.750e+00 2.818e+00 2.887e+00 2.957e+00 3.030e+00
 3.104e+00 3.180e+00 3.258e+00 3.338e+00 3.420e+00 3.504e+00 3.590e+00 3.678e+00
 3.768e+00 3.860e+00 3.955e+00 4.052e+00 4.151e+00 4.253e+00 4.357e+00 4.464e+00
 4.574e+00 4.686e+00 4.801e+00 4.918e+00 5.039e+00 5.162e+00 5.289e+00 5.419e+00
 5.551e+00 5.688e+00 5.827e+00 5.970e+00 6.116e+00 6.266e+00 6.420e+00 6.577e+00
 6.738e+00 6.904e+00 7.073e+00 7.246e+00 7.424e+00 7.606e+00 7.792e+00 7.983e+00
 8.179e+00 8.380e+00 8.585e+00 8.796e+00 9.011e+00 9.232e+00 9.459e+00 9.691e+00
 9.928e+00 1.017e+01 1.042e+01 1.068e+01 1.094e+01 1.121e+01 1.148e+01 1.176e+01
 1.205e+01 1.235e+01 1.265e+01 1.296e+01 1.328e+01 1.360e+01 1.394e+01 1.428e+01
 1.463e+01 1.499e+01 1.535e+01 1.573e+01 1.612e+01 1.651e+01 1.692e+01 1.733e+01
 1.776e+01 1.819e+01 1.864e+01 1.909e+01 1.956e+01 2.004e+01 2.053e+01 2.104e+01
 2.155e+01 2.208e+01 2.262e+01 2.318e+01 2.374e+01 2.433e+01 2.492e+01 2.553e+01
 2.616e+01 2.680e+01 2.746e+01 2.813e+01 2.882e+01 2.953e+01 3.025e+01 3.099e+01
 3.175e+01 3.253e+01 3.333e+01 3.415e+01 3.498e+01 3.584e+01 3.672e+01 3.762e+01
 3.854e+01 3.949e+01 4.046e+01 4.145e+01 4.246e+01 4.351e+01 4.457e+01 4.566e+01
 4.678e+01 4.793e+01 4.911e+01 5.031e+01 5.154e+01 5.281e+01 5.410e+01 5.543e+01
 5.679e+01 5.818e+01 5.961e+01 6.107e+01 6.256e+01 6.410e+01 6.567e+01 6.728e+01
 6.893e+01 7.062e+01 7.235e+01 7.412e+01 7.594e+01 7.780e+01 7.971e+01 8.167e+01
 8.367e+01 8.572e+01 8.782e+01 8.997e+01 9.218e+01 9.444e+01 9.676e+01 9.913e+01
 1.016e+02 1.040e+02 1.066e+02 1.092e+02 1.119e+02 1.146e+02 1.174e+02 1.203e+02
 1.233e+02 1.263e+02 1.294e+02 1.326e+02 1.358e+02 1.391e+02 1.426e+02 1.461e+02
 1.496e+02 1.533e+02 1.571e+02 1.609e+02 1.649e+02 1.689e+02 1.730e+02 1.773e+02
 1.816e+02 1.861e+02 1.906e+02 1.953e+02 2.001e+02 2.050e+02 2.100e+02 2.152e+02
 2.205e+02 2.259e+02 2.314e+02 2.371e+02 2.429e+02 2.488e+02 2.549e+02 2.612e+02
 2.676e+02 2.742e+02 2.809e+02 2.878e+02 2.948e+02 3.021e+02 3.095e+02 3.170e+02
 3.248e+02 3.328e+02 3.409e+02 3.493e+02 3.579e+02 3.666e+02 3.756e+02 3.848e+02
 3.943e+02 4.039e+02 4.138e+02 4.240e+02 4.344e+02 4.450e+02 4.559e+02 4.671e+02
 4.786e+02 4.903e+02 5.023e+02 5.146e+02 5.273e+02 5.402e+02 5.534e+02 5.670e+02
 5.809e+02 5.951e+02 6.097e+02 6.247e+02 6.400e+02 6.557e+02 6.718e+02 6.882e+02
 7.051e+02 7.224e+02 7.401e+02 7.582e+02 7.768e+02 7.959e+02 8.154e+02 8.354e+02
 8.559e+02 8.769e+02 8.984e+02 9.204e+02 9.429e+02 9.661e+02 9.897e+02 1.014e+03
 1.039e+03 1.064e+03 1.090e+03 1.117e+03 1.145e+03 1.173e+03 1.201e+03 1.231e+03
 1.261e+03 1.292e+03 1.324e+03 1.356e+03 1.389e+03 1.423e+03 1.458e+03 1.494e+03
 1.531e+03 1.568e+03 1.607e+03 1.646e+03 1.686e+03 1.728e+03 1.770e+03 1.813e+03
 1.858e+03 1.903e+03 1.950e+03 1.998e+03 2.047e+03 2.097e+03 2.149e+03 2.201e+03
 2.255e+03 2.310e+03 2.367e+03 2.425e+03 2.485e+03 2.546e+03 2.608e+03 2.672e+03
 2.737e+03 2.804e+03 2.873e+03 2.944e+03 3.016e+03 3.090e+03 3.166e+03 3.243e+03
 3.323e+03 3.404e+03 3.488e+03 3.573e+03 3.661e+03 3.750e+03 3.842e+03 3.937e+03
 4.033e+03 4.132e+03 4.233e+03 4.337e+03 4.443e+03 4.552e+03 4.664e+03 4.778e+03
 4.895e+03 5.015e+03 5.138e+03 5.264e+03 5.393e+03 5.526e+03 5.661e+03 5.800e+03
 5.942e+03 6.088e+03 6.237e+03 6.390e+03 6.547e+03 6.707e+03 6.872e+03 7.040e+03
 7.213e+03 7.390e+03 7.571e+03 7.756e+03 7.947e+03 8.141e+03 8.341e+03 8.545e+03
 8.755e+03 8.970e+03 9.190e+03 9.415e+03 9.646e+03 9.882e+03 1.012e+04 1.037e+04
 1.063e+04 1.089e+04 1.115e+04 1.143e+04 1.171e+04 1.200e+04 1.229e+04 1.259e+04
 1.290e+04 1.322e+04 1.354e+04 1.387e+04 1.421e+04 1.456e+04 1.492e+04 1.528e+04
 1.566e+04 1.604e+04 1.643e+04 1.684e+04 1.725e+04 1.767e+04 1.811e+04 1.855e+04
 1.901e+04 1.947e+04 1.995e+04 2.044e+04 2.094e+04 2.145e+04 2.198e+04 2.252e+04
 2.307e+04 2.363e+04 2.421e+04 2.481e+04 2.542e+04 2.604e+04 2.668e+04 2.733e+04
 2.800e+04 2.869e+04 2.939e+04 3.011e+04 3.085e+04 3.161e+04 3.238e+04 3.318e+04
 3.399e+04 3.482e+04 3.568e+04 3.655e+04 3.745e+04 3.836e+04 3.931e+04 4.027e+04
 4.126e+04 4.227e+04 4.330e+04 4.437e+04 4.545e+04 4.657e+04 4.771e+04 4.888e+04
 5.008e+04 5.131e+04 5.256e+04 5.385e+04 5.517e+04 5.652e+04 5.791e+04 5.933e+04
 6.078e+04 6.228e+04 6.380e+04 6.537e+04 6.697e+04 6.861e+04 7.029e+04 7.202e+04
 7.378e+04 7.559e+04 7.744e+04 7.934e+04 8.129e+04 8.328e+04 8.532e+04 8.741e+04
 8.956e+04 9.175e+04 9.400e+04 9.631e+04 9.867e+04 1.011e+05 1.036e+05 1.061e+05
 1.087e+05 1.114e+05 1.141e+05 1.169e+05 1.198e+05 1.227e+05 1.257e+05 1.288e+05
 1.320e+05 1.352e+05 1.385e+05 1.419e+05 1.454e+05 1.489e+05 1.526e+05 1.563e+05
 1.602e+05 1.641e+05 1.681e+05 1.722e+05 1.765e+05 1.808e+05 1.852e+05 1.898e+05
 1.944e+05 1.992e+05 2.041e+05 2.091e+05 2.142e+05 2.194e+05 2.248e+05 2.303e+05
 2.360e+05 2.418e+05 2.477e+05 2.538e+05 2.600e+05 2.664e+05 2.729e+05 2.796e+05
 2.864e+05 2.935e+05 3.007e+05 3.080e+05 3.156e+05 3.233e+05 3.312e+05 3.394e+05
 3.477e+05 3.562e+05 3.649e+05 3.739e+05 3.831e+05 3.924e+05 4.021e+05 4.119e+05
 4.220e+05 4.324e+05 4.430e+05 4.538e+05 4.650e+05 4.764e+05 4.880e+05 5.000e+05
Lz[Wm**3] for tau[ms]=    0.1
 4.320e-46 6.151e-46 8.812e-46 1.271e-45 1.847e-45 2.706e-45 3.999e-45 5.964e-45
 8.983e-45 1.366e-44 2.098e-44 3.249e-44 5.072e-44 7.977e-44 1.263e-43 2.012e-43
 3.223e-43 5.189e-43 8.387e-43 1.361e-42 2.214e-42 3.611e-42 5.899e-42 9.647e-42
 1.578e-41 2.582e-41 4.219e-41 6.885e-41 1.121e-40 1.821e-40 2.947e-40 4.750e-40
 7.619e-40 1.215e-39 1.927e-39 3.034e-39 4.742e-39 7.349e-39 1.129e-38 1.717e-38
 2.586e-38 3.851e-38 5.667e-38 8.238e-38 1.183e-37 1.677e-37 2.351e-37 3.258e-37
 4.467e-37 6.061e-37 8.143e-37 1.084e-36 1.429e-36 1.868e-36 2.422e-36 3.116e-36
 3.980e-36 5.047e-36 6.357e-36 7.957e-36 9.895e-36 1.223e-35 1.501e-35 1.831e-35
 2.220e-35 2.673e-35 3.199e-35 3.804e-35 4.495e-35 5.277e-35 6.156e-35 7.136e-35
 8.223e-35 9.421e-35 1.073e-34 1.217e-34 1.373e-34 1.543e-34 1.728e-34 1.930e-34
 2.152e-34 2.395e-34 2.664e-34 2.961e-34 3.290e-34 3.657e-34 4.065e-34 4.519e-34
 5.024e-34 5.585e-34 6.207e-34 6.896e-34 7.657e-34 8.495e-34 9.417e-34 1.043e-33
 1.153e-33 1.274e-33 1.406e-33 1.549e-33 1.705e-33 1.874e-33 2.057e-33 2.255e-33
 2.469e-33 2.700e-33 2.948e-33 3.216e-33 3.504e-33 3.813e-33 4.144e-33 4.499e-33
 4.879e-33 5.285e-33 5.719e-33 6.181e-33 6.673e-33 7.196e-33 7.751e-33 8.339e-33
 8.961e-33 9.617e-33 1.031e-32 1.103e-32 1.179e-32 1.259e-32 1.342e-32 1.428e-32
 1.517e-32 1.610e-32 1.706e-32 1.805e-32 1.906e-32 2.011e-32 2.118e-32 2.228e-32
 2.340e-32 2.454e-32 2.571e-32 2.690e-32 2.811e-32 2.933e-32 3.057e-32 3.183e-32
 3.309e-32 3.437e-32 3.566e-32 3.696e-32 3.826e-32 3.957e-32 4.089e-32 4.221e-32
 4.353e-32 4.486e-32 4.620e-32 4.754e-32 4.888e-32 5.022e-32 5.156e-32 5.290e-32
 5.423e-32 5.556e-32 5.687e-32 5.817e-32 5.944e-32 6.068e-32 6.189e-32 6.306e-32
 6.419e-32 6.525e-32 6.625e-32 6.719e-32 6.804e-32 6.881e-32 6.949e-32 7.006e-32
 7.054e-32 7.090e-32 7.116e-32 7.130e-32 7.132e-32 7.123e-32 7.103e-32 7.071e-32
 7.028e-32 6.974e-32 6.911e-32 6.837e-32 6.755e-32 6.665e-32 6.567e-32 6.462e-32
 6.352e-32 6.236e-32 6.116e-32 5.992e-32 5.865e-32 5.736e-32 5.606e-32 5.474e-32
 5.343e-32 5.211e-32 5.080e-32 4.950e-32 4.821e-32 4.695e-32 4.570e-32 4.448e-32
 4.329e-32 4.212e-32 4.099e-32 3.988e-32 3.880e-32 3.776e-32 3.675e-32 3.576e-32
 3.482e-32 3.390e-32 3.301e-32 3.215e-32 3.133e-32 3.053e-32 2.976e-32 2.902e-32
 2.831e-32 2.762e-32 2.696e-32 2.632e-32 2.571e-32 2.512e-32 2.456e-32 2.402e-32
 2.350e-32 2.300e-32 2.252e-32 2.206e-32 2.162e-32 2.120e-32 2.080e-32 2.041e-32
 2.004e-32 1.969e-32 1.936e-32 1.904e-32 1.874e-32 1.845e-32 1.818e-32 1.792e-32
 1.767e-32 1.744e-32 1.723e-32 1.702e-32 1.683e-32 1.666e-32 1.649e-32 1.634e-32
 1.620e-32 1.608e-32 1.596e-32 1.586e-32 1.576e-32 1.568e-32 1.561e-32 1.555e-32
 1.550e-32 1.545e-32 1.542e-32 1.540e-32 1.538e-32 1.537e-32 1.537e-32 1.538e-32
 1.539e-32 1.541e-32 1.544e-32 1.547e-32 1.551e-32 1.555e-32 1.559e-32 1.564e-32
 1.569e-32 1.575e-32 1.581e-32 1.587e-32 1.593e-32 1.600e-32 1.606e-32 1.613e-32
 1.620e-32 1.626e-32 1.633e-32 1.640e-32 1.646e-32 1.653e-32 1.659e-32 1.666e-32
 1.672e-32 1.678e-32 1.684e-32 1.689e-32 1.695e-32 1.700e-32 1.705e-32 1.709e-32
 1.714e-32 1.718e-32 1.721e-32 1.725e-32 1.728e-32 1.731e-32 1.734e-32 1.736e-32
 1.738e-32 1.740e-32 1.742e-32 1.743e-32 1.744e-32 1.745e-32 1.746e-32 1.746e-32
 1.746e-32 1.746e-32 1.746e-32 1.745e-32 1.745e-32 1.744e-32 1.742e-32 1.741e-32
 1.739e-32 1.737e-32 1.735e-32 1.733e-32 1.730e-32 1.728e-32 1.725e-32 1.722e-32
 1.719e-32 1.716e-32 1.713e-32 1.709e-32 1.706e-32 1.702e-32 1.699e-32 1.695e-32
 1.691e-32 1.688e-32 1.684e-32 1.680e-32 1.676e-32 1.672e-32 1.668e-32 1.664e-32
 1.660e-32 1.656e-32 1.652e-32 1.647e-32 1.643e-32 1.639e-32 1.634e-32 1.629e-32
 1.625e-32 1.620e-32 1.616e-32 1.611e-32 1.606e-32 1.601e-32 1.596e-32 1.591e-32
 1.587e-32 1.582e-32 1.577e-32 1.572e-32 1.567e-32 1.562e-32 1.557e-32 1.552e-32
 1.547e-32 1.542e-32 1.537e-32 1.532e-32 1.527e-32 1.522e-32 1.517e-32 1.512e-32
 1.506e-32 1.501e-32 1.496e-32 1.490e-32 1.485e-32 1.480e-32 1.474e-32 1.469e-32
 1.463e-32 1.457e-32 1.452e-32 1.446e-32 1.440e-32 1.435e-32 1.429e-32 1.423e-32
 1.418e-32 1.412e-32 1.406e-32 1.401e-32 1.395e-32 1.389e-32 1.384e-32 1.378e-32
 1.372e-32 1.367e-32 1.361e-32 1.356e-32 1.350e-32 1.345e-32 1.340e-32 1.334e-32
 1.329e-32 1.324e-32 1.318e-32 1.313e-32 1.308e-32 1.303e-32 1.297e-32 1.292e-32
 1.287e-32 1.282e-32 1.277e-32 1.272e-32 1.267e-32 1.262e-32 1.257e-32 1.252e-32
 1.247e-32 1.242e-32 1.237e-32 1.232e-32 1.227e-32 1.222e-32 1.217e-32 1.213e-32
 1.208e-32 1.203e-32 1.198e-32 1.194e-32 1.189e-32 1.184e-32 1.179e-32 1.175e-32
 1.170e-32 1.166e-32 1.161e-32 1.156e-32 1.152e-32 1.147e-32 1.143e-32 1.138e-32
 1.134e-32 1.129e-32 1.125e-32 1.121e-32 1.116e-32 1.112e-32 1.108e-32 1.103e-32
 1.099e-32 1.095e-32 1.090e-32 1.086e-32 1.082e-32 1.078e-32 1.073e-32 1.069e-32
 1.065e-32 1.061e-32 1.057e-32 1.053e-32 1.049e-32 1.045e-32 1.041e-32 1.037e-32
 1.033e-32 1.029e-32 1.025e-32 1.021e-32 1.017e-32 1.013e-32 1.009e-32 1.005e-32
 1.001e-32 9.974e-33 9.936e-33 9.898e-33 9.860e-33 9.823e-33 9.785e-33 9.748e-33
 9.711e-33 9.674e-33 9.637e-33 9.600e-33 9.564e-33 9.527e-33 9.491e-33 9.455e-33
 9.419e-33 9.384e-33 9.348e-33 9.313e-33 9.278e-33 9.243e-33 9.208e-33 9.173e-33
 9.139e-33 9.104e-33 9.070e-33 9.036e-33 9.002e-33 8.968e-33 8.935e-33 8.901e-33
 8.868e-33 8.835e-33 8.802e-33 8.769e-33 8.736e-33 8.704e-33 8.671e-33 8.639e-33
 8.607e-33 8.575e-33 8.543e-33 8.512e-33 8.480e-33 8.449e-33 8.418e-33 8.387e-33
 8.356e-33 8.325e-33 8.294e-33 8.264e-33 8.233e-33 8.203e-33 8.173e-33 8.143e-33
 8.113e-33 8.084e-33 8.054e-33 8.025e-33 7.996e-33 7.967e-33 7.938e-33 7.909e-33
 7.880e-33 7.851e-33 7.823e-33 7.795e-33 7.767e-33 7.739e-33 7.711e-33 7.683e-33
 7.655e-33 7.628e-33 7.600e-33 7.573e-33 7.546e-33 7.519e-33 7.492e-33 7.465e-33
 7.439e-33 7.412e-33 7.386e-33 7.360e-33 7.334e-33 7.308e-33 7.282e-33 7.256e-33
 7.230e-33 7.205e-33 7.180e-33 7.154e-33 7.129e-33 7.104e-33 7.079e-33 7.055e-33
 7.030e-33 7.005e-33 6.981e-33 6.957e-33 6.932e-33 6.908e-33 6.884e-33 6.861e-33
 6.837e-33 6.813e-33 6.790e-33 6.766e-33 6.743e-33 6.720e-33 6.697e-33 6.674e-33
Lz[Wm**3] for tau[ms]=    1.0
 4.320e-46 6.151e-46 8.812e-46 1.271e-45 1.847e-45 2.706e-45 3.999e-45 5.964e-45
 8.983e-45 1.366e-44 2.098e-44 3.249e-44 5.073e-44 7.979e-44 1.264e-43 2.014e-43
 3.226e-43 5.195e-43 8.401e-43 1.364e-42 2.220e-42 3.622e-42 5.921e-42 9.689e-42
 1.586e-41 2.596e-41 4.246e-41 6.934e-41 1.130e-40 1.836e-40 2.974e-40 4.796e-40
 7.699e-40 1.229e-39 1.950e-39 3.072e-39 4.804e-39 7.449e-39 1.145e-38 1.743e-38
 2.625e-38 3.912e-38 5.760e-38 8.377e-38 1.203e-37 1.707e-37 2.393e-37 3.318e-37
 4.551e-37 6.175e-37 8.294e-37 1.103e-36 1.453e-36 1.897e-36 2.455e-36 3.148e-36
 4.003e-36 5.046e-36 6.308e-36 7.818e-36 9.602e-36 1.168e-35 1.408e-35 1.681e-35
 1.987e-35 2.328e-35 2.702e-35 3.113e-35 3.563e-35 4.057e-35 4.603e-35 5.212e-35
 5.898e-35 6.677e-35 7.567e-35 8.588e-35 9.764e-35 1.112e-34 1.267e-34 1.446e-34
 1.650e-34 1.883e-34 2.148e-34 2.447e-34 2.785e-34 3.166e-34 3.592e-34 4.068e-34
 4.599e-34 5.189e-34 5.842e-34 6.564e-34 7.361e-34 8.238e-34 9.201e-34 1.026e-33
 1.141e-33 1.268e-33 1.406e-33 1.558e-33 1.723e-33 1.904e-33 2.101e-33 2.316e-33
 2.552e-33 2.809e-33 3.089e-33 3.394e-33 3.725e-33 4.084e-33 4.471e-33 4.888e-33
 5.335e-33 5.812e-33 6.318e-33 6.853e-33 7.417e-33 8.009e-33 8.629e-33 9.275e-33
 9.948e-33 1.065e-32 1.137e-32 1.212e-32 1.290e-32 1.370e-32 1.453e-32 1.539e-32
 1.628e-32 1.719e-32 1.812e-32 1.908e-32 2.007e-32 2.108e-32 2.211e-32 2.316e-32
 2.424e-32 2.533e-32 2.644e-32 2.758e-32 2.873e-32 2.991e-32 3.110e-32 3.233e-32
 3.357e-32 3.484e-32 3.614e-32 3.746e-32 3.880e-32 4.017e-32 4.156e-32 4.296e-32
 4.436e-32 4.576e-32 4.713e-32 4.846e-32 4.974e-32 5.093e-32 5.202e-32 5.298e-32
 5.380e-32 5.443e-32 5.488e-32 5.512e-32 5.513e-32 5.492e-32 5.448e-32 5.382e-32
 5.293e-32 5.184e-32 5.056e-32 4.912e-32 4.754e-32 4.583e-32 4.404e-32 4.218e-32
 4.028e-32 3.837e-32 3.645e-32 3.456e-32 3.271e-32 3.091e-32 2.916e-32 2.749e-32
 2.589e-32 2.437e-32 2.293e-32 2.157e-32 2.029e-32 1.909e-32 1.796e-32 1.690e-32
 1.592e-32 1.500e-32 1.414e-32 1.334e-32 1.260e-32 1.190e-32 1.126e-32 1.065e-32
 1.009e-32 9.567e-33 9.079e-33 8.624e-33 8.200e-33 7.804e-33 7.435e-33 7.090e-33
 6.767e-33 6.466e-33 6.184e-33 5.920e-33 5.673e-33 5.442e-33 5.224e-33 5.021e-33
 4.830e-33 4.650e-33 4.482e-33 4.324e-33 4.175e-33 4.036e-33 3.905e-33 3.782e-33
 3.668e-33 3.560e-33 3.459e-33 3.366e-33 3.278e-33 3.198e-33 3.123e-33 3.054e-33
 2.992e-33 2.935e-33 2.884e-33 2.839e-33 2.799e-33 2.765e-33 2.737e-33 2.714e-33
 2.697e-33 2.686e-33 2.680e-33 2.680e-33 2.686e-33 2.697e-33 2.713e-33 2.736e-33
 2.763e-33 2.796e-33 2.834e-33 2.877e-33 2.925e-33 2.978e-33 3.035e-33 3.096e-33
 3.161e-33 3.230e-33 3.302e-33 3.377e-33 3.454e-33 3.533e-33 3.613e-33 3.695e-33
 3.778e-33 3.861e-33 3.944e-33 4.027e-33 4.109e-33 4.189e-33 4.268e-33 4.345e-33
 4.420e-33 4.492e-33 4.562e-33 4.628e-33 4.691e-33 4.751e-33 4.807e-33 4.860e-33
 4.908e-33 4.953e-33 4.993e-33 5.030e-33 5.062e-33 5.090e-33 5.114e-33 5.133e-33
 5.149e-33 5.160e-33 5.167e-33 5.170e-33 5.170e-33 5.165e-33 5.157e-33 5.146e-33
 5.131e-33 5.113e-33 5.092e-33 5.069e-33 5.043e-33 5.015e-33 4.985e-33 4.952e-33
 4.919e-33 4.883e-33 4.847e-33 4.809e-33 4.770e-33 4.731e-33 4.691e-33 4.650e-33
 4.610e-33 4.568e-33 4.527e-33 4.486e-33 4.445e-33 4.404e-33 4.363e-33 4.322e-33
 4.282e-33 4.242e-33 4.202e-33 4.163e-33 4.124e-33 4.086e-33 4.048e-33 4.010e-33
 3.973e-33 3.937e-33 3.901e-33 3.866e-33 3.831e-33 3.797e-33 3.764e-33 3.731e-33
 3.699e-33 3.667e-33 3.636e-33 3.606e-33 3.576e-33 3.546e-33 3.518e-33 3.490e-33
 3.462e-33 3.435e-33 3.409e-33 3.383e-33 3.358e-33 3.333e-33 3.309e-33 3.285e-33
 3.261e-33 3.239e-33 3.216e-33 3.194e-33 3.173e-33 3.152e-33 3.131e-33 3.111e-33
 3.091e-33 3.072e-33 3.052e-33 3.034e-33 3.015e-33 2.997e-33 2.979e-33 2.962e-33
 2.945e-33 2.928e-33 2.912e-33 2.895e-33 2.880e-33 2.864e-33 2.848e-33 2.833e-33
 2.818e-33 2.804e-33 2.789e-33 2.775e-33 2.760e-33 2.746e-33 2.732e-33 2.718e-33
 2.705e-33 2.691e-33 2.677e-33 2.664e-33 2.651e-33 2.637e-33 2.624e-33 2.611e-33
 2.597e-33 2.584e-33 2.571e-33 2.558e-33 2.545e-33 2.533e-33 2.520e-33 2.507e-33
 2.495e-33 2.483e-33 2.471e-33 2.459e-33 2.447e-33 2.435e-33 2.423e-33 2.412e-33
 2.401e-33 2.389e-33 2.378e-33 2.368e-33 2.357e-33 2.347e-33 2.336e-33 2.326e-33
 2.316e-33 2.306e-33 2.296e-33 2.287e-33 2.277e-33 2.268e-33 2.259e-33 2.250e-33
 2.241e-33 2.232e-33 2.223e-33 2.215e-33 2.206e-33 2.198e-33 2.190e-33 2.181e-33
 2.173e-33 2.165e-33 2.157e-33 2.149e-33 2.142e-33 2.134e-33 2.126e-33 2.119e-33
 2.111e-33 2.103e-33 2.096e-33 2.089e-33 2.081e-33 2.074e-33 2.067e-33 2.059e-33
 2.052e-33 2.045e-33 2.038e-33 2.031e-33 2.024e-33 2.017e-33 2.010e-33 2.004e-33
 1.997e-33 1.990e-33 1.984e-33 1.977e-33 1.970e-33 1.964e-33 1.957e-33 1.951e-33
 1.945e-33 1.938e-33 1.932e-33 1.926e-33 1.919e-33 1.913e-33 1.907e-33 1.901e-33
 1.895e-33 1.889e-33 1.883e-33 1.877e-33 1.871e-33 1.866e-33 1.860e-33 1.854e-33
 1.848e-33 1.843e-33 1.837e-33 1.832e-33 1.826e-33 1.821e-33 1.815e-33 1.810e-33
 1.805e-33 1.799e-33 1.794e-33 1.789e-33 1.784e-33 1.779e-33 1.773e-33 1.768e-33
 1.763e-33 1.758e-33 1.754e-33 1.749e-33 1.744e-33 1.739e-33 1.734e-33 1.730e-33
 1.725e-33 1.720e-33 1.716e-33 1.711e-33 1.707e-33 1.702e-33 1.698e-33 1.693e-33
 1.689e-33 1.685e-33 1.680e-33 1.676e-33 1.672e-33 1.668e-33 1.664e-33 1.660e-33
 1.656e-33 1.652e-33 1.648e-33 1.644e-33 1.640e-33 1.636e-33 1.632e-33 1.628e-33
 1.625e-33 1.621e-33 1.617e-33 1.614e-33 1.610e-33 1.606e-33 1.603e-33 1.600e-33
 1.596e-33 1.593e-33 1.589e-33 1.586e-33 1.583e-33 1.580e-33 1.576e-33 1.573e-33
 1.570e-33 1.567e-33 1.564e-33 1.561e-33 1.558e-33 1.555e-33 1.552e-33 1.549e-33
 1.547e-33 1.544e-33 1.541e-33 1.538e-33 1.536e-33 1.533e-33 1.530e-33 1.528e-33
 1.525e-33 1.523e-33 1.520e-33 1.518e-33 1.516e-33 1.513e-33 1.511e-33 1.509e-33
 1.507e-33 1.504e-33 1.502e-33 1.500e-33 1.498e-33 1.496e-33 1.494e-33 1.492e-33
 1.490e-33 1.488e-33 1.487e-33 1.485e-33 1.483e-33 1.481e-33 1.480e-33 1.478e-33
 1.476e-33 1.475e-33 1.473e-33 1.472e-33 1.470e-33 1.469e-33 1.468e-33 1.466e-33
 1.465e-33 1.464e-33 1.463e-33 1.461e-33 1.460e-33 1.459e-33 1.458e-33 1.457e-33
Lz[Wm**3] for tau[ms]=   10.0
 4.320e-46 6.151e-46 8.812e-46 1.271e-45 1.847e-45 2.706e-45 3.999e-45 5.964e-45
 8.983e-45 1.366e-44 2.098e-44 3.250e-44 5.074e-44 7.981e-44 1.264e-43 2.014e-43
 3.228e-43 5.199e-43 8.410e-43 1.365e-42 2.224e-42 3.631e-42 5.938e-42 9.724e-42
 1.593e-41 2.610e-41 4.272e-41 6.984e-41 1.139e-40 1.854e-40 3.006e-40 4.855e-40
 7.805e-40 1.248e-39 1.983e-39 3.131e-39 4.905e-39 7.623e-39 1.174e-38 1.791e-38
 2.705e-38 4.041e-38 5.966e-38 8.700e-38 1.253e-37 1.783e-37 2.507e-37 3.486e-37
 4.792e-37 6.516e-37 8.764e-37 1.166e-36 1.534e-36 1.996e-36 2.566e-36 3.258e-36
 4.082e-36 5.044e-36 6.143e-36 7.370e-36 8.711e-36 1.016e-35 1.170e-35 1.337e-35
 1.518e-35 1.721e-35 1.952e-35 2.222e-35 2.542e-35 2.922e-35 3.375e-35 3.915e-35
 4.556e-35 5.313e-35 6.202e-35 7.241e-35 8.449e-35 9.847e-35 1.146e-34 1.330e-34
 1.541e-34 1.780e-34 2.052e-34 2.358e-34 2.703e-34 3.090e-34 3.523e-34 4.007e-34
 4.545e-34 5.144e-34 5.807e-34 6.542e-34 7.354e-34 8.251e-34 9.242e-34 1.034e-33
 1.154e-33 1.288e-33 1.436e-33 1.599e-33 1.780e-33 1.980e-33 2.201e-33 2.445e-33
 2.712e-33 3.005e-33 3.323e-33 3.666e-33 4.035e-33 4.430e-33 4.848e-33 5.291e-33
 5.758e-33 6.247e-33 6.760e-33 7.295e-33 7.854e-33 8.436e-33 9.042e-33 9.672e-33
 1.033e-32 1.101e-32 1.172e-32 1.245e-32 1.321e-32 1.400e-32 1.482e-32 1.567e-32
 1.654e-32 1.744e-32 1.837e-32 1.932e-32 2.030e-32 2.130e-32 2.233e-32 2.338e-32
 2.445e-32 2.556e-32 2.669e-32 2.785e-32 2.905e-32 3.029e-32 3.157e-32 3.289e-32
 3.425e-32 3.565e-32 3.709e-32 3.856e-32 4.005e-32 4.153e-32 4.298e-32 4.437e-32
 4.565e-32 4.680e-32 4.775e-32 4.847e-32 4.891e-32 4.903e-32 4.880e-32 4.822e-32
 4.727e-32 4.598e-32 4.437e-32 4.248e-32 4.037e-32 3.809e-32 3.569e-32 3.324e-32
 3.080e-32 2.839e-32 2.606e-32 2.384e-32 2.174e-32 1.978e-32 1.797e-32 1.630e-32
 1.477e-32 1.338e-32 1.212e-32 1.098e-32 9.954e-33 9.027e-33 8.193e-33 7.443e-33
 6.769e-33 6.164e-33 5.620e-33 5.132e-33 4.693e-33 4.299e-33 3.944e-33 3.624e-33
 3.336e-33 3.076e-33 2.841e-33 2.628e-33 2.436e-33 2.261e-33 2.103e-33 1.958e-33
 1.827e-33 1.707e-33 1.598e-33 1.498e-33 1.407e-33 1.324e-33 1.247e-33 1.177e-33
 1.113e-33 1.053e-33 9.990e-34 9.490e-34 9.030e-34 8.607e-34 8.218e-34 7.860e-34
 7.533e-34 7.233e-34 6.959e-34 6.711e-34 6.486e-34 6.284e-34 6.105e-34 5.948e-34
 5.812e-34 5.698e-34 5.606e-34 5.536e-34 5.488e-34 5.463e-34 5.462e-34 5.485e-34
 5.533e-34 5.607e-34 5.707e-34 5.835e-34 5.990e-34 6.174e-34 6.386e-34 6.626e-34
 6.895e-34 7.191e-34 7.515e-34 7.864e-34 8.238e-34 8.634e-34 9.051e-34 9.486e-34
 9.937e-34 1.040e-33 1.087e-33 1.135e-33 1.184e-33 1.232e-33 1.280e-33 1.328e-33
 1.374e-33 1.419e-33 1.462e-33 1.503e-33 1.542e-33 1.578e-33 1.611e-33 1.641e-33
 1.666e-33 1.688e-33 1.706e-33 1.720e-33 1.730e-33 1.735e-33 1.737e-33 1.734e-33
 1.728e-33 1.719e-33 1.706e-33 1.690e-33 1.672e-33 1.651e-33 1.629e-33 1.604e-33
 1.579e-33 1.552e-33 1.525e-33 1.497e-33 1.468e-33 1.439e-33 1.410e-33 1.381e-33
 1.352e-33 1.324e-33 1.295e-33 1.267e-33 1.239e-33 1.212e-33 1.185e-33 1.159e-33
 1.134e-33 1.108e-33 1.084e-33 1.060e-33 1.037e-33 1.014e-33 9.924e-34 9.711e-34
 9.505e-34 9.305e-34 9.111e-34 8.923e-34 8.741e-34 8.566e-34 8.396e-34 8.231e-34
 8.073e-34 7.919e-34 7.771e-34 7.628e-34 7.490e-34 7.356e-34 7.228e-34 7.103e-34
 6.983e-34 6.867e-34 6.754e-34 6.646e-34 6.541e-34 6.439e-34 6.341e-34 6.247e-34
 6.155e-34 6.066e-34 5.980e-34 5.897e-34 5.817e-34 5.739e-34 5.664e-34 5.591e-34
 5.520e-34 5.452e-34 5.386e-34 5.322e-34 5.260e-34 5.200e-34 5.141e-34 5.085e-34
 5.030e-34 4.978e-34 4.926e-34 4.877e-34 4.829e-34 4.782e-34 4.737e-34 4.693e-34
 4.650e-34 4.609e-34 4.569e-34 4.531e-34 4.493e-34 4.457e-34 4.421e-34 4.387e-34
 4.354e-34 4.321e-34 4.290e-34 4.260e-34 4.230e-34 4.201e-34 4.174e-34 4.147e-34
 4.120e-34 4.095e-34 4.070e-34 4.046e-34 4.023e-34 4.000e-34 3.978e-34 3.956e-34
 3.936e-34 3.915e-34 3.895e-34 3.876e-34 3.857e-34 3.839e-34 3.821e-34 3.803e-34
 3.786e-34 3.769e-34 3.753e-34 3.737e-34 3.721e-34 3.705e-34 3.690e-34 3.675e-34
 3.660e-34 3.646e-34 3.631e-34 3.618e-34 3.604e-34 3.591e-34 3.578e-34 3.565e-34
 3.553e-34 3.541e-34 3.529e-34 3.518e-34 3.507e-34 3.496e-34 3.486e-34 3.476e-34
 3.466e-34 3.457e-34 3.448e-34 3.439e-34 3.431e-34 3.423e-34 3.415e-34 3.408e-34
 3.401e-34 3.394e-34 3.388e-34 3.382e-34 3.376e-34 3.371e-34 3.366e-34 3.362e-34
 3.358e-34 3.354e-34 3.350e-34 3.347e-34 3.344e-34 3.341e-34 3.338e-34 3.336e-34
 3.334e-34 3.332e-34 3.330e-34 3.329e-34 3.328e-34 3.326e-34 3.325e-34 3.324e-34
 3.323e-34 3.322e-34 3.322e-34 3.321e-34 3.321e-34 3.320e-34 3.320e-34 3.320e-34
 3.320e-34 3.320e-34 3.321e-34 3.321e-34 3.322e-34 3.322e-34 3.323e-34 3.324e-34
 3.326e-34 3.327e-34 3.328e-34 3.330e-34 3.332e-34 3.333e-34 3.335e-34 3.338e-34
 3.340e-34 3.342e-34 3.345e-34 3.348e-34 3.350e-34 3.353e-34 3.357e-34 3.360e-34
 3.363e-34 3.367e-34 3.371e-34 3.374e-34 3.378e-34 3.382e-34 3.387e-34 3.391e-34
 3.396e-34 3.400e-34 3.405e-34 3.410e-34 3.415e-34 3.421e-34 3.426e-34 3.431e-34
 3.437e-34 3.443e-34 3.449e-34 3.455e-34 3.461e-34 3.468e-34 3.474e-34 3.481e-34
 3.488e-34 3.495e-34 3.502e-34 3.509e-34 3.516e-34 3.524e-34 3.532e-34 3.539e-34
 3.548e-34 3.556e-34 3.564e-34 3.572e-34 3.581e-34 3.590e-34 3.599e-34 3.608e-34
 3.617e-34 3.626e-34 3.636e-34 3.646e-34 3.655e-34 3.665e-34 3.676e-34 3.686e-34
 3.696e-34 3.707e-34 3.718e-34 3.729e-34 3.740e-34 3.751e-34 3.763e-34 3.774e-34
 3.786e-34 3.798e-34 3.810e-34 3.822e-34 3.835e-34 3.848e-34 3.860e-34 3.873e-34
 3.886e-34 3.900e-34 3.913e-34 3.927e-34 3.941e-34 3.955e-34 3.969e-34 3.983e-34
 3.998e-34 4.013e-34 4.028e-34 4.043e-34 4.058e-34 4.074e-34 4.089e-34 4.105e-34
 4.121e-34 4.138e-34 4.154e-34 4.171e-34 4.187e-34 4.204e-34 4.222e-34 4.239e-34
 4.257e-34 4.275e-34 4.293e-34 4.311e-34 4.329e-34 4.348e-34 4.367e-34 4.386e-34
 4.405e-34 4.424e-34 4.444e-34 4.464e-34 4.484e-34 4.504e-34 4.525e-34 4.546e-34
 4.567e-34 4.588e-34 4.609e-34 4.631e-34 4.653e-34 4.675e-34 4.697e-34 4.720e-34
 4.743e-34 4.766e-34 4.789e-34 4.813e-34 4.836e-34 4.860e-34 4.884e-34 4.909e-34
 4.934e-34 4.959e-34 4.984e-34 5.009e-34 5.035e-34 5.061e-34 5.087e-34 5.113e-34
Lz[Wm**3] for tau[ms]=  100.0
 4.320e-46 6.151e-46 8.812e-46 1.271e-45 1.847e-45 2.706e-45 3.999e-45 5.964e-45
 8.983e-45 1.366e-44 2.098e-44 3.250e-44 5.074e-44 7.981e-44 1.264e-43 2.014e-43
 3.228e-43 5.199e-43 8.411e-43 1.366e-42 2.224e-42 3.632e-42 5.941e-42 9.730e-42
 1.594e-41 2.612e-41 4.277e-41 6.994e-41 1.141e-40 1.857e-40 3.013e-40 4.869e-40
 7.830e-40 1.253e-39 1.992e-39 3.147e-39 4.934e-39 7.674e-39 1.183e-38 1.807e-38
 2.732e-38 4.086e-38 6.041e-38 8.823e-38 1.273e-37 1.815e-37 2.557e-37 3.562e-37
 4.907e-37 6.685e-37 9.006e-37 1.199e-36 1.579e-36 2.052e-36 2.630e-36 3.322e-36
 4.129e-36 5.043e-36 6.050e-36 7.129e-36 8.263e-36 9.451e-36 1.071e-35 1.208e-35
 1.362e-35 1.542e-35 1.756e-35 2.014e-35 2.327e-35 2.706e-35 3.162e-35 3.707e-35
 4.355e-35 5.120e-35 6.019e-35 7.068e-35 8.287e-35 9.695e-35 1.131e-34 1.317e-34
 1.529e-34 1.769e-34 2.042e-34 2.349e-34 2.695e-34 3.083e-34 3.517e-34 4.002e-34
 4.541e-34 5.142e-34 5.808e-34 6.546e-34 7.363e-34 8.268e-34 9.270e-34 1.038e-33
 1.161e-33 1.297e-33 1.449e-33 1.617e-33 1.804e-33 2.011e-33 2.239e-33 2.491e-33
 2.768e-33 3.068e-33 3.394e-33 3.743e-33 4.117e-33 4.514e-33 4.933e-33 5.376e-33
 5.840e-33 6.327e-33 6.835e-33 7.367e-33 7.921e-33 8.499e-33 9.100e-33 9.726e-33
 1.038e-32 1.106e-32 1.176e-32 1.249e-32 1.325e-32 1.404e-32 1.486e-32 1.570e-32
 1.658e-32 1.748e-32 1.841e-32 1.936e-32 2.034e-32 2.134e-32 2.236e-32 2.342e-32
 2.450e-32 2.560e-32 2.675e-32 2.792e-32 2.914e-32 3.040e-32 3.170e-32 3.305e-32
 3.444e-32 3.588e-32 3.736e-32 3.886e-32 4.036e-32 4.184e-32 4.326e-32 4.459e-32
 4.577e-32 4.674e-32 4.746e-32 4.787e-32 4.792e-32 4.758e-32 4.684e-32 4.569e-32
 4.415e-32 4.227e-32 4.010e-32 3.770e-32 3.515e-32 3.252e-32 2.988e-32 2.728e-32
 2.477e-32 2.239e-32 2.017e-32 1.811e-32 1.622e-32 1.450e-32 1.295e-32 1.156e-32
 1.031e-32 9.197e-33 8.207e-33 7.327e-33 6.546e-33 5.853e-33 5.238e-33 4.694e-33
 4.211e-33 3.783e-33 3.404e-33 3.067e-33 2.768e-33 2.502e-33 2.265e-33 2.055e-33
 1.867e-33 1.699e-33 1.550e-33 1.415e-33 1.295e-33 1.187e-33 1.090e-33 1.003e-33
 9.247e-34 8.539e-34 7.900e-34 7.322e-34 6.800e-34 6.327e-34 5.898e-34 5.510e-34
 5.158e-34 4.838e-34 4.548e-34 4.286e-34 4.048e-34 3.833e-34 3.639e-34 3.464e-34
 3.308e-34 3.170e-34 3.048e-34 2.942e-34 2.852e-34 2.777e-34 2.718e-34 2.674e-34
 2.645e-34 2.632e-34 2.635e-34 2.655e-34 2.692e-34 2.748e-34 2.822e-34 2.916e-34
 3.030e-34 3.165e-34 3.321e-34 3.500e-34 3.700e-34 3.923e-34 4.167e-34 4.433e-34
 4.718e-34 5.022e-34 5.344e-34 5.680e-34 6.030e-34 6.391e-34 6.760e-34 7.135e-34
 7.513e-34 7.891e-34 8.266e-34 8.636e-34 8.997e-34 9.347e-34 9.681e-34 9.996e-34
 1.029e-33 1.056e-33 1.080e-33 1.100e-33 1.117e-33 1.131e-33 1.140e-33 1.145e-33
 1.146e-33 1.144e-33 1.137e-33 1.126e-33 1.112e-33 1.095e-33 1.075e-33 1.053e-33
 1.029e-33 1.003e-33 9.768e-34 9.494e-34 9.217e-34 8.937e-34 8.658e-34 8.381e-34
 8.109e-34 7.842e-34 7.581e-34 7.327e-34 7.080e-34 6.841e-34 6.611e-34 6.388e-34
 6.173e-34 5.967e-34 5.769e-34 5.578e-34 5.394e-34 5.218e-34 5.049e-34 4.886e-34
 4.730e-34 4.581e-34 4.438e-34 4.301e-34 4.169e-34 4.043e-34 3.923e-34 3.807e-34
 3.697e-34 3.591e-34 3.490e-34 3.393e-34 3.300e-34 3.211e-34 3.126e-34 3.045e-34
 2.967e-34 2.893e-34 2.821e-34 2.753e-34 2.687e-34 2.625e-34 2.564e-34 2.507e-34
 2.452e-34 2.399e-34 2.348e-34 2.299e-34 2.252e-34 2.207e-34 2.164e-34 2.123e-34
 2.083e-34 2.045e-34 2.008e-34 1.973e-34 1.939e-34 1.906e-34 1.874e-34 1.844e-34
 1.815e-34 1.787e-34 1.760e-34 1.734e-34 1.709e-34 1.685e-34 1.662e-34 1.640e-34
 1.619e-34 1.598e-34 1.578e-34 1.559e-34 1.541e-34 1.524e-34 1.507e-34 1.491e-34
 1.475e-34 1.460e-34 1.446e-34 1.432e-34 1.419e-34 1.407e-34 1.395e-34 1.383e-34
 1.372e-34 1.361e-34 1.351e-34 1.342e-34 1.332e-34 1.324e-34 1.315e-34 1.307e-34
 1.300e-34 1.293e-34 1.286e-34 1.279e-34 1.273e-34 1.268e-34 1.262e-34 1.257e-34
 1.252e-34 1.248e-34 1.244e-34 1.240e-34 1.236e-34 1.233e-34 1.230e-34 1.227e-34
 1.224e-34 1.222e-34 1.220e-34 1.218e-34 1.217e-34 1.215e-34 1.214e-34 1.213e-34
 1.212e-34 1.212e-34 1.211e-34 1.211e-34 1.211e-34 1.211e-34 1.212e-34 1.212e-34
 1.213e-34 1.214e-34 1.215e-34 1.217e-34 1.218e-34 1.220e-34 1.222e-34 1.224e-34
 1.226e-34 1.228e-34 1.231e-34 1.233e-34 1.236e-34 1.239e-34 1.243e-34 1.246e-34
 1.250e-34 1.254e-34 1.258e-34 1.262e-34 1.267e-34 1.271e-34 1.276e-34 1.281e-34
 1.287e-34 1.292e-34 1.298e-34 1.304e-34 1.310e-34 1.316e-34 1.323e-34 1.329e-34
 1.336e-34 1.343e-34 1.350e-34 1.357e-34 1.364e-34 1.371e-34 1.379e-34 1.386e-34
 1.393e-34 1.401e-34 1.408e-34 1.416e-34 1.423e-34 1.431e-34 1.439e-34 1.447e-34
 1.455e-34 1.463e-34 1.471e-34 1.479e-34 1.487e-34 1.496e-34 1.504e-34 1.513e-34
 1.522e-34 1.531e-34 1.539e-34 1.549e-34 1.558e-34 1.567e-34 1.576e-34 1.586e-34
 1.595e-34 1.605e-34 1.615e-34 1.625e-34 1.635e-34 1.645e-34 1.655e-34 1.665e-34
 1.676e-34 1.686e-34 1.697e-34 1.707e-34 1.718e-34 1.729e-34 1.740e-34 1.751e-34
 1.763e-34 1.774e-34 1.785e-34 1.797e-34 1.809e-34 1.820e-34 1.832e-34 1.844e-34
 1.856e-34 1.869e-34 1.881e-34 1.893e-34 1.906e-34 1.919e-34 1.932e-34 1.944e-34
 1.957e-34 1.971e-34 1.984e-34 1.997e-34 2.011e-34 2.024e-34 2.038e-34 2.052e-34
 2.066e-34 2.080e-34 2.094e-34 2.109e-34 2.123e-34 2.138e-34 2.152e-34 2.167e-34
 2.182e-34 2.197e-34 2.212e-34 2.228e-34 2.243e-34 2.259e-34 2.275e-34 2.291e-34
 2.307e-34 2.323e-34 2.339e-34 2.355e-34 2.372e-34 2.389e-34 2.405e-34 2.422e-34
 2.440e-34 2.457e-34 2.474e-34 2.492e-34 2.509e-34 2.527e-34 2.545e-34 2.563e-34
 2.582e-34 2.600e-34 2.619e-34 2.637e-34 2.656e-34 2.675e-34 2.695e-34 2.714e-34
 2.733e-34 2.753e-34 2.773e-34 2.793e-34 2.813e-34 2.834e-34 2.854e-34 2.875e-34
 2.896e-34 2.917e-34 2.938e-34 2.959e-34 2.981e-34 3.002e-34 3.024e-34 3.046e-34
 3.068e-34 3.091e-34 3.113e-34 3.136e-34 3.159e-34 3.182e-34 3.206e-34 3.229e-34
 3.253e-34 3.277e-34 3.301e-34 3.325e-34 3.350e-34 3.374e-34 3.399e-34 3.424e-34
 3.450e-34 3.475e-34 3.501e-34 3.527e-34 3.553e-34 3.579e-34 3.606e-34 3.632e-34
 3.659e-34 3.687e-34 3.714e-34 3.742e-34 3.769e-34 3.797e-34 3.826e-34 3.854e-34
 3.883e-34 3.912e-34 3.941e-34 3.971e-34 4.000e-34 4.030e-34 4.060e-34 4.091e-34
Lz[Wm**3] for tau[ms]= 1000.0
 4.320e-46 6.151e-46 8.812e-46 1.271e-45 1.847e-45 2.706e-45 3.999e-45 5.964e-45
 8.983e-45 1.366e-44 2.098e-44 3.250e-44 5.074e-44 7.981e-44 1.264e-43 2.014e-43
 3.228e-43 5.199e-43 8.411e-43 1.366e-42 2.224e-42 3.632e-42 5.941e-42 9.731e-42
 1.595e-41 2.613e-41 4.278e-41 6.995e-41 1.141e-40 1.858e-40 3.014e-40 4.870e-40
 7.833e-40 1.253e-39 1.993e-39 3.149e-39 4.937e-39 7.680e-39 1.184e-38 1.809e-38
 2.735e-38 4.091e-38 6.050e-38 8.839e-38 1.276e-37 1.819e-37 2.563e-37 3.572e-37
 4.922e-37 6.708e-37 9.040e-37 1.204e-36 1.585e-36 2.060e-36 2.640e-36 3.332e-36
 4.136e-36 5.043e-36 6.036e-36 7.094e-36 8.200e-36 9.354e-36 1.058e-35 1.191e-35
 1.343e-35 1.520e-35 1.733e-35 1.991e-35 2.304e-35 2.682e-35 3.139e-35 3.685e-35
 4.333e-35 5.100e-35 6.000e-35 7.050e-35 8.270e-35 9.679e-35 1.130e-34 1.316e-34
 1.527e-34 1.768e-34 2.040e-34 2.348e-34 2.694e-34 3.082e-34 3.516e-34 4.001e-34
 4.541e-34 5.142e-34 5.808e-34 6.547e-34 7.365e-34 8.271e-34 9.274e-34 1.039e-33
 1.162e-33 1.299e-33 1.450e-33 1.619e-33 1.807e-33 2.015e-33 2.244e-33 2.497e-33
 2.775e-33 3.076e-33 3.402e-33 3.752e-33 4.126e-33 4.523e-33 4.943e-33 5.385e-33
 5.849e-33 6.335e-33 6.844e-33 7.374e-33 7.928e-33 8.505e-33 9.106e-33 9.732e-33
 1.038e-32 1.106e-32 1.176e-32 1.250e-32 1.326e-32 1.404e-32 1.486e-32 1.571e-32
 1.658e-32 1.748e-32 1.841e-32 1.936e-32 2.034e-32 2.134e-32 2.237e-32 2.342e-32
 2.450e-32 2.561e-32 2.675e-32 2.793e-32 2.915e-32 3.041e-32 3.171e-32 3.307e-32
 3.447e-32 3.591e-32 3.739e-32 3.889e-32 4.039e-32 4.187e-32 4.329e-32 4.461e-32
 4.577e-32 4.672e-32 4.741e-32 4.778e-32 4.778e-32 4.738e-32 4.657e-32 4.535e-32
 4.374e-32 4.179e-32 3.955e-32 3.710e-32 3.451e-32 3.184e-32 2.918e-32 2.657e-32
 2.407e-32 2.170e-32 1.950e-32 1.746e-32 1.560e-32 1.392e-32 1.240e-32 1.104e-32
 9.831e-33 8.751e-33 7.791e-33 6.941e-33 6.188e-33 5.521e-33 4.931e-33 4.409e-33
 3.947e-33 3.538e-33 3.176e-33 2.855e-33 2.571e-33 2.318e-33 2.094e-33 1.895e-33
 1.718e-33 1.560e-33 1.419e-33 1.293e-33 1.180e-33 1.079e-33 9.882e-34 9.068e-34
 8.337e-34 7.678e-34 7.085e-34 6.550e-34 6.067e-34 5.631e-34 5.237e-34 4.880e-34
 4.557e-34 4.266e-34 4.002e-34 3.763e-34 3.547e-34 3.353e-34 3.179e-34 3.023e-34
 2.884e-34 2.762e-34 2.656e-34 2.564e-34 2.488e-34 2.426e-34 2.378e-34 2.345e-34
 2.327e-34 2.324e-34 2.337e-34 2.366e-34 2.412e-34 2.475e-34 2.556e-34 2.657e-34
 2.777e-34 2.918e-34 3.079e-34 3.262e-34 3.466e-34 3.691e-34 3.937e-34 4.202e-34
 4.487e-34 4.789e-34 5.107e-34 5.438e-34 5.782e-34 6.134e-34 6.493e-34 6.856e-34
 7.221e-34 7.584e-34 7.944e-34 8.296e-34 8.638e-34 8.966e-34 9.278e-34 9.570e-34
 9.839e-34 1.008e-33 1.029e-33 1.047e-33 1.061e-33 1.071e-33 1.077e-33 1.079e-33
 1.077e-33 1.070e-33 1.060e-33 1.047e-33 1.030e-33 1.011e-33 9.886e-34 9.646e-34
 9.392e-34 9.126e-34 8.852e-34 8.573e-34 8.293e-34 8.013e-34 7.737e-34 7.465e-34
 7.198e-34 6.939e-34 6.687e-34 6.444e-34 6.208e-34 5.982e-34 5.764e-34 5.554e-34
 5.353e-34 5.160e-34 4.976e-34 4.799e-34 4.629e-34 4.467e-34 4.312e-34 4.163e-34
 4.021e-34 3.884e-34 3.754e-34 3.630e-34 3.511e-34 3.398e-34 3.289e-34 3.186e-34
 3.086e-34 2.992e-34 2.902e-34 2.815e-34 2.733e-34 2.654e-34 2.579e-34 2.507e-34
 2.438e-34 2.372e-34 2.309e-34 2.249e-34 2.192e-34 2.137e-34 2.084e-34 2.034e-34
 1.986e-34 1.940e-34 1.896e-34 1.853e-34 1.813e-34 1.774e-34 1.737e-34 1.701e-34
 1.667e-34 1.634e-34 1.602e-34 1.572e-34 1.543e-34 1.515e-34 1.488e-34 1.462e-34
 1.438e-34 1.414e-34 1.391e-34 1.369e-34 1.348e-34 1.328e-34 1.309e-34 1.290e-34
 1.272e-34 1.255e-34 1.239e-34 1.223e-34 1.208e-34 1.193e-34 1.179e-34 1.166e-34
 1.153e-34 1.141e-34 1.130e-34 1.118e-34 1.108e-34 1.098e-34 1.088e-34 1.079e-34
 1.070e-34 1.062e-34 1.054e-34 1.046e-34 1.039e-34 1.032e-34 1.026e-34 1.020e-34
 1.014e-34 1.009e-34 1.004e-34 9.996e-35 9.953e-35 9.913e-35 9.876e-35 9.842e-35
 9.811e-35 9.782e-35 9.757e-35 9.734e-35 9.714e-35 9.696e-35 9.680e-35 9.667e-35
 9.657e-35 9.649e-35 9.643e-35 9.639e-35 9.637e-35 9.638e-35 9.640e-35 9.645e-35
 9.651e-35 9.660e-35 9.670e-35 9.682e-35 9.696e-35 9.712e-35 9.730e-35 9.749e-35
 9.770e-35 9.793e-35 9.817e-35 9.843e-35 9.871e-35 9.900e-35 9.931e-35 9.963e-35
 9.997e-35 1.003e-34 1.007e-34 1.011e-34 1.015e-34 1.019e-34 1.024e-34 1.028e-34
 1.033e-34 1.038e-34 1.043e-34 1.048e-34 1.054e-34 1.059e-34 1.065e-34 1.071e-34
 1.078e-34 1.084e-34 1.091e-34 1.098e-34 1.105e-34 1.112e-34 1.120e-34 1.127e-34
 1.135e-34 1.142e-34 1.150e-34 1.158e-34 1.166e-34 1.174e-34 1.182e-34 1.190e-34
 1.199e-34 1.207e-34 1.215e-34 1.224e-34 1.232e-34 1.241e-34 1.249e-34 1.258e-34
 1.267e-34 1.275e-34 1.284e-34 1.293e-34 1.303e-34 1.312e-34 1.321e-34 1.330e-34
 1.340e-34 1.349e-34 1.359e-34 1.369e-34 1.379e-34 1.389e-34 1.399e-34 1.409e-34
 1.419e-34 1.430e-34 1.440e-34 1.451e-34 1.462e-34 1.472e-34 1.483e-34 1.494e-34
 1.505e-34 1.517e-34 1.528e-34 1.539e-34 1.551e-34 1.562e-34 1.574e-34 1.586e-34
 1.598e-34 1.610e-34 1.622e-34 1.634e-34 1.647e-34 1.659e-34 1.672e-34 1.684e-34
 1.697e-34 1.710e-34 1.723e-34 1.736e-34 1.749e-34 1.763e-34 1.776e-34 1.790e-34
 1.803e-34 1.817e-34 1.831e-34 1.845e-34 1.859e-34 1.873e-34 1.888e-34 1.902e-34
 1.917e-34 1.931e-34 1.946e-34 1.961e-34 1.976e-34 1.991e-34 2.007e-34 2.022e-34
 2.037e-34 2.053e-34 2.069e-34 2.085e-34 2.101e-34 2.117e-34 2.133e-34 2.150e-34
 2.166e-34 2.183e-34 2.200e-34 2.217e-34 2.234e-34 2.251e-34 2.269e-34 2.286e-34
 2.304e-34 2.322e-34 2.340e-34 2.358e-34 2.376e-34 2.394e-34 2.413e-34 2.431e-34
 2.450e-34 2.469e-34 2.488e-34 2.507e-34 2.527e-34 2.546e-34 2.566e-34 2.586e-34
 2.606e-34 2.626e-34 2.647e-34 2.667e-34 2.688e-34 2.709e-34 2.729e-34 2.751e-34
 2.772e-34 2.793e-34 2.815e-34 2.837e-34 2.859e-34 2.881e-34 2.903e-34 2.926e-34
 2.949e-34 2.972e-34 2.995e-34 3.018e-34 3.041e-34 3.065e-34 3.089e-34 3.113e-34
 3.137e-34 3.161e-34 3.186e-34 3.210e-34 3.235e-34 3.260e-34 3.286e-34 3.311e-34
 3.337e-34 3.363e-34 3.389e-34 3.415e-34 3.442e-34 3.469e-34 3.496e-34 3.523e-34
 3.550e-34 3.578e-34 3.606e-34 3.634e-34 3.662e-34 3.690e-34 3.719e-34 3.748e-34
 3.777e-34 3.806e-34 3.836e-34 3.866e-34 3.896e-34 3.926e-34 3.957e-34 3.988e-34
Lz[Wm**3] in equilibrium - infinite confinement
 1.000e-42 1.000e-42 1.000e-42 1.000e-42 1.000e-42 1.000e-42 1.000e-42 1.000e-42
 1.000e-42 1.000e-42 1.000e-42 1.000e-42 1.000e-42 1.000e-42 1.000e-42 1.000e-42
 1.000e-42 1.000e-42 1.000e-42 1.366e-42 2.224e-42 3.632e-42 5.942e-42 9.731e-42
 1.595e-41 2.613e-41 4.278e-41 6.995e-41 1.141e-40 1.858e-40 3.014e-40 4.870e-40
 7.834e-40 1.253e-39 1.993e-39 3.149e-39 4.938e-39 7.680e-39 1.184e-38 1.809e-38
 2.735e-38 4.092e-38 6.051e-38 8.841e-38 1.276e-37 1.819e-37 2.564e-37 3.573e-37
 4.924e-37 6.711e-37 9.044e-37 1.205e-36 1.586e-36 2.061e-36 2.641e-36 3.333e-36
 4.137e-36 5.043e-36 6.034e-36 7.089e-36 8.193e-36 9.342e-36 1.056e-35 1.189e-35
 1.340e-35 1.518e-35 1.730e-35 1.988e-35 2.301e-35 2.680e-35 3.136e-35 3.682e-35
 4.331e-35 5.098e-35 5.998e-35 7.048e-35 8.268e-35 9.678e-35 1.130e-34 1.316e-34
 1.527e-34 1.768e-34 2.040e-34 2.348e-34 2.694e-34 3.082e-34 3.516e-34 4.001e-34
 4.541e-34 5.142e-34 5.808e-34 6.547e-34 7.365e-34 8.271e-34 9.274e-34 1.039e-33
 1.162e-33 1.299e-33 1.451e-33 1.620e-33 1.807e-33 2.015e-33 2.245e-33 2.498e-33
 2.775e-33 3.077e-33 3.403e-33 3.753e-33 4.127e-33 4.524e-33 4.944e-33 5.386e-33
 5.850e-33 6.336e-33 6.844e-33 7.375e-33 7.929e-33 8.506e-33 9.107e-33 9.733e-33
 1.038e-32 1.106e-32 1.176e-32 1.250e-32 1.326e-32 1.405e-32 1.486e-32 1.571e-32
 1.658e-32 1.748e-32 1.841e-32 1.936e-32 2.034e-32 2.134e-32 2.237e-32 2.342e-32
 2.450e-32 2.561e-32 2.675e-32 2.793e-32 2.915e-32 3.041e-32 3.172e-32 3.307e-32
 3.447e-32 3.591e-32 3.739e-32 3.889e-32 4.040e-32 4.188e-32 4.330e-32 4.461e-32
 4.577e-32 4.672e-32 4.740e-32 4.777e-32 4.776e-32 4.736e-32 4.654e-32 4.531e-32
 4.370e-32 4.174e-32 3.949e-32 3.703e-32 3.443e-32 3.177e-32 2.910e-32 2.649e-32
 2.399e-32 2.163e-32 1.942e-32 1.739e-32 1.554e-32 1.385e-32 1.234e-32 1.099e-32
 9.777e-33 8.701e-33 7.745e-33 6.898e-33 6.148e-33 5.484e-33 4.897e-33 4.377e-33
 3.917e-33 3.510e-33 3.150e-33 2.831e-33 2.549e-33 2.298e-33 2.075e-33 1.877e-33
 1.701e-33 1.544e-33 1.404e-33 1.279e-33 1.167e-33 1.067e-33 9.768e-34 8.961e-34
 8.235e-34 7.582e-34 6.994e-34 6.464e-34 5.986e-34 5.554e-34 5.163e-34 4.810e-34
 4.491e-34 4.202e-34 3.941e-34 3.705e-34 3.492e-34 3.300e-34 3.128e-34 2.974e-34
 2.837e-34 2.717e-34 2.612e-34 2.522e-34 2.447e-34 2.387e-34 2.341e-34 2.309e-34
 2.292e-34 2.290e-34 2.304e-34 2.334e-34 2.380e-34 2.445e-34 2.527e-34 2.628e-34
 2.749e-34 2.890e-34 3.052e-34 3.235e-34 3.440e-34 3.665e-34 3.911e-34 4.177e-34
 4.461e-34 4.763e-34 5.080e-34 5.411e-34 5.753e-34 6.105e-34 6.463e-34 6.825e-34
 7.188e-34 7.549e-34 7.907e-34 8.257e-34 8.596e-34 8.923e-34 9.232e-34 9.521e-34
 9.786e-34 1.002e-33 1.023e-33 1.040e-33 1.054e-33 1.064e-33 1.070e-33 1.071e-33
 1.069e-33 1.062e-33 1.052e-33 1.038e-33 1.021e-33 1.001e-33 9.786e-34 9.545e-34
 9.289e-34 9.022e-34 8.747e-34 8.468e-34 8.187e-34 7.908e-34 7.632e-34 7.361e-34
 7.095e-34 6.837e-34 6.586e-34 6.344e-34 6.110e-34 5.885e-34 5.668e-34 5.460e-34
 5.261e-34 5.070e-34 4.887e-34 4.711e-34 4.544e-34 4.383e-34 4.229e-34 4.082e-34
 3.941e-34 3.806e-34 3.678e-34 3.555e-34 3.438e-34 3.325e-34 3.218e-34 3.116e-34
 3.018e-34 2.925e-34 2.836e-34 2.751e-34 2.669e-34 2.592e-34 2.517e-34 2.447e-34
 2.379e-34 2.314e-34 2.252e-34 2.193e-34 2.137e-34 2.083e-34 2.031e-34 1.981e-34
 1.934e-34 1.889e-34 1.845e-34 1.804e-34 1.764e-34 1.726e-34 1.689e-34 1.654e-34
 1.620e-34 1.588e-34 1.557e-34 1.527e-34 1.499e-34 1.471e-34 1.445e-34 1.420e-34
 1.396e-34 1.372e-34 1.350e-34 1.329e-34 1.308e-34 1.288e-34 1.269e-34 1.251e-34
 1.234e-34 1.217e-34 1.201e-34 1.185e-34 1.171e-34 1.156e-34 1.143e-34 1.130e-34
 1.117e-34 1.106e-34 1.094e-34 1.083e-34 1.073e-34 1.063e-34 1.054e-34 1.045e-34
 1.036e-34 1.028e-34 1.021e-34 1.013e-34 1.007e-34 1.000e-34 9.939e-35 9.882e-35
 9.827e-35 9.777e-35 9.729e-35 9.685e-35 9.644e-35 9.605e-35 9.570e-35 9.538e-35
 9.509e-35 9.482e-35 9.459e-35 9.437e-35 9.419e-35 9.403e-35 9.389e-35 9.378e-35
 9.369e-35 9.362e-35 9.358e-35 9.356e-35 9.356e-35 9.358e-35 9.362e-35 9.368e-35
 9.376e-35 9.386e-35 9.398e-35 9.412e-35 9.428e-35 9.445e-35 9.464e-35 9.485e-35
 9.507e-35 9.532e-35 9.557e-35 9.585e-35 9.614e-35 9.645e-35 9.677e-35 9.711e-35
 9.746e-35 9.783e-35 9.821e-35 9.861e-35 9.903e-35 9.946e-35 9.991e-35 1.004e-34
 1.009e-34 1.014e-34 1.019e-34 1.024e-34 1.030e-34 1.036e-34 1.042e-34 1.048e-34
 1.055e-34 1.061e-34 1.068e-34 1.075e-34 1.082e-34 1.090e-34 1.097e-34 1.105e-34
 1.112e-34 1.120e-34 1.128e-34 1.136e-34 1.144e-34 1.152e-34 1.160e-34 1.169e-34
 1.177e-34 1.185e-34 1.194e-34 1.202e-34 1.211e-34 1.219e-34 1.228e-34 1.237e-34
 1.246e-34 1.254e-34 1.264e-34 1.273e-34 1.282e-34 1.291e-34 1.301e-34 1.310e-34
 1.320e-34 1.329e-34 1.339e-34 1.349e-34 1.359e-34 1.369e-34 1.379e-34 1.390e-34
 1.400e-34 1.411e-34 1.421e-34 1.432e-34 1.443e-34 1.454e-34 1.464e-34 1.476e-34
 1.487e-34 1.498e-34 1.509e-34 1.521e-34 1.533e-34 1.544e-34 1.556e-34 1.568e-34
 1.580e-34 1.592e-34 1.604e-34 1.617e-34 1.629e-34 1.642e-34 1.654e-34 1.667e-34
 1.680e-34 1.693e-34 1.706e-34 1.719e-34 1.732e-34 1.746e-34 1.759e-34 1.773e-34
 1.786e-34 1.800e-34 1.814e-34 1.828e-34 1.842e-34 1.857e-34 1.871e-34 1.886e-34
 1.900e-34 1.915e-34 1.930e-34 1.945e-34 1.960e-34 1.975e-34 1.991e-34 2.006e-34
 2.022e-34 2.037e-34 2.053e-34 2.069e-34 2.085e-34 2.102e-34 2.118e-34 2.134e-34
 2.151e-34 2.168e-34 2.185e-34 2.202e-34 2.219e-34 2.236e-34 2.254e-34 2.271e-34
 2.289e-34 2.307e-34 2.325e-34 2.343e-34 2.361e-34 2.380e-34 2.398e-34 2.417e-34
 2.436e-34 2.455e-34 2.474e-34 2.493e-34 2.513e-34 2.532e-34 2.552e-34 2.572e-34
 2.592e-34 2.612e-34 2.633e-34 2.653e-34 2.674e-34 2.695e-34 2.716e-34 2.737e-34
 2.758e-34 2.780e-34 2.802e-34 2.823e-34 2.845e-34 2.868e-34 2.890e-34 2.913e-34
 2.935e-34 2.958e-34 2.981e-34 3.005e-34 3.028e-34 3.052e-34 3.076e-34 3.100e-34
 3.124e-34 3.148e-34 3.173e-34 3.198e-34 3.223e-34 3.248e-34 3.273e-34 3.299e-34
 3.325e-34 3.351e-34 3.377e-34 3.403e-34 3.430e-34 3.456e-34 3.483e-34 3.511e-34
 3.538e-34 3.566e-34 3.594e-34 3.622e-34 3.650e-34 3.678e-34 3.707e-34 3.736e-34
 3.765e-34 3.795e-34 3.824e-34 3.854e-34 3.884e-34 3.915e-34 3.945e-34 3.976e-34
C-------------------------------------------------------------------------------
C
C  The fractional abundance and radiated power were generated from the
C  ADAS installation at UKAEA with the named adf11 files. The adf11 data
C  files may be updated in a later release of ADAS and publicly
C  available versions may be found at https://open.adas.ac.uk/.
C
C  The equilibrium balance data was produced with run_adas405.py and
C  the balance with a confinement time with adas4xx_ionbal_tau.py
C  which are functions from the ADAS library. Details on these codes
C  may be found at: https://www.adas.ac.uk/python_lib/index.html
C
C  Copyright (C) 2023 UK Atomic Energy Authority
C
C  This file was generated for use in the UKAEA systems code PROCESS
C  using a script written by Martin O'Mullane.
C  If acquired without provenance a user is strongly advised
C  to check its validity by re-generating using the adf11 files from
C  the OPEN-ADAS site.
C
C  Produced by : Timothy Nunn
C  Date        : 29-07-26
C
C-------------------------------------------------------------------------------
