Mean charge as a function dwell time.
Temperature :      0.2 - 500000.0 eV
Density     : 1.00e+20 m-3
   600     5  # Te values, dwell time

Source data:
acd : /home/adas/adas/adf11/acd96/acd96_n.dat
scd : /home/adas/adas/adf11/scd96/scd96_n.dat
plt : /home/adas/adas/adf11/plt96/plt96_n.dat
prb : /home/adas/adas/adf11/prb96/prb96_n.dat

Te[eV]
 2.500e-01 2.561e-01 2.624e-01 2.688e-01 2.754e-01 2.822e-01 2.891e-01 2.962e-01
 3.035e-01 3.109e-01 3.185e-01 3.263e-01 3.343e-01 3.425e-01 3.509e-01 3.595e-01
 3.683e-01 3.774e-01 3.866e-01 3.961e-01 4.058e-01 4.158e-01 4.260e-01 4.364e-01
 4.471e-01 4.581e-01 4.693e-01 4.808e-01 4.926e-01 5.047e-01 5.170e-01 5.297e-01
 5.427e-01 5.560e-01 5.696e-01 5.836e-01 5.979e-01 6.126e-01 6.276e-01 6.430e-01
 6.587e-01 6.749e-01 6.914e-01 7.084e-01 7.257e-01 7.435e-01 7.618e-01 7.804e-01
 7.996e-01 8.192e-01 8.393e-01 8.598e-01 8.809e-01 9.025e-01 9.247e-01 9.473e-01
 9.706e-01 9.943e-01 1.019e+00 1.044e+00 1.069e+00 1.096e+00 1.122e+00 1.150e+00
 1.178e+00 1.207e+00 1.237e+00 1.267e+00 1.298e+00 1.330e+00 1.362e+00 1.396e+00
 1.430e+00 1.465e+00 1.501e+00 1.538e+00 1.575e+00 1.614e+00 1.654e+00 1.694e+00
 1.736e+00 1.778e+00 1.822e+00 1.867e+00 1.912e+00 1.959e+00 2.007e+00 2.056e+00
 2.107e+00 2.159e+00 2.211e+00 2.266e+00 2.321e+00 2.378e+00 2.436e+00 2.496e+00
 2.557e+00 2.620e+00 2.684e+00 2.750e+00 2.818e+00 2.887e+00 2.957e+00 3.030e+00
 3.104e+00 3.180e+00 3.258e+00 3.338e+00 3.420e+00 3.504e+00 3.590e+00 3.678e+00
 3.768e+00 3.860e+00 3.955e+00 4.052e+00 4.151e+00 4.253e+00 4.357e+00 4.464e+00
 4.574e+00 4.686e+00 4.801e+00 4.918e+00 5.039e+00 5.162e+00 5.289e+00 5.419e+00
 5.551e+00 5.688e+00 5.827e+00 5.970e+00 6.116e+00 6.266e+00 6.420e+00 6.577e+00
 6.738e+00 6.904e+00 7.073e+00 7.246e+00 7.424e+00 7.606e+00 7.792e+00 7.983e+00
 8.179e+00 8.380e+00 8.585e+00 8.796e+00 9.011e+00 9.232e+00 9.459e+00 9.691e+00
 9.928e+00 1.017e+01 1.042e+01 1.068e+01 1.094e+01 1.121e+01 1.148e+01 1.176e+01
 1.205e+01 1.235e+01 1.265e+01 1.296e+01 1.328e+01 1.360e+01 1.394e+01 1.428e+01
 1.463e+01 1.499e+01 1.535e+01 1.573e+01 1.612e+01 1.651e+01 1.692e+01 1.733e+01
 1.776e+01 1.819e+01 1.864e+01 1.909e+01 1.956e+01 2.004e+01 2.053e+01 2.104e+01
 2.155e+01 2.208e+01 2.262e+01 2.318e+01 2.374e+01 2.433e+01 2.492e+01 2.553e+01
 2.616e+01 2.680e+01 2.746e+01 2.813e+01 2.882e+01 2.953e+01 3.025e+01 3.099e+01
 3.175e+01 3.253e+01 3.333e+01 3.415e+01 3.498e+01 3.584e+01 3.672e+01 3.762e+01
 3.854e+01 3.949e+01 4.046e+01 4.145e+01 4.246e+01 4.351e+01 4.457e+01 4.566e+01
 4.678e+01 4.793e+01 4.911e+01 5.031e+01 5.154e+01 5.281e+01 5.410e+01 5.543e+01
 5.679e+01 5.818e+01 5.961e+01 6.107e+01 6.256e+01 6.410e+01 6.567e+01 6.728e+01
 6.893e+01 7.062e+01 7.235e+01 7.412e+01 7.594e+01 7.780e+01 7.971e+01 8.167e+01
 8.367e+01 8.572e+01 8.782e+01 8.997e+01 9.218e+01 9.444e+01 9.676e+01 9.913e+01
 1.016e+02 1.040e+02 1.066e+02 1.092e+02 1.119e+02 1.146e+02 1.174e+02 1.203e+02
 1.233e+02 1.263e+02 1.294e+02 1.326e+02 1.358e+02 1.391e+02 1.426e+02 1.461e+02
 1.496e+02 1.533e+02 1.571e+02 1.609e+02 1.649e+02 1.689e+02 1.730e+02 1.773e+02
 1.816e+02 1.861e+02 1.906e+02 1.953e+02 2.001e+02 2.050e+02 2.100e+02 2.152e+02
 2.205e+02 2.259e+02 2.314e+02 2.371e+02 2.429e+02 2.488e+02 2.549e+02 2.612e+02
 2.676e+02 2.742e+02 2.809e+02 2.878e+02 2.948e+02 3.021e+02 3.095e+02 3.170e+02
 3.248e+02 3.328e+02 3.409e+02 3.493e+02 3.579e+02 3.666e+02 3.756e+02 3.848e+02
 3.943e+02 4.039e+02 4.138e+02 4.240e+02 4.344e+02 4.450e+02 4.559e+02 4.671e+02
 4.786e+02 4.903e+02 5.023e+02 5.146e+02 5.273e+02 5.402e+02 5.534e+02 5.670e+02
 5.809e+02 5.951e+02 6.097e+02 6.247e+02 6.400e+02 6.557e+02 6.718e+02 6.882e+02
 7.051e+02 7.224e+02 7.401e+02 7.582e+02 7.768e+02 7.959e+02 8.154e+02 8.354e+02
 8.559e+02 8.769e+02 8.984e+02 9.204e+02 9.429e+02 9.661e+02 9.897e+02 1.014e+03
 1.039e+03 1.064e+03 1.090e+03 1.117e+03 1.145e+03 1.173e+03 1.201e+03 1.231e+03
 1.261e+03 1.292e+03 1.324e+03 1.356e+03 1.389e+03 1.423e+03 1.458e+03 1.494e+03
 1.531e+03 1.568e+03 1.607e+03 1.646e+03 1.686e+03 1.728e+03 1.770e+03 1.813e+03
 1.858e+03 1.903e+03 1.950e+03 1.998e+03 2.047e+03 2.097e+03 2.149e+03 2.201e+03
 2.255e+03 2.310e+03 2.367e+03 2.425e+03 2.485e+03 2.546e+03 2.608e+03 2.672e+03
 2.737e+03 2.804e+03 2.873e+03 2.944e+03 3.016e+03 3.090e+03 3.166e+03 3.243e+03
 3.323e+03 3.404e+03 3.488e+03 3.573e+03 3.661e+03 3.750e+03 3.842e+03 3.937e+03
 4.033e+03 4.132e+03 4.233e+03 4.337e+03 4.443e+03 4.552e+03 4.664e+03 4.778e+03
 4.895e+03 5.015e+03 5.138e+03 5.264e+03 5.393e+03 5.526e+03 5.661e+03 5.800e+03
 5.942e+03 6.088e+03 6.237e+03 6.390e+03 6.547e+03 6.707e+03 6.872e+03 7.040e+03
 7.213e+03 7.390e+03 7.571e+03 7.756e+03 7.947e+03 8.141e+03 8.341e+03 8.545e+03
 8.755e+03 8.970e+03 9.190e+03 9.415e+03 9.646e+03 9.882e+03 1.012e+04 1.037e+04
 1.063e+04 1.089e+04 1.115e+04 1.143e+04 1.171e+04 1.200e+04 1.229e+04 1.259e+04
 1.290e+04 1.322e+04 1.354e+04 1.387e+04 1.421e+04 1.456e+04 1.492e+04 1.528e+04
 1.566e+04 1.604e+04 1.643e+04 1.684e+04 1.725e+04 1.767e+04 1.811e+04 1.855e+04
 1.901e+04 1.947e+04 1.995e+04 2.044e+04 2.094e+04 2.145e+04 2.198e+04 2.252e+04
 2.307e+04 2.363e+04 2.421e+04 2.481e+04 2.542e+04 2.604e+04 2.668e+04 2.733e+04
 2.800e+04 2.869e+04 2.939e+04 3.011e+04 3.085e+04 3.161e+04 3.238e+04 3.318e+04
 3.399e+04 3.482e+04 3.568e+04 3.655e+04 3.745e+04 3.836e+04 3.931e+04 4.027e+04
 4.126e+04 4.227e+04 4.330e+04 4.437e+04 4.545e+04 4.657e+04 4.771e+04 4.888e+04
 5.008e+04 5.131e+04 5.256e+04 5.385e+04 5.517e+04 5.652e+04 5.791e+04 5.933e+04
 6.078e+04 6.228e+04 6.380e+04 6.537e+04 6.697e+04 6.861e+04 7.029e+04 7.202e+04
 7.378e+04 7.559e+04 7.744e+04 7.934e+04 8.129e+04 8.328e+04 8.532e+04 8.741e+04
 8.956e+04 9.175e+04 9.400e+04 9.631e+04 9.867e+04 1.011e+05 1.036e+05 1.061e+05
 1.087e+05 1.114e+05 1.141e+05 1.169e+05 1.198e+05 1.227e+05 1.257e+05 1.288e+05
 1.320e+05 1.352e+05 1.385e+05 1.419e+05 1.454e+05 1.489e+05 1.526e+05 1.563e+05
 1.602e+05 1.641e+05 1.681e+05 1.722e+05 1.765e+05 1.808e+05 1.852e+05 1.898e+05
 1.944e+05 1.992e+05 2.041e+05 2.091e+05 2.142e+05 2.194e+05 2.248e+05 2.303e+05
 2.360e+05 2.418e+05 2.477e+05 2.538e+05 2.600e+05 2.664e+05 2.729e+05 2.796e+05
 2.864e+05 2.935e+05 3.007e+05 3.080e+05 3.156e+05 3.233e+05 3.312e+05 3.394e+05
 3.477e+05 3.562e+05 3.649e+05 3.739e+05 3.831e+05 3.924e+05 4.021e+05 4.119e+05
 4.220e+05 4.324e+05 4.430e+05 4.538e+05 4.650e+05 4.764e+05 4.880e+05 5.000e+05
<Z> for tau[ms]=    0.1
 1.421e-19 4.917e-19 1.665e-18 5.507e-18 1.777e-17 5.579e-17 1.702e-16 5.036e-16
 1.442e-15 3.996e-15 1.073e-14 2.792e-14 7.056e-14 1.734e-13 4.145e-13 9.659e-13
 2.195e-12 4.874e-12 1.058e-11 2.248e-11 4.683e-11 9.569e-11 1.921e-10 3.793e-10
 7.372e-10 1.413e-09 2.671e-09 4.990e-09 9.220e-09 1.687e-08 3.058e-08 5.490e-08
 9.761e-08 1.718e-07 2.994e-07 5.161e-07 8.800e-07 1.484e-06 2.475e-06 4.078e-06
 6.641e-06 1.068e-05 1.697e-05 2.662e-05 4.123e-05 6.306e-05 9.531e-05 1.424e-04
 2.103e-04 3.072e-04 4.441e-04 6.354e-04 9.002e-04 1.263e-03 1.756e-03 2.420e-03
 3.305e-03 4.478e-03 6.018e-03 8.023e-03 1.061e-02 1.392e-02 1.813e-02 2.341e-02
 2.999e-02 3.810e-02 4.801e-02 5.997e-02 7.426e-02 9.112e-02 1.108e-01 1.334e-01
 1.590e-01 1.877e-01 2.193e-01 2.536e-01 2.902e-01 3.287e-01 3.685e-01 4.092e-01
 4.499e-01 4.903e-01 5.297e-01 5.678e-01 6.041e-01 6.385e-01 6.706e-01 7.005e-01
 7.281e-01 7.534e-01 7.766e-01 7.977e-01 8.168e-01 8.342e-01 8.500e-01 8.643e-01
 8.774e-01 8.893e-01 9.003e-01 9.104e-01 9.199e-01 9.289e-01 9.376e-01 9.461e-01
 9.545e-01 9.631e-01 9.719e-01 9.812e-01 9.911e-01 1.002e+00 1.013e+00 1.026e+00
 1.040e+00 1.056e+00 1.073e+00 1.092e+00 1.112e+00 1.135e+00 1.159e+00 1.185e+00
 1.213e+00 1.242e+00 1.274e+00 1.306e+00 1.339e+00 1.374e+00 1.409e+00 1.444e+00
 1.480e+00 1.516e+00 1.552e+00 1.587e+00 1.623e+00 1.658e+00 1.694e+00 1.730e+00
 1.766e+00 1.802e+00 1.838e+00 1.875e+00 1.913e+00 1.951e+00 1.990e+00 2.030e+00
 2.070e+00 2.111e+00 2.152e+00 2.193e+00 2.234e+00 2.275e+00 2.316e+00 2.356e+00
 2.396e+00 2.435e+00 2.474e+00 2.511e+00 2.549e+00 2.585e+00 2.622e+00 2.657e+00
 2.693e+00 2.728e+00 2.763e+00 2.798e+00 2.833e+00 2.868e+00 2.904e+00 2.940e+00
 2.976e+00 3.013e+00 3.050e+00 3.088e+00 3.126e+00 3.165e+00 3.203e+00 3.243e+00
 3.282e+00 3.322e+00 3.362e+00 3.401e+00 3.441e+00 3.481e+00 3.521e+00 3.561e+00
 3.600e+00 3.639e+00 3.678e+00 3.717e+00 3.755e+00 3.792e+00 3.829e+00 3.866e+00
 3.902e+00 3.937e+00 3.971e+00 4.005e+00 4.038e+00 4.070e+00 4.101e+00 4.131e+00
 4.161e+00 4.189e+00 4.217e+00 4.244e+00 4.270e+00 4.294e+00 4.318e+00 4.341e+00
 4.364e+00 4.385e+00 4.405e+00 4.425e+00 4.444e+00 4.462e+00 4.479e+00 4.496e+00
 4.512e+00 4.527e+00 4.541e+00 4.555e+00 4.568e+00 4.581e+00 4.593e+00 4.605e+00
 4.616e+00 4.627e+00 4.637e+00 4.646e+00 4.656e+00 4.665e+00 4.673e+00 4.681e+00
 4.689e+00 4.696e+00 4.704e+00 4.711e+00 4.717e+00 4.723e+00 4.730e+00 4.736e+00
 4.741e+00 4.747e+00 4.752e+00 4.757e+00 4.762e+00 4.767e+00 4.772e+00 4.777e+00
 4.781e+00 4.786e+00 4.790e+00 4.795e+00 4.799e+00 4.803e+00 4.808e+00 4.812e+00
 4.817e+00 4.821e+00 4.826e+00 4.830e+00 4.835e+00 4.840e+00 4.845e+00 4.850e+00
 4.855e+00 4.860e+00 4.866e+00 4.872e+00 4.878e+00 4.884e+00 4.890e+00 4.897e+00
 4.903e+00 4.910e+00 4.918e+00 4.925e+00 4.933e+00 4.941e+00 4.949e+00 4.958e+00
 4.967e+00 4.976e+00 4.985e+00 4.995e+00 5.005e+00 5.015e+00 5.025e+00 5.036e+00
 5.046e+00 5.057e+00 5.068e+00 5.080e+00 5.091e+00 5.103e+00 5.115e+00 5.127e+00
 5.139e+00 5.151e+00 5.164e+00 5.176e+00 5.189e+00 5.201e+00 5.214e+00 5.227e+00
 5.239e+00 5.252e+00 5.265e+00 5.277e+00 5.290e+00 5.303e+00 5.315e+00 5.328e+00
 5.340e+00 5.352e+00 5.365e+00 5.377e+00 5.389e+00 5.401e+00 5.413e+00 5.425e+00
 5.436e+00 5.448e+00 5.459e+00 5.470e+00 5.481e+00 5.492e+00 5.503e+00 5.514e+00
 5.524e+00 5.534e+00 5.544e+00 5.554e+00 5.564e+00 5.573e+00 5.582e+00 5.592e+00
 5.601e+00 5.609e+00 5.618e+00 5.626e+00 5.635e+00 5.643e+00 5.651e+00 5.658e+00
 5.666e+00 5.673e+00 5.681e+00 5.688e+00 5.695e+00 5.701e+00 5.708e+00 5.714e+00
 5.721e+00 5.727e+00 5.732e+00 5.738e+00 5.744e+00 5.749e+00 5.754e+00 5.759e+00
 5.764e+00 5.769e+00 5.773e+00 5.777e+00 5.782e+00 5.786e+00 5.789e+00 5.793e+00
 5.797e+00 5.800e+00 5.804e+00 5.807e+00 5.810e+00 5.813e+00 5.817e+00 5.819e+00
 5.822e+00 5.825e+00 5.828e+00 5.830e+00 5.833e+00 5.835e+00 5.838e+00 5.840e+00
 5.842e+00 5.844e+00 5.846e+00 5.849e+00 5.851e+00 5.852e+00 5.854e+00 5.856e+00
 5.858e+00 5.860e+00 5.861e+00 5.863e+00 5.864e+00 5.866e+00 5.867e+00 5.869e+00
 5.870e+00 5.871e+00 5.872e+00 5.873e+00 5.874e+00 5.875e+00 5.876e+00 5.877e+00
 5.878e+00 5.879e+00 5.880e+00 5.880e+00 5.881e+00 5.881e+00 5.882e+00 5.882e+00
 5.883e+00 5.883e+00 5.883e+00 5.884e+00 5.884e+00 5.884e+00 5.884e+00 5.884e+00
 5.884e+00 5.884e+00 5.884e+00 5.884e+00 5.883e+00 5.883e+00 5.883e+00 5.883e+00
 5.882e+00 5.882e+00 5.881e+00 5.881e+00 5.880e+00 5.880e+00 5.879e+00 5.879e+00
 5.878e+00 5.878e+00 5.877e+00 5.877e+00 5.876e+00 5.875e+00 5.875e+00 5.874e+00
 5.873e+00 5.873e+00 5.872e+00 5.871e+00 5.871e+00 5.870e+00 5.869e+00 5.869e+00
 5.868e+00 5.867e+00 5.867e+00 5.866e+00 5.865e+00 5.864e+00 5.864e+00 5.863e+00
 5.862e+00 5.862e+00 5.861e+00 5.860e+00 5.859e+00 5.859e+00 5.858e+00 5.857e+00
 5.856e+00 5.856e+00 5.855e+00 5.854e+00 5.853e+00 5.853e+00 5.852e+00 5.851e+00
 5.850e+00 5.850e+00 5.849e+00 5.848e+00 5.847e+00 5.846e+00 5.846e+00 5.845e+00
 5.844e+00 5.843e+00 5.842e+00 5.842e+00 5.841e+00 5.840e+00 5.839e+00 5.838e+00
 5.838e+00 5.837e+00 5.836e+00 5.835e+00 5.834e+00 5.833e+00 5.833e+00 5.832e+00
 5.831e+00 5.830e+00 5.829e+00 5.828e+00 5.828e+00 5.827e+00 5.826e+00 5.825e+00
 5.824e+00 5.823e+00 5.822e+00 5.821e+00 5.821e+00 5.820e+00 5.819e+00 5.818e+00
 5.817e+00 5.816e+00 5.815e+00 5.814e+00 5.813e+00 5.813e+00 5.812e+00 5.811e+00
 5.810e+00 5.809e+00 5.808e+00 5.807e+00 5.806e+00 5.805e+00 5.804e+00 5.803e+00
 5.802e+00 5.801e+00 5.801e+00 5.800e+00 5.799e+00 5.798e+00 5.797e+00 5.796e+00
 5.795e+00 5.794e+00 5.793e+00 5.792e+00 5.791e+00 5.790e+00 5.789e+00 5.788e+00
 5.787e+00 5.786e+00 5.785e+00 5.784e+00 5.783e+00 5.782e+00 5.781e+00 5.780e+00
 5.779e+00 5.778e+00 5.777e+00 5.776e+00 5.775e+00 5.774e+00 5.773e+00 5.772e+00
 5.771e+00 5.770e+00 5.769e+00 5.768e+00 5.766e+00 5.765e+00 5.764e+00 5.763e+00
 5.762e+00 5.761e+00 5.760e+00 5.759e+00 5.758e+00 5.757e+00 5.756e+00 5.755e+00
 5.753e+00 5.752e+00 5.751e+00 5.750e+00 5.749e+00 5.748e+00 5.747e+00 5.746e+00
 5.745e+00 5.743e+00 5.742e+00 5.741e+00 5.740e+00 5.739e+00 5.738e+00 5.737e+00
<Z> for tau[ms]=    1.0
 3.015e-19 1.084e-18 3.815e-18 1.312e-17 4.405e-17 1.439e-16 4.569e-16 1.407e-15
 4.190e-15 1.208e-14 3.370e-14 9.116e-14 2.393e-13 6.105e-13 1.515e-12 3.660e-12
 8.622e-12 1.982e-11 4.454e-11 9.788e-11 2.107e-10 4.446e-10 9.210e-10 1.875e-09
 3.755e-09 7.407e-09 1.441e-08 2.766e-08 5.249e-08 9.855e-08 1.832e-07 3.370e-07
 6.134e-07 1.104e-06 1.966e-06 3.461e-06 6.022e-06 1.035e-05 1.758e-05 2.949e-05
 4.882e-05 7.980e-05 1.287e-04 2.048e-04 3.215e-04 4.981e-04 7.619e-04 1.151e-03
 1.718e-03 2.535e-03 3.696e-03 5.331e-03 7.603e-03 1.073e-02 1.498e-02 2.068e-02
 2.826e-02 3.818e-02 5.102e-02 6.738e-02 8.788e-02 1.131e-01 1.435e-01 1.794e-01
 2.207e-01 2.670e-01 3.177e-01 3.715e-01 4.272e-01 4.833e-01 5.382e-01 5.909e-01
 6.402e-01 6.856e-01 7.266e-01 7.631e-01 7.953e-01 8.234e-01 8.478e-01 8.688e-01
 8.869e-01 9.024e-01 9.156e-01 9.270e-01 9.368e-01 9.453e-01 9.526e-01 9.591e-01
 9.648e-01 9.700e-01 9.748e-01 9.795e-01 9.840e-01 9.887e-01 9.937e-01 9.992e-01
 1.005e+00 1.013e+00 1.021e+00 1.031e+00 1.043e+00 1.057e+00 1.073e+00 1.092e+00
 1.114e+00 1.140e+00 1.169e+00 1.201e+00 1.237e+00 1.275e+00 1.317e+00 1.360e+00
 1.404e+00 1.450e+00 1.495e+00 1.540e+00 1.583e+00 1.625e+00 1.666e+00 1.704e+00
 1.741e+00 1.776e+00 1.811e+00 1.844e+00 1.877e+00 1.910e+00 1.944e+00 1.980e+00
 2.016e+00 2.055e+00 2.096e+00 2.139e+00 2.184e+00 2.232e+00 2.280e+00 2.330e+00
 2.380e+00 2.429e+00 2.478e+00 2.526e+00 2.572e+00 2.617e+00 2.659e+00 2.700e+00
 2.739e+00 2.777e+00 2.814e+00 2.851e+00 2.887e+00 2.923e+00 2.960e+00 2.998e+00
 3.037e+00 3.078e+00 3.121e+00 3.165e+00 3.212e+00 3.260e+00 3.310e+00 3.362e+00
 3.414e+00 3.469e+00 3.523e+00 3.579e+00 3.635e+00 3.692e+00 3.749e+00 3.805e+00
 3.862e+00 3.917e+00 3.973e+00 4.027e+00 4.081e+00 4.133e+00 4.184e+00 4.233e+00
 4.280e+00 4.325e+00 4.369e+00 4.410e+00 4.449e+00 4.486e+00 4.520e+00 4.553e+00
 4.583e+00 4.611e+00 4.638e+00 4.662e+00 4.685e+00 4.706e+00 4.725e+00 4.743e+00
 4.760e+00 4.776e+00 4.790e+00 4.803e+00 4.815e+00 4.826e+00 4.837e+00 4.846e+00
 4.855e+00 4.863e+00 4.871e+00 4.878e+00 4.885e+00 4.891e+00 4.896e+00 4.902e+00
 4.907e+00 4.911e+00 4.915e+00 4.919e+00 4.923e+00 4.926e+00 4.930e+00 4.933e+00
 4.935e+00 4.938e+00 4.941e+00 4.943e+00 4.945e+00 4.947e+00 4.949e+00 4.951e+00
 4.953e+00 4.955e+00 4.956e+00 4.958e+00 4.960e+00 4.961e+00 4.963e+00 4.964e+00
 4.966e+00 4.968e+00 4.969e+00 4.971e+00 4.973e+00 4.975e+00 4.978e+00 4.980e+00
 4.983e+00 4.986e+00 4.990e+00 4.993e+00 4.998e+00 5.002e+00 5.008e+00 5.013e+00
 5.020e+00 5.027e+00 5.035e+00 5.044e+00 5.053e+00 5.063e+00 5.075e+00 5.087e+00
 5.100e+00 5.114e+00 5.129e+00 5.146e+00 5.163e+00 5.181e+00 5.201e+00 5.221e+00
 5.243e+00 5.265e+00 5.288e+00 5.313e+00 5.338e+00 5.364e+00 5.390e+00 5.418e+00
 5.446e+00 5.474e+00 5.504e+00 5.533e+00 5.563e+00 5.594e+00 5.624e+00 5.655e+00
 5.686e+00 5.717e+00 5.748e+00 5.779e+00 5.809e+00 5.840e+00 5.870e+00 5.900e+00
 5.929e+00 5.958e+00 5.986e+00 6.014e+00 6.042e+00 6.069e+00 6.095e+00 6.120e+00
 6.145e+00 6.169e+00 6.193e+00 6.216e+00 6.238e+00 6.260e+00 6.280e+00 6.300e+00
 6.320e+00 6.339e+00 6.357e+00 6.374e+00 6.391e+00 6.407e+00 6.423e+00 6.438e+00
 6.452e+00 6.466e+00 6.479e+00 6.492e+00 6.505e+00 6.516e+00 6.528e+00 6.539e+00
 6.550e+00 6.560e+00 6.569e+00 6.579e+00 6.588e+00 6.596e+00 6.605e+00 6.613e+00
 6.620e+00 6.628e+00 6.635e+00 6.642e+00 6.648e+00 6.655e+00 6.661e+00 6.666e+00
 6.672e+00 6.677e+00 6.683e+00 6.688e+00 6.692e+00 6.697e+00 6.701e+00 6.706e+00
 6.710e+00 6.714e+00 6.718e+00 6.721e+00 6.725e+00 6.728e+00 6.732e+00 6.735e+00
 6.738e+00 6.741e+00 6.743e+00 6.746e+00 6.749e+00 6.751e+00 6.754e+00 6.756e+00
 6.758e+00 6.760e+00 6.762e+00 6.764e+00 6.766e+00 6.768e+00 6.770e+00 6.771e+00
 6.773e+00 6.775e+00 6.776e+00 6.778e+00 6.779e+00 6.780e+00 6.782e+00 6.783e+00
 6.784e+00 6.786e+00 6.787e+00 6.788e+00 6.789e+00 6.790e+00 6.791e+00 6.792e+00
 6.793e+00 6.794e+00 6.795e+00 6.796e+00 6.797e+00 6.797e+00 6.798e+00 6.799e+00
 6.800e+00 6.801e+00 6.801e+00 6.802e+00 6.803e+00 6.803e+00 6.804e+00 6.804e+00
 6.805e+00 6.806e+00 6.806e+00 6.807e+00 6.807e+00 6.808e+00 6.808e+00 6.809e+00
 6.809e+00 6.809e+00 6.810e+00 6.810e+00 6.811e+00 6.811e+00 6.811e+00 6.812e+00
 6.812e+00 6.812e+00 6.812e+00 6.813e+00 6.813e+00 6.813e+00 6.813e+00 6.813e+00
 6.814e+00 6.814e+00 6.814e+00 6.814e+00 6.814e+00 6.814e+00 6.814e+00 6.814e+00
 6.814e+00 6.814e+00 6.815e+00 6.815e+00 6.815e+00 6.815e+00 6.815e+00 6.815e+00
 6.815e+00 6.815e+00 6.815e+00 6.815e+00 6.815e+00 6.815e+00 6.815e+00 6.815e+00
 6.815e+00 6.814e+00 6.814e+00 6.814e+00 6.814e+00 6.814e+00 6.814e+00 6.814e+00
 6.814e+00 6.814e+00 6.814e+00 6.814e+00 6.814e+00 6.814e+00 6.814e+00 6.814e+00
 6.814e+00 6.814e+00 6.814e+00 6.814e+00 6.813e+00 6.813e+00 6.813e+00 6.813e+00
 6.813e+00 6.813e+00 6.813e+00 6.813e+00 6.813e+00 6.813e+00 6.813e+00 6.813e+00
 6.813e+00 6.813e+00 6.813e+00 6.812e+00 6.812e+00 6.812e+00 6.812e+00 6.812e+00
 6.812e+00 6.812e+00 6.812e+00 6.812e+00 6.812e+00 6.812e+00 6.812e+00 6.811e+00
 6.811e+00 6.811e+00 6.811e+00 6.811e+00 6.811e+00 6.811e+00 6.811e+00 6.811e+00
 6.811e+00 6.810e+00 6.810e+00 6.810e+00 6.810e+00 6.810e+00 6.810e+00 6.810e+00
 6.810e+00 6.810e+00 6.810e+00 6.809e+00 6.809e+00 6.809e+00 6.809e+00 6.809e+00
 6.809e+00 6.809e+00 6.809e+00 6.808e+00 6.808e+00 6.808e+00 6.808e+00 6.808e+00
 6.808e+00 6.808e+00 6.808e+00 6.807e+00 6.807e+00 6.807e+00 6.807e+00 6.807e+00
 6.807e+00 6.807e+00 6.807e+00 6.806e+00 6.806e+00 6.806e+00 6.806e+00 6.806e+00
 6.806e+00 6.806e+00 6.805e+00 6.805e+00 6.805e+00 6.805e+00 6.805e+00 6.805e+00
 6.805e+00 6.804e+00 6.804e+00 6.804e+00 6.804e+00 6.804e+00 6.804e+00 6.803e+00
 6.803e+00 6.803e+00 6.803e+00 6.803e+00 6.803e+00 6.802e+00 6.802e+00 6.802e+00
 6.802e+00 6.802e+00 6.802e+00 6.801e+00 6.801e+00 6.801e+00 6.801e+00 6.801e+00
 6.801e+00 6.800e+00 6.800e+00 6.800e+00 6.800e+00 6.800e+00 6.799e+00 6.799e+00
 6.799e+00 6.799e+00 6.799e+00 6.799e+00 6.798e+00 6.798e+00 6.798e+00 6.798e+00
 6.798e+00 6.797e+00 6.797e+00 6.797e+00 6.797e+00 6.797e+00 6.796e+00 6.796e+00
<Z> for tau[ms]=   10.0
 3.396e-19 1.232e-18 4.380e-18 1.523e-17 5.170e-17 1.709e-16 5.495e-16 1.714e-15
 5.177e-15 1.514e-14 4.288e-14 1.179e-13 3.146e-13 8.163e-13 2.062e-12 5.076e-12
 1.219e-11 2.859e-11 6.558e-11 1.473e-10 3.241e-10 6.997e-10 1.484e-09 3.096e-09
 6.357e-09 1.287e-08 2.570e-08 5.070e-08 9.892e-08 1.911e-07 3.657e-07 6.931e-07
 1.301e-06 2.415e-06 4.437e-06 8.063e-06 1.449e-05 2.572e-05 4.513e-05 7.822e-05
 1.338e-04 2.260e-04 3.767e-04 6.192e-04 1.004e-03 1.606e-03 2.535e-03 3.949e-03
 6.072e-03 9.217e-03 1.381e-02 2.042e-02 2.977e-02 4.280e-02 6.057e-02 8.432e-02
 1.152e-01 1.544e-01 2.024e-01 2.591e-01 3.233e-01 3.930e-01 4.654e-01 5.373e-01
 6.058e-01 6.688e-01 7.248e-01 7.732e-01 8.142e-01 8.484e-01 8.765e-01 8.995e-01
 9.180e-01 9.331e-01 9.452e-01 9.550e-01 9.629e-01 9.694e-01 9.746e-01 9.789e-01
 9.825e-01 9.855e-01 9.881e-01 9.903e-01 9.924e-01 9.945e-01 9.966e-01 9.988e-01
 1.001e+00 1.005e+00 1.008e+00 1.013e+00 1.019e+00 1.027e+00 1.037e+00 1.050e+00
 1.065e+00 1.084e+00 1.107e+00 1.135e+00 1.167e+00 1.205e+00 1.247e+00 1.293e+00
 1.343e+00 1.395e+00 1.449e+00 1.503e+00 1.555e+00 1.606e+00 1.654e+00 1.698e+00
 1.738e+00 1.775e+00 1.809e+00 1.839e+00 1.867e+00 1.894e+00 1.919e+00 1.944e+00
 1.969e+00 1.995e+00 2.023e+00 2.053e+00 2.087e+00 2.124e+00 2.165e+00 2.210e+00
 2.258e+00 2.309e+00 2.363e+00 2.417e+00 2.472e+00 2.526e+00 2.578e+00 2.629e+00
 2.676e+00 2.720e+00 2.762e+00 2.801e+00 2.838e+00 2.874e+00 2.909e+00 2.944e+00
 2.979e+00 3.016e+00 3.054e+00 3.096e+00 3.140e+00 3.188e+00 3.239e+00 3.295e+00
 3.353e+00 3.416e+00 3.481e+00 3.549e+00 3.620e+00 3.692e+00 3.765e+00 3.839e+00
 3.914e+00 3.988e+00 4.062e+00 4.134e+00 4.204e+00 4.271e+00 4.335e+00 4.396e+00
 4.453e+00 4.506e+00 4.555e+00 4.600e+00 4.641e+00 4.678e+00 4.711e+00 4.741e+00
 4.768e+00 4.792e+00 4.814e+00 4.833e+00 4.850e+00 4.865e+00 4.879e+00 4.891e+00
 4.901e+00 4.911e+00 4.919e+00 4.927e+00 4.933e+00 4.939e+00 4.945e+00 4.949e+00
 4.954e+00 4.957e+00 4.961e+00 4.964e+00 4.967e+00 4.969e+00 4.972e+00 4.974e+00
 4.976e+00 4.977e+00 4.979e+00 4.980e+00 4.982e+00 4.983e+00 4.984e+00 4.985e+00
 4.986e+00 4.987e+00 4.987e+00 4.988e+00 4.989e+00 4.989e+00 4.990e+00 4.990e+00
 4.991e+00 4.991e+00 4.992e+00 4.992e+00 4.993e+00 4.994e+00 4.994e+00 4.995e+00
 4.996e+00 4.997e+00 4.998e+00 4.999e+00 5.001e+00 5.002e+00 5.005e+00 5.007e+00
 5.010e+00 5.014e+00 5.018e+00 5.023e+00 5.029e+00 5.036e+00 5.044e+00 5.053e+00
 5.064e+00 5.076e+00 5.090e+00 5.105e+00 5.122e+00 5.141e+00 5.162e+00 5.184e+00
 5.209e+00 5.235e+00 5.264e+00 5.294e+00 5.327e+00 5.361e+00 5.397e+00 5.434e+00
 5.473e+00 5.514e+00 5.556e+00 5.599e+00 5.644e+00 5.689e+00 5.736e+00 5.783e+00
 5.831e+00 5.879e+00 5.927e+00 5.975e+00 6.023e+00 6.070e+00 6.117e+00 6.162e+00
 6.207e+00 6.250e+00 6.291e+00 6.331e+00 6.370e+00 6.406e+00 6.441e+00 6.474e+00
 6.506e+00 6.535e+00 6.563e+00 6.589e+00 6.614e+00 6.637e+00 6.658e+00 6.678e+00
 6.697e+00 6.715e+00 6.731e+00 6.746e+00 6.760e+00 6.774e+00 6.786e+00 6.797e+00
 6.808e+00 6.818e+00 6.828e+00 6.836e+00 6.844e+00 6.852e+00 6.859e+00 6.866e+00
 6.872e+00 6.878e+00 6.883e+00 6.888e+00 6.893e+00 6.897e+00 6.902e+00 6.905e+00
 6.909e+00 6.913e+00 6.916e+00 6.919e+00 6.922e+00 6.925e+00 6.927e+00 6.930e+00
 6.932e+00 6.934e+00 6.936e+00 6.938e+00 6.940e+00 6.942e+00 6.944e+00 6.945e+00
 6.947e+00 6.948e+00 6.950e+00 6.951e+00 6.952e+00 6.953e+00 6.954e+00 6.955e+00
 6.956e+00 6.957e+00 6.958e+00 6.959e+00 6.960e+00 6.961e+00 6.962e+00 6.962e+00
 6.963e+00 6.964e+00 6.964e+00 6.965e+00 6.966e+00 6.966e+00 6.967e+00 6.967e+00
 6.968e+00 6.968e+00 6.969e+00 6.969e+00 6.970e+00 6.970e+00 6.970e+00 6.971e+00
 6.971e+00 6.971e+00 6.972e+00 6.972e+00 6.972e+00 6.973e+00 6.973e+00 6.973e+00
 6.973e+00 6.974e+00 6.974e+00 6.974e+00 6.974e+00 6.975e+00 6.975e+00 6.975e+00
 6.975e+00 6.975e+00 6.976e+00 6.976e+00 6.976e+00 6.976e+00 6.976e+00 6.976e+00
 6.977e+00 6.977e+00 6.977e+00 6.977e+00 6.977e+00 6.977e+00 6.977e+00 6.977e+00
 6.978e+00 6.978e+00 6.978e+00 6.978e+00 6.978e+00 6.978e+00 6.978e+00 6.978e+00
 6.978e+00 6.978e+00 6.978e+00 6.979e+00 6.979e+00 6.979e+00 6.979e+00 6.979e+00
 6.979e+00 6.979e+00 6.979e+00 6.979e+00 6.979e+00 6.979e+00 6.979e+00 6.979e+00
 6.979e+00 6.979e+00 6.979e+00 6.979e+00 6.980e+00 6.980e+00 6.980e+00 6.980e+00
 6.980e+00 6.980e+00 6.980e+00 6.980e+00 6.980e+00 6.980e+00 6.980e+00 6.980e+00
 6.980e+00 6.980e+00 6.980e+00 6.980e+00 6.980e+00 6.980e+00 6.980e+00 6.980e+00
 6.980e+00 6.980e+00 6.980e+00 6.980e+00 6.980e+00 6.980e+00 6.980e+00 6.980e+00
 6.980e+00 6.980e+00 6.980e+00 6.980e+00 6.980e+00 6.980e+00 6.980e+00 6.980e+00
 6.980e+00 6.980e+00 6.980e+00 6.980e+00 6.980e+00 6.980e+00 6.980e+00 6.980e+00
 6.980e+00 6.980e+00 6.980e+00 6.980e+00 6.980e+00 6.980e+00 6.980e+00 6.980e+00
 6.980e+00 6.980e+00 6.980e+00 6.980e+00 6.980e+00 6.980e+00 6.980e+00 6.980e+00
 6.980e+00 6.980e+00 6.980e+00 6.980e+00 6.980e+00 6.980e+00 6.980e+00 6.980e+00
 6.980e+00 6.980e+00 6.980e+00 6.980e+00 6.980e+00 6.980e+00 6.980e+00 6.980e+00
 6.980e+00 6.980e+00 6.980e+00 6.980e+00 6.980e+00 6.980e+00 6.980e+00 6.980e+00
 6.980e+00 6.980e+00 6.980e+00 6.980e+00 6.980e+00 6.980e+00 6.980e+00 6.980e+00
 6.980e+00 6.980e+00 6.980e+00 6.980e+00 6.980e+00 6.980e+00 6.980e+00 6.980e+00
 6.980e+00 6.980e+00 6.980e+00 6.980e+00 6.980e+00 6.980e+00 6.980e+00 6.979e+00
 6.979e+00 6.979e+00 6.979e+00 6.979e+00 6.979e+00 6.979e+00 6.979e+00 6.979e+00
 6.979e+00 6.979e+00 6.979e+00 6.979e+00 6.979e+00 6.979e+00 6.979e+00 6.979e+00
 6.979e+00 6.979e+00 6.979e+00 6.979e+00 6.979e+00 6.979e+00 6.979e+00 6.979e+00
 6.979e+00 6.979e+00 6.979e+00 6.979e+00 6.979e+00 6.979e+00 6.979e+00 6.979e+00
 6.979e+00 6.979e+00 6.979e+00 6.979e+00 6.979e+00 6.979e+00 6.979e+00 6.979e+00
 6.979e+00 6.979e+00 6.979e+00 6.979e+00 6.979e+00 6.979e+00 6.979e+00 6.979e+00
 6.979e+00 6.979e+00 6.979e+00 6.979e+00 6.979e+00 6.979e+00 6.979e+00 6.979e+00
 6.979e+00 6.979e+00 6.979e+00 6.979e+00 6.978e+00 6.978e+00 6.978e+00 6.978e+00
 6.978e+00 6.978e+00 6.978e+00 6.978e+00 6.978e+00 6.978e+00 6.978e+00 6.978e+00
<Z> for tau[ms]=  100.0
 3.439e-19 1.249e-18 4.446e-18 1.548e-17 5.261e-17 1.742e-16 5.608e-16 1.752e-15
 5.302e-15 1.553e-14 4.409e-14 1.214e-13 3.248e-13 8.448e-13 2.139e-12 5.280e-12
 1.272e-11 2.992e-11 6.884e-11 1.551e-10 3.425e-10 7.423e-10 1.581e-09 3.311e-09
 6.830e-09 1.389e-08 2.788e-08 5.530e-08 1.085e-07 2.109e-07 4.062e-07 7.750e-07
 1.465e-06 2.740e-06 5.075e-06 9.300e-06 1.686e-05 3.021e-05 5.352e-05 9.370e-05
 1.621e-04 2.768e-04 4.666e-04 7.763e-04 1.275e-03 2.065e-03 3.303e-03 5.217e-03
 8.133e-03 1.252e-02 1.901e-02 2.848e-02 4.203e-02 6.104e-02 8.709e-02 1.218e-01
 1.665e-01 2.220e-01 2.878e-01 3.621e-01 4.416e-01 5.223e-01 6.000e-01 6.712e-01
 7.340e-01 7.872e-01 8.313e-01 8.669e-01 8.953e-01 9.178e-01 9.353e-01 9.490e-01
 9.597e-01 9.680e-01 9.745e-01 9.796e-01 9.837e-01 9.869e-01 9.894e-01 9.915e-01
 9.932e-01 9.947e-01 9.961e-01 9.973e-01 9.987e-01 1.000e+00 1.002e+00 1.004e+00
 1.007e+00 1.010e+00 1.015e+00 1.021e+00 1.028e+00 1.038e+00 1.051e+00 1.067e+00
 1.087e+00 1.111e+00 1.141e+00 1.176e+00 1.216e+00 1.261e+00 1.311e+00 1.365e+00
 1.421e+00 1.477e+00 1.533e+00 1.588e+00 1.639e+00 1.686e+00 1.730e+00 1.769e+00
 1.804e+00 1.835e+00 1.863e+00 1.889e+00 1.912e+00 1.935e+00 1.957e+00 1.979e+00
 2.003e+00 2.028e+00 2.056e+00 2.087e+00 2.123e+00 2.162e+00 2.205e+00 2.253e+00
 2.304e+00 2.358e+00 2.413e+00 2.469e+00 2.524e+00 2.578e+00 2.629e+00 2.678e+00
 2.723e+00 2.766e+00 2.805e+00 2.842e+00 2.878e+00 2.912e+00 2.947e+00 2.981e+00
 3.018e+00 3.056e+00 3.097e+00 3.142e+00 3.190e+00 3.242e+00 3.299e+00 3.361e+00
 3.426e+00 3.495e+00 3.567e+00 3.643e+00 3.721e+00 3.800e+00 3.880e+00 3.961e+00
 4.042e+00 4.121e+00 4.198e+00 4.272e+00 4.343e+00 4.410e+00 4.473e+00 4.530e+00
 4.583e+00 4.630e+00 4.673e+00 4.712e+00 4.746e+00 4.776e+00 4.803e+00 4.826e+00
 4.847e+00 4.865e+00 4.881e+00 4.895e+00 4.907e+00 4.917e+00 4.927e+00 4.935e+00
 4.942e+00 4.948e+00 4.954e+00 4.959e+00 4.963e+00 4.967e+00 4.970e+00 4.973e+00
 4.976e+00 4.978e+00 4.980e+00 4.982e+00 4.984e+00 4.985e+00 4.986e+00 4.988e+00
 4.989e+00 4.990e+00 4.990e+00 4.991e+00 4.992e+00 4.992e+00 4.993e+00 4.994e+00
 4.994e+00 4.994e+00 4.995e+00 4.995e+00 4.996e+00 4.996e+00 4.996e+00 4.996e+00
 4.997e+00 4.997e+00 4.997e+00 4.998e+00 4.998e+00 4.999e+00 5.000e+00 5.000e+00
 5.002e+00 5.003e+00 5.004e+00 5.006e+00 5.009e+00 5.012e+00 5.015e+00 5.019e+00
 5.024e+00 5.031e+00 5.038e+00 5.046e+00 5.057e+00 5.068e+00 5.082e+00 5.097e+00
 5.114e+00 5.134e+00 5.156e+00 5.180e+00 5.206e+00 5.235e+00 5.266e+00 5.299e+00
 5.334e+00 5.372e+00 5.411e+00 5.453e+00 5.496e+00 5.541e+00 5.588e+00 5.637e+00
 5.687e+00 5.738e+00 5.791e+00 5.845e+00 5.899e+00 5.954e+00 6.010e+00 6.065e+00
 6.120e+00 6.174e+00 6.227e+00 6.278e+00 6.328e+00 6.376e+00 6.422e+00 6.465e+00
 6.506e+00 6.544e+00 6.580e+00 6.613e+00 6.644e+00 6.673e+00 6.699e+00 6.724e+00
 6.746e+00 6.766e+00 6.785e+00 6.802e+00 6.818e+00 6.832e+00 6.845e+00 6.857e+00
 6.868e+00 6.878e+00 6.887e+00 6.895e+00 6.903e+00 6.910e+00 6.916e+00 6.922e+00
 6.927e+00 6.932e+00 6.937e+00 6.941e+00 6.944e+00 6.948e+00 6.951e+00 6.954e+00
 6.957e+00 6.959e+00 6.962e+00 6.964e+00 6.966e+00 6.968e+00 6.970e+00 6.971e+00
 6.973e+00 6.974e+00 6.975e+00 6.977e+00 6.978e+00 6.979e+00 6.980e+00 6.981e+00
 6.982e+00 6.983e+00 6.983e+00 6.984e+00 6.985e+00 6.985e+00 6.986e+00 6.987e+00
 6.987e+00 6.988e+00 6.988e+00 6.988e+00 6.989e+00 6.989e+00 6.990e+00 6.990e+00
 6.990e+00 6.991e+00 6.991e+00 6.991e+00 6.992e+00 6.992e+00 6.992e+00 6.992e+00
 6.993e+00 6.993e+00 6.993e+00 6.993e+00 6.993e+00 6.994e+00 6.994e+00 6.994e+00
 6.994e+00 6.994e+00 6.994e+00 6.994e+00 6.995e+00 6.995e+00 6.995e+00 6.995e+00
 6.995e+00 6.995e+00 6.995e+00 6.995e+00 6.995e+00 6.996e+00 6.996e+00 6.996e+00
 6.996e+00 6.996e+00 6.996e+00 6.996e+00 6.996e+00 6.996e+00 6.996e+00 6.996e+00
 6.996e+00 6.996e+00 6.996e+00 6.997e+00 6.997e+00 6.997e+00 6.997e+00 6.997e+00
 6.997e+00 6.997e+00 6.997e+00 6.997e+00 6.997e+00 6.997e+00 6.997e+00 6.997e+00
 6.997e+00 6.997e+00 6.997e+00 6.997e+00 6.997e+00 6.997e+00 6.997e+00 6.997e+00
 6.997e+00 6.997e+00 6.997e+00 6.997e+00 6.997e+00 6.997e+00 6.997e+00 6.997e+00
 6.997e+00 6.997e+00 6.997e+00 6.997e+00 6.998e+00 6.998e+00 6.998e+00 6.998e+00
 6.998e+00 6.998e+00 6.998e+00 6.998e+00 6.998e+00 6.998e+00 6.998e+00 6.998e+00
 6.998e+00 6.998e+00 6.998e+00 6.998e+00 6.998e+00 6.998e+00 6.998e+00 6.998e+00
 6.998e+00 6.998e+00 6.998e+00 6.998e+00 6.998e+00 6.998e+00 6.998e+00 6.998e+00
 6.998e+00 6.998e+00 6.998e+00 6.998e+00 6.998e+00 6.998e+00 6.998e+00 6.998e+00
 6.998e+00 6.998e+00 6.998e+00 6.998e+00 6.998e+00 6.998e+00 6.998e+00 6.998e+00
 6.998e+00 6.998e+00 6.998e+00 6.998e+00 6.998e+00 6.998e+00 6.998e+00 6.998e+00
 6.998e+00 6.998e+00 6.998e+00 6.998e+00 6.998e+00 6.998e+00 6.998e+00 6.998e+00
 6.998e+00 6.998e+00 6.998e+00 6.998e+00 6.998e+00 6.998e+00 6.998e+00 6.998e+00
 6.998e+00 6.998e+00 6.998e+00 6.998e+00 6.998e+00 6.998e+00 6.998e+00 6.998e+00
 6.998e+00 6.998e+00 6.998e+00 6.998e+00 6.998e+00 6.998e+00 6.998e+00 6.998e+00
 6.998e+00 6.998e+00 6.998e+00 6.998e+00 6.998e+00 6.998e+00 6.998e+00 6.998e+00
 6.998e+00 6.998e+00 6.998e+00 6.998e+00 6.998e+00 6.998e+00 6.998e+00 6.998e+00
 6.998e+00 6.998e+00 6.998e+00 6.998e+00 6.998e+00 6.998e+00 6.998e+00 6.998e+00
 6.998e+00 6.998e+00 6.998e+00 6.998e+00 6.998e+00 6.998e+00 6.998e+00 6.998e+00
 6.998e+00 6.998e+00 6.998e+00 6.998e+00 6.998e+00 6.998e+00 6.998e+00 6.998e+00
 6.998e+00 6.998e+00 6.998e+00 6.998e+00 6.998e+00 6.998e+00 6.998e+00 6.998e+00
 6.998e+00 6.998e+00 6.998e+00 6.998e+00 6.998e+00 6.998e+00 6.998e+00 6.998e+00
 6.998e+00 6.998e+00 6.998e+00 6.998e+00 6.998e+00 6.998e+00 6.998e+00 6.998e+00
 6.998e+00 6.998e+00 6.998e+00 6.998e+00 6.998e+00 6.998e+00 6.998e+00 6.998e+00
 6.998e+00 6.998e+00 6.998e+00 6.998e+00 6.998e+00 6.998e+00 6.998e+00 6.998e+00
 6.998e+00 6.998e+00 6.998e+00 6.998e+00 6.998e+00 6.998e+00 6.998e+00 6.998e+00
 6.998e+00 6.998e+00 6.998e+00 6.998e+00 6.998e+00 6.998e+00 6.998e+00 6.998e+00
 6.998e+00 6.998e+00 6.998e+00 6.998e+00 6.998e+00 6.998e+00 6.998e+00 6.998e+00
<Z> for tau[ms]= 1000.0
 3.444e-19 1.251e-18 4.453e-18 1.550e-17 5.270e-17 1.745e-16 5.620e-16 1.756e-15
 5.315e-15 1.557e-14 4.421e-14 1.218e-13 3.258e-13 8.478e-13 2.147e-12 5.301e-12
 1.277e-11 3.006e-11 6.918e-11 1.559e-10 3.445e-10 7.469e-10 1.591e-09 3.334e-09
 6.881e-09 1.400e-08 2.812e-08 5.581e-08 1.096e-07 2.131e-07 4.107e-07 7.843e-07
 1.483e-06 2.778e-06 5.149e-06 9.445e-06 1.714e-05 3.075e-05 5.454e-05 9.559e-05
 1.655e-04 2.831e-04 4.780e-04 7.965e-04 1.310e-03 2.126e-03 3.407e-03 5.390e-03
 8.419e-03 1.298e-02 1.976e-02 2.965e-02 4.383e-02 6.376e-02 9.108e-02 1.275e-01
 1.743e-01 2.321e-01 3.005e-01 3.771e-01 4.584e-01 5.401e-01 6.178e-01 6.884e-01
 7.498e-01 8.014e-01 8.437e-01 8.776e-01 9.044e-01 9.253e-01 9.416e-01 9.543e-01
 9.641e-01 9.717e-01 9.776e-01 9.822e-01 9.858e-01 9.887e-01 9.909e-01 9.928e-01
 9.943e-01 9.957e-01 9.969e-01 9.981e-01 9.993e-01 1.001e+00 1.002e+00 1.004e+00
 1.007e+00 1.011e+00 1.015e+00 1.021e+00 1.029e+00 1.040e+00 1.053e+00 1.069e+00
 1.090e+00 1.115e+00 1.145e+00 1.181e+00 1.222e+00 1.269e+00 1.320e+00 1.374e+00
 1.430e+00 1.487e+00 1.544e+00 1.598e+00 1.648e+00 1.695e+00 1.738e+00 1.777e+00
 1.811e+00 1.842e+00 1.869e+00 1.894e+00 1.917e+00 1.939e+00 1.961e+00 1.983e+00
 2.006e+00 2.032e+00 2.060e+00 2.091e+00 2.126e+00 2.166e+00 2.210e+00 2.258e+00
 2.309e+00 2.363e+00 2.418e+00 2.475e+00 2.530e+00 2.584e+00 2.635e+00 2.683e+00
 2.728e+00 2.770e+00 2.810e+00 2.847e+00 2.882e+00 2.916e+00 2.951e+00 2.985e+00
 3.022e+00 3.060e+00 3.102e+00 3.147e+00 3.196e+00 3.249e+00 3.306e+00 3.368e+00
 3.434e+00 3.504e+00 3.578e+00 3.654e+00 3.733e+00 3.813e+00 3.894e+00 3.976e+00
 4.057e+00 4.137e+00 4.214e+00 4.289e+00 4.360e+00 4.427e+00 4.488e+00 4.545e+00
 4.597e+00 4.644e+00 4.686e+00 4.724e+00 4.757e+00 4.787e+00 4.813e+00 4.835e+00
 4.855e+00 4.873e+00 4.888e+00 4.901e+00 4.913e+00 4.923e+00 4.932e+00 4.940e+00
 4.946e+00 4.952e+00 4.958e+00 4.962e+00 4.966e+00 4.970e+00 4.973e+00 4.976e+00
 4.978e+00 4.980e+00 4.982e+00 4.984e+00 4.985e+00 4.987e+00 4.988e+00 4.989e+00
 4.990e+00 4.991e+00 4.992e+00 4.992e+00 4.993e+00 4.993e+00 4.994e+00 4.994e+00
 4.995e+00 4.995e+00 4.996e+00 4.996e+00 4.996e+00 4.997e+00 4.997e+00 4.997e+00
 4.997e+00 4.998e+00 4.998e+00 4.998e+00 4.999e+00 5.000e+00 5.000e+00 5.001e+00
 5.002e+00 5.004e+00 5.005e+00 5.007e+00 5.010e+00 5.013e+00 5.017e+00 5.021e+00
 5.027e+00 5.033e+00 5.041e+00 5.051e+00 5.061e+00 5.074e+00 5.088e+00 5.105e+00
 5.123e+00 5.144e+00 5.167e+00 5.193e+00 5.221e+00 5.251e+00 5.284e+00 5.318e+00
 5.355e+00 5.395e+00 5.436e+00 5.479e+00 5.524e+00 5.570e+00 5.619e+00 5.669e+00
 5.720e+00 5.773e+00 5.828e+00 5.883e+00 5.939e+00 5.995e+00 6.051e+00 6.108e+00
 6.163e+00 6.218e+00 6.271e+00 6.322e+00 6.372e+00 6.419e+00 6.464e+00 6.507e+00
 6.546e+00 6.583e+00 6.618e+00 6.650e+00 6.679e+00 6.707e+00 6.731e+00 6.754e+00
 6.775e+00 6.794e+00 6.811e+00 6.827e+00 6.842e+00 6.855e+00 6.867e+00 6.877e+00
 6.887e+00 6.896e+00 6.904e+00 6.912e+00 6.918e+00 6.925e+00 6.930e+00 6.935e+00
 6.940e+00 6.944e+00 6.948e+00 6.952e+00 6.955e+00 6.958e+00 6.961e+00 6.964e+00
 6.966e+00 6.968e+00 6.970e+00 6.972e+00 6.974e+00 6.975e+00 6.977e+00 6.978e+00
 6.979e+00 6.981e+00 6.982e+00 6.983e+00 6.984e+00 6.984e+00 6.985e+00 6.986e+00
 6.987e+00 6.987e+00 6.988e+00 6.989e+00 6.989e+00 6.990e+00 6.990e+00 6.991e+00
 6.991e+00 6.992e+00 6.992e+00 6.992e+00 6.993e+00 6.993e+00 6.993e+00 6.994e+00
 6.994e+00 6.994e+00 6.994e+00 6.995e+00 6.995e+00 6.995e+00 6.995e+00 6.995e+00
 6.996e+00 6.996e+00 6.996e+00 6.996e+00 6.996e+00 6.996e+00 6.996e+00 6.997e+00
 6.997e+00 6.997e+00 6.997e+00 6.997e+00 6.997e+00 6.997e+00 6.997e+00 6.997e+00
 6.998e+00 6.998e+00 6.998e+00 6.998e+00 6.998e+00 6.998e+00 6.998e+00 6.998e+00
 6.998e+00 6.998e+00 6.998e+00 6.998e+00 6.998e+00 6.998e+00 6.998e+00 6.998e+00
 6.998e+00 6.999e+00 6.999e+00 6.999e+00 6.999e+00 6.999e+00 6.999e+00 6.999e+00
 6.999e+00 6.999e+00 6.999e+00 6.999e+00 6.999e+00 6.999e+00 6.999e+00 6.999e+00
 6.999e+00 6.999e+00 6.999e+00 6.999e+00 6.999e+00 6.999e+00 6.999e+00 6.999e+00
 6.999e+00 6.999e+00 6.999e+00 6.999e+00 6.999e+00 6.999e+00 6.999e+00 6.999e+00
 6.999e+00 6.999e+00 6.999e+00 6.999e+00 6.999e+00 6.999e+00 6.999e+00 6.999e+00
 6.999e+00 6.999e+00 6.999e+00 6.999e+00 6.999e+00 6.999e+00 6.999e+00 6.999e+00
 6.999e+00 6.999e+00 7.000e+00 7.000e+00 7.000e+00 7.000e+00 7.000e+00 7.000e+00
 7.000e+00 7.000e+00 7.000e+00 7.000e+00 7.000e+00 7.000e+00 7.000e+00 7.000e+00
 7.000e+00 7.000e+00 7.000e+00 7.000e+00 7.000e+00 7.000e+00 7.000e+00 7.000e+00
 7.000e+00 7.000e+00 7.000e+00 7.000e+00 7.000e+00 7.000e+00 7.000e+00 7.000e+00
 7.000e+00 7.000e+00 7.000e+00 7.000e+00 7.000e+00 7.000e+00 7.000e+00 7.000e+00
 7.000e+00 7.000e+00 7.000e+00 7.000e+00 7.000e+00 7.000e+00 7.000e+00 7.000e+00
 7.000e+00 7.000e+00 7.000e+00 7.000e+00 7.000e+00 7.000e+00 7.000e+00 7.000e+00
 7.000e+00 7.000e+00 7.000e+00 7.000e+00 7.000e+00 7.000e+00 7.000e+00 7.000e+00
 7.000e+00 7.000e+00 7.000e+00 7.000e+00 7.000e+00 7.000e+00 7.000e+00 7.000e+00
 7.000e+00 7.000e+00 7.000e+00 7.000e+00 7.000e+00 7.000e+00 7.000e+00 7.000e+00
 7.000e+00 7.000e+00 7.000e+00 7.000e+00 7.000e+00 7.000e+00 7.000e+00 7.000e+00
 7.000e+00 7.000e+00 7.000e+00 7.000e+00 7.000e+00 7.000e+00 7.000e+00 7.000e+00
 7.000e+00 7.000e+00 7.000e+00 7.000e+00 7.000e+00 7.000e+00 7.000e+00 7.000e+00
 7.000e+00 7.000e+00 7.000e+00 7.000e+00 7.000e+00 7.000e+00 7.000e+00 7.000e+00
 7.000e+00 7.000e+00 7.000e+00 7.000e+00 7.000e+00 7.000e+00 7.000e+00 7.000e+00
 7.000e+00 7.000e+00 7.000e+00 7.000e+00 7.000e+00 7.000e+00 7.000e+00 7.000e+00
 7.000e+00 7.000e+00 7.000e+00 7.000e+00 7.000e+00 7.000e+00 7.000e+00 7.000e+00
 7.000e+00 7.000e+00 7.000e+00 7.000e+00 7.000e+00 7.000e+00 7.000e+00 7.000e+00
 7.000e+00 7.000e+00 7.000e+00 7.000e+00 7.000e+00 7.000e+00 7.000e+00 7.000e+00
 7.000e+00 7.000e+00 7.000e+00 7.000e+00 7.000e+00 7.000e+00 7.000e+00 7.000e+00
 7.000e+00 7.000e+00 7.000e+00 7.000e+00 7.000e+00 7.000e+00 7.000e+00 7.000e+00
 7.000e+00 7.000e+00 7.000e+00 7.000e+00 7.000e+00 7.000e+00 7.000e+00 7.000e+00
<Z> in equilibrium - infinite confinement
 3.444e-19 1.251e-18 4.454e-18 1.551e-17 5.272e-17 1.746e-16 5.621e-16 1.756e-15
 5.316e-15 1.558e-14 4.422e-14 1.218e-13 3.260e-13 8.481e-13 2.148e-12 5.304e-12
 1.278e-11 3.007e-11 6.922e-11 1.560e-10 3.447e-10 7.474e-10 1.592e-09 3.337e-09
 6.887e-09 1.401e-08 2.815e-08 5.587e-08 1.097e-07 2.134e-07 4.112e-07 7.853e-07
 1.485e-06 2.782e-06 5.157e-06 9.461e-06 1.717e-05 3.081e-05 5.465e-05 9.581e-05
 1.659e-04 2.838e-04 4.793e-04 7.988e-04 1.314e-03 2.133e-03 3.419e-03 5.410e-03
 8.452e-03 1.304e-02 1.984e-02 2.978e-02 4.404e-02 6.408e-02 9.154e-02 1.281e-01
 1.752e-01 2.333e-01 3.019e-01 3.788e-01 4.603e-01 5.421e-01 6.199e-01 6.904e-01
 7.516e-01 8.031e-01 8.451e-01 8.788e-01 9.054e-01 9.262e-01 9.423e-01 9.549e-01
 9.646e-01 9.721e-01 9.779e-01 9.825e-01 9.860e-01 9.889e-01 9.911e-01 9.929e-01
 9.945e-01 9.958e-01 9.970e-01 9.981e-01 9.994e-01 1.001e+00 1.002e+00 1.005e+00
 1.007e+00 1.011e+00 1.015e+00 1.021e+00 1.029e+00 1.040e+00 1.053e+00 1.069e+00
 1.090e+00 1.115e+00 1.146e+00 1.182e+00 1.223e+00 1.270e+00 1.321e+00 1.375e+00
 1.431e+00 1.488e+00 1.545e+00 1.599e+00 1.650e+00 1.696e+00 1.739e+00 1.777e+00
 1.812e+00 1.842e+00 1.870e+00 1.895e+00 1.918e+00 1.940e+00 1.961e+00 1.983e+00
 2.007e+00 2.032e+00 2.060e+00 2.092e+00 2.127e+00 2.166e+00 2.210e+00 2.258e+00
 2.309e+00 2.363e+00 2.419e+00 2.475e+00 2.531e+00 2.584e+00 2.635e+00 2.684e+00
 2.729e+00 2.771e+00 2.810e+00 2.847e+00 2.883e+00 2.917e+00 2.951e+00 2.986e+00
 3.022e+00 3.061e+00 3.102e+00 3.147e+00 3.196e+00 3.249e+00 3.307e+00 3.369e+00
 3.435e+00 3.505e+00 3.579e+00 3.655e+00 3.734e+00 3.814e+00 3.896e+00 3.978e+00
 4.059e+00 4.139e+00 4.216e+00 4.291e+00 4.362e+00 4.428e+00 4.490e+00 4.547e+00
 4.599e+00 4.646e+00 4.688e+00 4.725e+00 4.759e+00 4.788e+00 4.814e+00 4.836e+00
 4.856e+00 4.873e+00 4.889e+00 4.902e+00 4.913e+00 4.923e+00 4.932e+00 4.940e+00
 4.947e+00 4.953e+00 4.958e+00 4.962e+00 4.966e+00 4.970e+00 4.973e+00 4.976e+00
 4.978e+00 4.980e+00 4.982e+00 4.984e+00 4.986e+00 4.987e+00 4.988e+00 4.989e+00
 4.990e+00 4.991e+00 4.992e+00 4.992e+00 4.993e+00 4.994e+00 4.994e+00 4.995e+00
 4.995e+00 4.995e+00 4.996e+00 4.996e+00 4.996e+00 4.997e+00 4.997e+00 4.997e+00
 4.997e+00 4.998e+00 4.998e+00 4.999e+00 4.999e+00 5.000e+00 5.000e+00 5.001e+00
 5.002e+00 5.004e+00 5.005e+00 5.007e+00 5.010e+00 5.013e+00 5.017e+00 5.022e+00
 5.027e+00 5.034e+00 5.042e+00 5.051e+00 5.062e+00 5.075e+00 5.089e+00 5.106e+00
 5.124e+00 5.145e+00 5.169e+00 5.194e+00 5.222e+00 5.253e+00 5.286e+00 5.321e+00
 5.358e+00 5.397e+00 5.439e+00 5.482e+00 5.527e+00 5.574e+00 5.622e+00 5.673e+00
 5.724e+00 5.778e+00 5.832e+00 5.887e+00 5.943e+00 6.000e+00 6.056e+00 6.113e+00
 6.168e+00 6.223e+00 6.276e+00 6.328e+00 6.377e+00 6.424e+00 6.469e+00 6.511e+00
 6.551e+00 6.588e+00 6.622e+00 6.654e+00 6.683e+00 6.710e+00 6.735e+00 6.758e+00
 6.778e+00 6.797e+00 6.814e+00 6.830e+00 6.844e+00 6.857e+00 6.869e+00 6.880e+00
 6.889e+00 6.898e+00 6.906e+00 6.913e+00 6.920e+00 6.926e+00 6.932e+00 6.937e+00
 6.941e+00 6.946e+00 6.950e+00 6.953e+00 6.956e+00 6.959e+00 6.962e+00 6.965e+00
 6.967e+00 6.969e+00 6.971e+00 6.973e+00 6.975e+00 6.976e+00 6.978e+00 6.979e+00
 6.980e+00 6.981e+00 6.982e+00 6.983e+00 6.984e+00 6.985e+00 6.986e+00 6.987e+00
 6.987e+00 6.988e+00 6.989e+00 6.989e+00 6.990e+00 6.990e+00 6.991e+00 6.991e+00
 6.992e+00 6.992e+00 6.992e+00 6.993e+00 6.993e+00 6.993e+00 6.994e+00 6.994e+00
 6.994e+00 6.994e+00 6.995e+00 6.995e+00 6.995e+00 6.995e+00 6.996e+00 6.996e+00
 6.996e+00 6.996e+00 6.996e+00 6.996e+00 6.997e+00 6.997e+00 6.997e+00 6.997e+00
 6.997e+00 6.997e+00 6.997e+00 6.997e+00 6.997e+00 6.998e+00 6.998e+00 6.998e+00
 6.998e+00 6.998e+00 6.998e+00 6.998e+00 6.998e+00 6.998e+00 6.998e+00 6.998e+00
 6.998e+00 6.998e+00 6.998e+00 6.998e+00 6.999e+00 6.999e+00 6.999e+00 6.999e+00
 6.999e+00 6.999e+00 6.999e+00 6.999e+00 6.999e+00 6.999e+00 6.999e+00 6.999e+00
 6.999e+00 6.999e+00 6.999e+00 6.999e+00 6.999e+00 6.999e+00 6.999e+00 6.999e+00
 6.999e+00 6.999e+00 6.999e+00 6.999e+00 6.999e+00 6.999e+00 6.999e+00 6.999e+00
 6.999e+00 6.999e+00 6.999e+00 6.999e+00 6.999e+00 6.999e+00 6.999e+00 6.999e+00
 7.000e+00 7.000e+00 7.000e+00 7.000e+00 7.000e+00 7.000e+00 7.000e+00 7.000e+00
 7.000e+00 7.000e+00 7.000e+00 7.000e+00 7.000e+00 7.000e+00 7.000e+00 7.000e+00
 7.000e+00 7.000e+00 7.000e+00 7.000e+00 7.000e+00 7.000e+00 7.000e+00 7.000e+00
 7.000e+00 7.000e+00 7.000e+00 7.000e+00 7.000e+00 7.000e+00 7.000e+00 7.000e+00
 7.000e+00 7.000e+00 7.000e+00 7.000e+00 7.000e+00 7.000e+00 7.000e+00 7.000e+00
 7.000e+00 7.000e+00 7.000e+00 7.000e+00 7.000e+00 7.000e+00 7.000e+00 7.000e+00
 7.000e+00 7.000e+00 7.000e+00 7.000e+00 7.000e+00 7.000e+00 7.000e+00 7.000e+00
 7.000e+00 7.000e+00 7.000e+00 7.000e+00 7.000e+00 7.000e+00 7.000e+00 7.000e+00
 7.000e+00 7.000e+00 7.000e+00 7.000e+00 7.000e+00 7.000e+00 7.000e+00 7.000e+00
 7.000e+00 7.000e+00 7.000e+00 7.000e+00 7.000e+00 7.000e+00 7.000e+00 7.000e+00
 7.000e+00 7.000e+00 7.000e+00 7.000e+00 7.000e+00 7.000e+00 7.000e+00 7.000e+00
 7.000e+00 7.000e+00 7.000e+00 7.000e+00 7.000e+00 7.000e+00 7.000e+00 7.000e+00
 7.000e+00 7.000e+00 7.000e+00 7.000e+00 7.000e+00 7.000e+00 7.000e+00 7.000e+00
 7.000e+00 7.000e+00 7.000e+00 7.000e+00 7.000e+00 7.000e+00 7.000e+00 7.000e+00
 7.000e+00 7.000e+00 7.000e+00 7.000e+00 7.000e+00 7.000e+00 7.000e+00 7.000e+00
 7.000e+00 7.000e+00 7.000e+00 7.000e+00 7.000e+00 7.000e+00 7.000e+00 7.000e+00
 7.000e+00 7.000e+00 7.000e+00 7.000e+00 7.000e+00 7.000e+00 7.000e+00 7.000e+00
 7.000e+00 7.000e+00 7.000e+00 7.000e+00 7.000e+00 7.000e+00 7.000e+00 7.000e+00
 7.000e+00 7.000e+00 7.000e+00 7.000e+00 7.000e+00 7.000e+00 7.000e+00 7.000e+00
 7.000e+00 7.000e+00 7.000e+00 7.000e+00 7.000e+00 7.000e+00 7.000e+00 7.000e+00
 7.000e+00 7.000e+00 7.000e+00 7.000e+00 7.000e+00 7.000e+00 7.000e+00 7.000e+00
 7.000e+00 7.000e+00 7.000e+00 7.000e+00 7.000e+00 7.000e+00 7.000e+00 7.000e+00
 7.000e+00 7.000e+00 7.000e+00 7.000e+00 7.000e+00 7.000e+00 7.000e+00 7.000e+00
 7.000e+00 7.000e+00 7.000e+00 7.000e+00 7.000e+00 7.000e+00 7.000e+00 7.000e+00
C-------------------------------------------------------------------------------
C
C  The fractional abundance and radiated power were generated from the
C  ADAS installation at UKAEA with the named adf11 files. The adf11 data
C  files may be updated in a later release of ADAS and publicly
C  available versions may be found at https://open.adas.ac.uk/.
C
C  The equilibrium balance data was produced with run_adas405.py and
C  the balance with a confinement time with adas4xx_ionbal_tau.py
C  which are functions from the ADAS library. Details on these codes
C  may be found at: https://www.adas.ac.uk/python_lib/index.html
C
C  Copyright (C) 2023 UK Atomic Energy Authority
C
C  This file was generated for use in the UKAEA systems code PROCESS
C  using a script written by Martin O'Mullane.
C  If acquired without provenance a user is strongly advised
C  to check its validity by re-generating using the adf11 files from
C  the OPEN-ADAS site.
C
C  Produced by : Timothy Nunn
C  Date        : 29-07-26
C
C-------------------------------------------------------------------------------
