Mean quadratic charge as a function dwell time.
Temperature :      0.2 - 500000.0 eV
Density     : 1.00e+20 m-3
   600     5  # Te values, dwell time

Source data:
acd : /home/adas/adas/adf11/acd96/acd96_n.dat
scd : /home/adas/adas/adf11/scd96/scd96_n.dat
plt : /home/adas/adas/adf11/plt96/plt96_n.dat
prb : /home/adas/adas/adf11/prb96/prb96_n.dat

Te[eV]
 2.500e-01 2.561e-01 2.624e-01 2.688e-01 2.754e-01 2.822e-01 2.891e-01 2.962e-01
 3.035e-01 3.109e-01 3.185e-01 3.263e-01 3.343e-01 3.425e-01 3.509e-01 3.595e-01
 3.683e-01 3.774e-01 3.866e-01 3.961e-01 4.058e-01 4.158e-01 4.260e-01 4.364e-01
 4.471e-01 4.581e-01 4.693e-01 4.808e-01 4.926e-01 5.047e-01 5.170e-01 5.297e-01
 5.427e-01 5.560e-01 5.696e-01 5.836e-01 5.979e-01 6.126e-01 6.276e-01 6.430e-01
 6.587e-01 6.749e-01 6.914e-01 7.084e-01 7.257e-01 7.435e-01 7.618e-01 7.804e-01
 7.996e-01 8.192e-01 8.393e-01 8.598e-01 8.809e-01 9.025e-01 9.247e-01 9.473e-01
 9.706e-01 9.943e-01 1.019e+00 1.044e+00 1.069e+00 1.096e+00 1.122e+00 1.150e+00
 1.178e+00 1.207e+00 1.237e+00 1.267e+00 1.298e+00 1.330e+00 1.362e+00 1.396e+00
 1.430e+00 1.465e+00 1.501e+00 1.538e+00 1.575e+00 1.614e+00 1.654e+00 1.694e+00
 1.736e+00 1.778e+00 1.822e+00 1.867e+00 1.912e+00 1.959e+00 2.007e+00 2.056e+00
 2.107e+00 2.159e+00 2.211e+00 2.266e+00 2.321e+00 2.378e+00 2.436e+00 2.496e+00
 2.557e+00 2.620e+00 2.684e+00 2.750e+00 2.818e+00 2.887e+00 2.957e+00 3.030e+00
 3.104e+00 3.180e+00 3.258e+00 3.338e+00 3.420e+00 3.504e+00 3.590e+00 3.678e+00
 3.768e+00 3.860e+00 3.955e+00 4.052e+00 4.151e+00 4.253e+00 4.357e+00 4.464e+00
 4.574e+00 4.686e+00 4.801e+00 4.918e+00 5.039e+00 5.162e+00 5.289e+00 5.419e+00
 5.551e+00 5.688e+00 5.827e+00 5.970e+00 6.116e+00 6.266e+00 6.420e+00 6.577e+00
 6.738e+00 6.904e+00 7.073e+00 7.246e+00 7.424e+00 7.606e+00 7.792e+00 7.983e+00
 8.179e+00 8.380e+00 8.585e+00 8.796e+00 9.011e+00 9.232e+00 9.459e+00 9.691e+00
 9.928e+00 1.017e+01 1.042e+01 1.068e+01 1.094e+01 1.121e+01 1.148e+01 1.176e+01
 1.205e+01 1.235e+01 1.265e+01 1.296e+01 1.328e+01 1.360e+01 1.394e+01 1.428e+01
 1.463e+01 1.499e+01 1.535e+01 1.573e+01 1.612e+01 1.651e+01 1.692e+01 1.733e+01
 1.776e+01 1.819e+01 1.864e+01 1.909e+01 1.956e+01 2.004e+01 2.053e+01 2.104e+01
 2.155e+01 2.208e+01 2.262e+01 2.318e+01 2.374e+01 2.433e+01 2.492e+01 2.553e+01
 2.616e+01 2.680e+01 2.746e+01 2.813e+01 2.882e+01 2.953e+01 3.025e+01 3.099e+01
 3.175e+01 3.253e+01 3.333e+01 3.415e+01 3.498e+01 3.584e+01 3.672e+01 3.762e+01
 3.854e+01 3.949e+01 4.046e+01 4.145e+01 4.246e+01 4.351e+01 4.457e+01 4.566e+01
 4.678e+01 4.793e+01 4.911e+01 5.031e+01 5.154e+01 5.281e+01 5.410e+01 5.543e+01
 5.679e+01 5.818e+01 5.961e+01 6.107e+01 6.256e+01 6.410e+01 6.567e+01 6.728e+01
 6.893e+01 7.062e+01 7.235e+01 7.412e+01 7.594e+01 7.780e+01 7.971e+01 8.167e+01
 8.367e+01 8.572e+01 8.782e+01 8.997e+01 9.218e+01 9.444e+01 9.676e+01 9.913e+01
 1.016e+02 1.040e+02 1.066e+02 1.092e+02 1.119e+02 1.146e+02 1.174e+02 1.203e+02
 1.233e+02 1.263e+02 1.294e+02 1.326e+02 1.358e+02 1.391e+02 1.426e+02 1.461e+02
 1.496e+02 1.533e+02 1.571e+02 1.609e+02 1.649e+02 1.689e+02 1.730e+02 1.773e+02
 1.816e+02 1.861e+02 1.906e+02 1.953e+02 2.001e+02 2.050e+02 2.100e+02 2.152e+02
 2.205e+02 2.259e+02 2.314e+02 2.371e+02 2.429e+02 2.488e+02 2.549e+02 2.612e+02
 2.676e+02 2.742e+02 2.809e+02 2.878e+02 2.948e+02 3.021e+02 3.095e+02 3.170e+02
 3.248e+02 3.328e+02 3.409e+02 3.493e+02 3.579e+02 3.666e+02 3.756e+02 3.848e+02
 3.943e+02 4.039e+02 4.138e+02 4.240e+02 4.344e+02 4.450e+02 4.559e+02 4.671e+02
 4.786e+02 4.903e+02 5.023e+02 5.146e+02 5.273e+02 5.402e+02 5.534e+02 5.670e+02
 5.809e+02 5.951e+02 6.097e+02 6.247e+02 6.400e+02 6.557e+02 6.718e+02 6.882e+02
 7.051e+02 7.224e+02 7.401e+02 7.582e+02 7.768e+02 7.959e+02 8.154e+02 8.354e+02
 8.559e+02 8.769e+02 8.984e+02 9.204e+02 9.429e+02 9.661e+02 9.897e+02 1.014e+03
 1.039e+03 1.064e+03 1.090e+03 1.117e+03 1.145e+03 1.173e+03 1.201e+03 1.231e+03
 1.261e+03 1.292e+03 1.324e+03 1.356e+03 1.389e+03 1.423e+03 1.458e+03 1.494e+03
 1.531e+03 1.568e+03 1.607e+03 1.646e+03 1.686e+03 1.728e+03 1.770e+03 1.813e+03
 1.858e+03 1.903e+03 1.950e+03 1.998e+03 2.047e+03 2.097e+03 2.149e+03 2.201e+03
 2.255e+03 2.310e+03 2.367e+03 2.425e+03 2.485e+03 2.546e+03 2.608e+03 2.672e+03
 2.737e+03 2.804e+03 2.873e+03 2.944e+03 3.016e+03 3.090e+03 3.166e+03 3.243e+03
 3.323e+03 3.404e+03 3.488e+03 3.573e+03 3.661e+03 3.750e+03 3.842e+03 3.937e+03
 4.033e+03 4.132e+03 4.233e+03 4.337e+03 4.443e+03 4.552e+03 4.664e+03 4.778e+03
 4.895e+03 5.015e+03 5.138e+03 5.264e+03 5.393e+03 5.526e+03 5.661e+03 5.800e+03
 5.942e+03 6.088e+03 6.237e+03 6.390e+03 6.547e+03 6.707e+03 6.872e+03 7.040e+03
 7.213e+03 7.390e+03 7.571e+03 7.756e+03 7.947e+03 8.141e+03 8.341e+03 8.545e+03
 8.755e+03 8.970e+03 9.190e+03 9.415e+03 9.646e+03 9.882e+03 1.012e+04 1.037e+04
 1.063e+04 1.089e+04 1.115e+04 1.143e+04 1.171e+04 1.200e+04 1.229e+04 1.259e+04
 1.290e+04 1.322e+04 1.354e+04 1.387e+04 1.421e+04 1.456e+04 1.492e+04 1.528e+04
 1.566e+04 1.604e+04 1.643e+04 1.684e+04 1.725e+04 1.767e+04 1.811e+04 1.855e+04
 1.901e+04 1.947e+04 1.995e+04 2.044e+04 2.094e+04 2.145e+04 2.198e+04 2.252e+04
 2.307e+04 2.363e+04 2.421e+04 2.481e+04 2.542e+04 2.604e+04 2.668e+04 2.733e+04
 2.800e+04 2.869e+04 2.939e+04 3.011e+04 3.085e+04 3.161e+04 3.238e+04 3.318e+04
 3.399e+04 3.482e+04 3.568e+04 3.655e+04 3.745e+04 3.836e+04 3.931e+04 4.027e+04
 4.126e+04 4.227e+04 4.330e+04 4.437e+04 4.545e+04 4.657e+04 4.771e+04 4.888e+04
 5.008e+04 5.131e+04 5.256e+04 5.385e+04 5.517e+04 5.652e+04 5.791e+04 5.933e+04
 6.078e+04 6.228e+04 6.380e+04 6.537e+04 6.697e+04 6.861e+04 7.029e+04 7.202e+04
 7.378e+04 7.559e+04 7.744e+04 7.934e+04 8.129e+04 8.328e+04 8.532e+04 8.741e+04
 8.956e+04 9.175e+04 9.400e+04 9.631e+04 9.867e+04 1.011e+05 1.036e+05 1.061e+05
 1.087e+05 1.114e+05 1.141e+05 1.169e+05 1.198e+05 1.227e+05 1.257e+05 1.288e+05
 1.320e+05 1.352e+05 1.385e+05 1.419e+05 1.454e+05 1.489e+05 1.526e+05 1.563e+05
 1.602e+05 1.641e+05 1.681e+05 1.722e+05 1.765e+05 1.808e+05 1.852e+05 1.898e+05
 1.944e+05 1.992e+05 2.041e+05 2.091e+05 2.142e+05 2.194e+05 2.248e+05 2.303e+05
 2.360e+05 2.418e+05 2.477e+05 2.538e+05 2.600e+05 2.664e+05 2.729e+05 2.796e+05
 2.864e+05 2.935e+05 3.007e+05 3.080e+05 3.156e+05 3.233e+05 3.312e+05 3.394e+05
 3.477e+05 3.562e+05 3.649e+05 3.739e+05 3.831e+05 3.924e+05 4.021e+05 4.119e+05
 4.220e+05 4.324e+05 4.430e+05 4.538e+05 4.650e+05 4.764e+05 4.880e+05 5.000e+05
sqrt(<Z^2>) for tau[ms]=    0.1
 3.770e-10 7.012e-10 1.290e-09 2.347e-09 4.215e-09 7.469e-09 1.305e-08 2.244e-08
 3.797e-08 6.321e-08 1.036e-07 1.671e-07 2.656e-07 4.164e-07 6.438e-07 9.828e-07
 1.482e-06 2.208e-06 3.253e-06 4.742e-06 6.843e-06 9.782e-06 1.386e-05 1.947e-05
 2.715e-05 3.758e-05 5.168e-05 7.064e-05 9.602e-05 1.299e-04 1.749e-04 2.343e-04
 3.124e-04 4.145e-04 5.471e-04 7.184e-04 9.381e-04 1.218e-03 1.573e-03 2.019e-03
 2.577e-03 3.268e-03 4.120e-03 5.159e-03 6.421e-03 7.941e-03 9.763e-03 1.193e-02
 1.450e-02 1.753e-02 2.107e-02 2.521e-02 3.000e-02 3.554e-02 4.191e-02 4.919e-02
 5.749e-02 6.692e-02 7.757e-02 8.957e-02 1.030e-01 1.180e-01 1.346e-01 1.530e-01
 1.732e-01 1.952e-01 2.191e-01 2.449e-01 2.725e-01 3.019e-01 3.328e-01 3.652e-01
 3.988e-01 4.332e-01 4.683e-01 5.036e-01 5.387e-01 5.733e-01 6.071e-01 6.397e-01
 6.708e-01 7.002e-01 7.279e-01 7.536e-01 7.773e-01 7.991e-01 8.190e-01 8.371e-01
 8.535e-01 8.683e-01 8.817e-01 8.937e-01 9.046e-01 9.144e-01 9.233e-01 9.315e-01
 9.390e-01 9.461e-01 9.527e-01 9.592e-01 9.655e-01 9.718e-01 9.784e-01 9.852e-01
 9.925e-01 1.001e+00 1.009e+00 1.019e+00 1.030e+00 1.042e+00 1.056e+00 1.071e+00
 1.089e+00 1.108e+00 1.129e+00 1.152e+00 1.177e+00 1.204e+00 1.233e+00 1.263e+00
 1.295e+00 1.329e+00 1.363e+00 1.398e+00 1.433e+00 1.469e+00 1.505e+00 1.541e+00
 1.576e+00 1.612e+00 1.647e+00 1.682e+00 1.717e+00 1.752e+00 1.787e+00 1.822e+00
 1.857e+00 1.893e+00 1.930e+00 1.968e+00 2.006e+00 2.045e+00 2.085e+00 2.125e+00
 2.166e+00 2.207e+00 2.248e+00 2.290e+00 2.331e+00 2.371e+00 2.411e+00 2.451e+00
 2.489e+00 2.527e+00 2.565e+00 2.601e+00 2.637e+00 2.673e+00 2.708e+00 2.743e+00
 2.777e+00 2.812e+00 2.846e+00 2.881e+00 2.917e+00 2.952e+00 2.988e+00 3.025e+00
 3.062e+00 3.099e+00 3.137e+00 3.176e+00 3.215e+00 3.254e+00 3.294e+00 3.334e+00
 3.375e+00 3.415e+00 3.456e+00 3.496e+00 3.537e+00 3.578e+00 3.618e+00 3.658e+00
 3.698e+00 3.737e+00 3.776e+00 3.815e+00 3.853e+00 3.891e+00 3.927e+00 3.963e+00
 3.999e+00 4.033e+00 4.067e+00 4.100e+00 4.132e+00 4.163e+00 4.193e+00 4.222e+00
 4.251e+00 4.278e+00 4.304e+00 4.330e+00 4.354e+00 4.377e+00 4.400e+00 4.422e+00
 4.442e+00 4.462e+00 4.481e+00 4.499e+00 4.516e+00 4.533e+00 4.549e+00 4.564e+00
 4.578e+00 4.592e+00 4.605e+00 4.618e+00 4.630e+00 4.641e+00 4.652e+00 4.663e+00
 4.672e+00 4.682e+00 4.691e+00 4.700e+00 4.708e+00 4.716e+00 4.723e+00 4.731e+00
 4.738e+00 4.744e+00 4.750e+00 4.757e+00 4.762e+00 4.768e+00 4.773e+00 4.779e+00
 4.784e+00 4.789e+00 4.793e+00 4.798e+00 4.802e+00 4.807e+00 4.811e+00 4.815e+00
 4.820e+00 4.824e+00 4.828e+00 4.832e+00 4.836e+00 4.840e+00 4.844e+00 4.848e+00
 4.853e+00 4.857e+00 4.861e+00 4.866e+00 4.870e+00 4.875e+00 4.880e+00 4.885e+00
 4.891e+00 4.896e+00 4.902e+00 4.908e+00 4.914e+00 4.920e+00 4.927e+00 4.934e+00
 4.941e+00 4.948e+00 4.956e+00 4.964e+00 4.973e+00 4.981e+00 4.990e+00 4.999e+00
 5.009e+00 5.019e+00 5.029e+00 5.039e+00 5.050e+00 5.060e+00 5.072e+00 5.083e+00
 5.095e+00 5.106e+00 5.119e+00 5.131e+00 5.143e+00 5.156e+00 5.169e+00 5.182e+00
 5.195e+00 5.208e+00 5.221e+00 5.235e+00 5.248e+00 5.262e+00 5.275e+00 5.289e+00
 5.302e+00 5.316e+00 5.330e+00 5.343e+00 5.357e+00 5.370e+00 5.384e+00 5.397e+00
 5.410e+00 5.423e+00 5.437e+00 5.450e+00 5.462e+00 5.475e+00 5.488e+00 5.500e+00
 5.513e+00 5.525e+00 5.537e+00 5.549e+00 5.560e+00 5.572e+00 5.583e+00 5.594e+00
 5.605e+00 5.616e+00 5.626e+00 5.637e+00 5.647e+00 5.657e+00 5.667e+00 5.676e+00
 5.685e+00 5.695e+00 5.704e+00 5.712e+00 5.721e+00 5.730e+00 5.738e+00 5.746e+00
 5.754e+00 5.761e+00 5.769e+00 5.776e+00 5.784e+00 5.791e+00 5.797e+00 5.804e+00
 5.811e+00 5.817e+00 5.823e+00 5.829e+00 5.835e+00 5.840e+00 5.845e+00 5.851e+00
 5.856e+00 5.860e+00 5.865e+00 5.870e+00 5.874e+00 5.878e+00 5.882e+00 5.886e+00
 5.890e+00 5.894e+00 5.897e+00 5.901e+00 5.904e+00 5.908e+00 5.911e+00 5.914e+00
 5.917e+00 5.920e+00 5.923e+00 5.925e+00 5.928e+00 5.931e+00 5.933e+00 5.936e+00
 5.938e+00 5.940e+00 5.943e+00 5.945e+00 5.947e+00 5.949e+00 5.951e+00 5.953e+00
 5.955e+00 5.957e+00 5.958e+00 5.960e+00 5.962e+00 5.963e+00 5.965e+00 5.966e+00
 5.968e+00 5.969e+00 5.971e+00 5.972e+00 5.973e+00 5.974e+00 5.975e+00 5.976e+00
 5.977e+00 5.978e+00 5.979e+00 5.980e+00 5.981e+00 5.981e+00 5.982e+00 5.982e+00
 5.983e+00 5.983e+00 5.984e+00 5.984e+00 5.985e+00 5.985e+00 5.985e+00 5.985e+00
 5.985e+00 5.985e+00 5.985e+00 5.985e+00 5.985e+00 5.985e+00 5.985e+00 5.985e+00
 5.985e+00 5.985e+00 5.984e+00 5.984e+00 5.984e+00 5.983e+00 5.983e+00 5.983e+00
 5.982e+00 5.982e+00 5.981e+00 5.981e+00 5.980e+00 5.980e+00 5.980e+00 5.979e+00
 5.979e+00 5.978e+00 5.978e+00 5.977e+00 5.976e+00 5.976e+00 5.975e+00 5.975e+00
 5.974e+00 5.974e+00 5.973e+00 5.973e+00 5.972e+00 5.972e+00 5.971e+00 5.970e+00
 5.970e+00 5.969e+00 5.969e+00 5.968e+00 5.968e+00 5.967e+00 5.966e+00 5.966e+00
 5.965e+00 5.965e+00 5.964e+00 5.964e+00 5.963e+00 5.962e+00 5.962e+00 5.961e+00
 5.961e+00 5.960e+00 5.959e+00 5.959e+00 5.958e+00 5.958e+00 5.957e+00 5.956e+00
 5.956e+00 5.955e+00 5.954e+00 5.954e+00 5.953e+00 5.953e+00 5.952e+00 5.951e+00
 5.951e+00 5.950e+00 5.949e+00 5.949e+00 5.948e+00 5.947e+00 5.947e+00 5.946e+00
 5.945e+00 5.945e+00 5.944e+00 5.943e+00 5.943e+00 5.942e+00 5.941e+00 5.941e+00
 5.940e+00 5.939e+00 5.939e+00 5.938e+00 5.937e+00 5.936e+00 5.936e+00 5.935e+00
 5.934e+00 5.934e+00 5.933e+00 5.932e+00 5.932e+00 5.931e+00 5.930e+00 5.929e+00
 5.929e+00 5.928e+00 5.927e+00 5.926e+00 5.926e+00 5.925e+00 5.924e+00 5.923e+00
 5.923e+00 5.922e+00 5.921e+00 5.920e+00 5.920e+00 5.919e+00 5.918e+00 5.917e+00
 5.917e+00 5.916e+00 5.915e+00 5.914e+00 5.914e+00 5.913e+00 5.912e+00 5.911e+00
 5.910e+00 5.910e+00 5.909e+00 5.908e+00 5.907e+00 5.906e+00 5.906e+00 5.905e+00
 5.904e+00 5.903e+00 5.902e+00 5.901e+00 5.901e+00 5.900e+00 5.899e+00 5.898e+00
 5.897e+00 5.896e+00 5.896e+00 5.895e+00 5.894e+00 5.893e+00 5.892e+00 5.891e+00
 5.890e+00 5.890e+00 5.889e+00 5.888e+00 5.887e+00 5.886e+00 5.885e+00 5.884e+00
 5.883e+00 5.883e+00 5.882e+00 5.881e+00 5.880e+00 5.879e+00 5.878e+00 5.877e+00
 5.876e+00 5.875e+00 5.874e+00 5.874e+00 5.873e+00 5.872e+00 5.871e+00 5.870e+00
sqrt(<Z^2>) for tau[ms]=    1.0
 5.491e-10 1.041e-09 1.953e-09 3.623e-09 6.637e-09 1.200e-08 2.138e-08 3.750e-08
 6.473e-08 1.099e-07 1.836e-07 3.019e-07 4.892e-07 7.813e-07 1.231e-06 1.913e-06
 2.936e-06 4.452e-06 6.673e-06 9.893e-06 1.451e-05 2.109e-05 3.035e-05 4.330e-05
 6.128e-05 8.606e-05 1.200e-04 1.663e-04 2.291e-04 3.139e-04 4.280e-04 5.805e-04
 7.832e-04 1.051e-03 1.402e-03 1.860e-03 2.454e-03 3.218e-03 4.193e-03 5.430e-03
 6.987e-03 8.933e-03 1.134e-02 1.431e-02 1.793e-02 2.232e-02 2.760e-02 3.393e-02
 4.145e-02 5.035e-02 6.080e-02 7.301e-02 8.720e-02 1.036e-01 1.224e-01 1.438e-01
 1.681e-01 1.954e-01 2.259e-01 2.596e-01 2.964e-01 3.363e-01 3.788e-01 4.235e-01
 4.697e-01 5.167e-01 5.636e-01 6.095e-01 6.536e-01 6.952e-01 7.337e-01 7.687e-01
 8.001e-01 8.280e-01 8.524e-01 8.736e-01 8.918e-01 9.075e-01 9.208e-01 9.322e-01
 9.419e-01 9.501e-01 9.572e-01 9.632e-01 9.684e-01 9.730e-01 9.771e-01 9.808e-01
 9.843e-01 9.877e-01 9.911e-01 9.947e-01 9.987e-01 1.003e+00 1.008e+00 1.015e+00
 1.022e+00 1.031e+00 1.042e+00 1.055e+00 1.071e+00 1.089e+00 1.111e+00 1.136e+00
 1.165e+00 1.197e+00 1.232e+00 1.270e+00 1.311e+00 1.355e+00 1.399e+00 1.445e+00
 1.491e+00 1.536e+00 1.580e+00 1.622e+00 1.663e+00 1.701e+00 1.738e+00 1.773e+00
 1.806e+00 1.838e+00 1.870e+00 1.901e+00 1.933e+00 1.966e+00 2.000e+00 2.036e+00
 2.074e+00 2.115e+00 2.157e+00 2.203e+00 2.250e+00 2.298e+00 2.348e+00 2.398e+00
 2.448e+00 2.497e+00 2.544e+00 2.590e+00 2.634e+00 2.676e+00 2.717e+00 2.755e+00
 2.792e+00 2.828e+00 2.864e+00 2.899e+00 2.935e+00 2.971e+00 3.008e+00 3.047e+00
 3.087e+00 3.130e+00 3.174e+00 3.220e+00 3.268e+00 3.319e+00 3.370e+00 3.424e+00
 3.478e+00 3.533e+00 3.590e+00 3.646e+00 3.704e+00 3.761e+00 3.818e+00 3.875e+00
 3.932e+00 3.988e+00 4.043e+00 4.097e+00 4.149e+00 4.201e+00 4.250e+00 4.298e+00
 4.343e+00 4.387e+00 4.428e+00 4.467e+00 4.504e+00 4.539e+00 4.571e+00 4.601e+00
 4.629e+00 4.655e+00 4.679e+00 4.702e+00 4.722e+00 4.742e+00 4.759e+00 4.775e+00
 4.790e+00 4.804e+00 4.817e+00 4.829e+00 4.840e+00 4.850e+00 4.859e+00 4.867e+00
 4.875e+00 4.882e+00 4.889e+00 4.895e+00 4.901e+00 4.906e+00 4.911e+00 4.916e+00
 4.920e+00 4.924e+00 4.928e+00 4.931e+00 4.935e+00 4.938e+00 4.940e+00 4.943e+00
 4.945e+00 4.948e+00 4.950e+00 4.952e+00 4.954e+00 4.956e+00 4.957e+00 4.959e+00
 4.961e+00 4.962e+00 4.964e+00 4.965e+00 4.966e+00 4.968e+00 4.969e+00 4.971e+00
 4.972e+00 4.974e+00 4.976e+00 4.977e+00 4.979e+00 4.982e+00 4.984e+00 4.987e+00
 4.990e+00 4.993e+00 4.996e+00 5.000e+00 5.005e+00 5.010e+00 5.016e+00 5.022e+00
 5.029e+00 5.037e+00 5.045e+00 5.054e+00 5.065e+00 5.076e+00 5.088e+00 5.101e+00
 5.115e+00 5.131e+00 5.147e+00 5.165e+00 5.183e+00 5.203e+00 5.224e+00 5.245e+00
 5.268e+00 5.292e+00 5.317e+00 5.343e+00 5.369e+00 5.397e+00 5.425e+00 5.454e+00
 5.484e+00 5.514e+00 5.544e+00 5.575e+00 5.606e+00 5.638e+00 5.670e+00 5.702e+00
 5.734e+00 5.765e+00 5.797e+00 5.829e+00 5.860e+00 5.891e+00 5.922e+00 5.952e+00
 5.982e+00 6.011e+00 6.040e+00 6.068e+00 6.095e+00 6.122e+00 6.148e+00 6.173e+00
 6.198e+00 6.222e+00 6.245e+00 6.267e+00 6.289e+00 6.310e+00 6.330e+00 6.350e+00
 6.369e+00 6.387e+00 6.404e+00 6.421e+00 6.437e+00 6.453e+00 6.468e+00 6.482e+00
 6.496e+00 6.509e+00 6.522e+00 6.534e+00 6.546e+00 6.558e+00 6.568e+00 6.579e+00
 6.589e+00 6.598e+00 6.608e+00 6.617e+00 6.625e+00 6.633e+00 6.641e+00 6.649e+00
 6.656e+00 6.663e+00 6.669e+00 6.676e+00 6.682e+00 6.688e+00 6.693e+00 6.699e+00
 6.704e+00 6.709e+00 6.714e+00 6.719e+00 6.723e+00 6.727e+00 6.731e+00 6.735e+00
 6.739e+00 6.743e+00 6.747e+00 6.750e+00 6.753e+00 6.756e+00 6.759e+00 6.762e+00
 6.765e+00 6.768e+00 6.770e+00 6.773e+00 6.775e+00 6.778e+00 6.780e+00 6.782e+00
 6.784e+00 6.786e+00 6.788e+00 6.790e+00 6.792e+00 6.793e+00 6.795e+00 6.797e+00
 6.798e+00 6.800e+00 6.801e+00 6.802e+00 6.804e+00 6.805e+00 6.806e+00 6.807e+00
 6.809e+00 6.810e+00 6.811e+00 6.812e+00 6.813e+00 6.814e+00 6.815e+00 6.816e+00
 6.817e+00 6.817e+00 6.818e+00 6.819e+00 6.820e+00 6.821e+00 6.822e+00 6.822e+00
 6.823e+00 6.824e+00 6.824e+00 6.825e+00 6.826e+00 6.826e+00 6.827e+00 6.827e+00
 6.828e+00 6.828e+00 6.829e+00 6.830e+00 6.830e+00 6.830e+00 6.831e+00 6.831e+00
 6.832e+00 6.832e+00 6.833e+00 6.833e+00 6.833e+00 6.834e+00 6.834e+00 6.834e+00
 6.834e+00 6.835e+00 6.835e+00 6.835e+00 6.835e+00 6.836e+00 6.836e+00 6.836e+00
 6.836e+00 6.836e+00 6.836e+00 6.837e+00 6.837e+00 6.837e+00 6.837e+00 6.837e+00
 6.837e+00 6.837e+00 6.837e+00 6.837e+00 6.837e+00 6.837e+00 6.838e+00 6.838e+00
 6.838e+00 6.838e+00 6.838e+00 6.838e+00 6.838e+00 6.838e+00 6.838e+00 6.838e+00
 6.838e+00 6.838e+00 6.838e+00 6.838e+00 6.838e+00 6.838e+00 6.838e+00 6.838e+00
 6.838e+00 6.838e+00 6.837e+00 6.837e+00 6.837e+00 6.837e+00 6.837e+00 6.837e+00
 6.837e+00 6.837e+00 6.837e+00 6.837e+00 6.837e+00 6.837e+00 6.837e+00 6.837e+00
 6.837e+00 6.837e+00 6.837e+00 6.837e+00 6.837e+00 6.837e+00 6.837e+00 6.837e+00
 6.837e+00 6.837e+00 6.837e+00 6.837e+00 6.837e+00 6.837e+00 6.837e+00 6.836e+00
 6.836e+00 6.836e+00 6.836e+00 6.836e+00 6.836e+00 6.836e+00 6.836e+00 6.836e+00
 6.836e+00 6.836e+00 6.836e+00 6.836e+00 6.836e+00 6.836e+00 6.836e+00 6.836e+00
 6.836e+00 6.835e+00 6.835e+00 6.835e+00 6.835e+00 6.835e+00 6.835e+00 6.835e+00
 6.835e+00 6.835e+00 6.835e+00 6.835e+00 6.835e+00 6.835e+00 6.835e+00 6.834e+00
 6.834e+00 6.834e+00 6.834e+00 6.834e+00 6.834e+00 6.834e+00 6.834e+00 6.834e+00
 6.834e+00 6.834e+00 6.834e+00 6.833e+00 6.833e+00 6.833e+00 6.833e+00 6.833e+00
 6.833e+00 6.833e+00 6.833e+00 6.833e+00 6.833e+00 6.833e+00 6.832e+00 6.832e+00
 6.832e+00 6.832e+00 6.832e+00 6.832e+00 6.832e+00 6.832e+00 6.832e+00 6.832e+00
 6.831e+00 6.831e+00 6.831e+00 6.831e+00 6.831e+00 6.831e+00 6.831e+00 6.831e+00
 6.831e+00 6.830e+00 6.830e+00 6.830e+00 6.830e+00 6.830e+00 6.830e+00 6.830e+00
 6.830e+00 6.829e+00 6.829e+00 6.829e+00 6.829e+00 6.829e+00 6.829e+00 6.829e+00
 6.829e+00 6.828e+00 6.828e+00 6.828e+00 6.828e+00 6.828e+00 6.828e+00 6.828e+00
 6.827e+00 6.827e+00 6.827e+00 6.827e+00 6.827e+00 6.827e+00 6.827e+00 6.826e+00
 6.826e+00 6.826e+00 6.826e+00 6.826e+00 6.826e+00 6.826e+00 6.825e+00 6.825e+00
sqrt(<Z^2>) for tau[ms]=   10.0
 5.827e-10 1.110e-09 2.093e-09 3.903e-09 7.190e-09 1.307e-08 2.344e-08 4.140e-08
 7.195e-08 1.230e-07 2.071e-07 3.433e-07 5.609e-07 9.035e-07 1.436e-06 2.253e-06
 3.491e-06 5.347e-06 8.098e-06 1.214e-05 1.800e-05 2.645e-05 3.852e-05 5.564e-05
 7.973e-05 1.134e-04 1.603e-04 2.252e-04 3.145e-04 4.371e-04 6.047e-04 8.325e-04
 1.140e-03 1.554e-03 2.107e-03 2.840e-03 3.806e-03 5.072e-03 6.718e-03 8.844e-03
 1.157e-02 1.503e-02 1.941e-02 2.488e-02 3.169e-02 4.007e-02 5.035e-02 6.284e-02
 7.793e-02 9.601e-02 1.175e-01 1.429e-01 1.726e-01 2.069e-01 2.461e-01 2.904e-01
 3.395e-01 3.930e-01 4.499e-01 5.090e-01 5.686e-01 6.269e-01 6.822e-01 7.330e-01
 7.784e-01 8.178e-01 8.513e-01 8.793e-01 9.024e-01 9.211e-01 9.362e-01 9.484e-01
 9.582e-01 9.660e-01 9.722e-01 9.773e-01 9.814e-01 9.847e-01 9.874e-01 9.896e-01
 9.916e-01 9.933e-01 9.948e-01 9.963e-01 9.979e-01 9.996e-01 1.002e+00 1.004e+00
 1.007e+00 1.011e+00 1.016e+00 1.023e+00 1.032e+00 1.043e+00 1.056e+00 1.074e+00
 1.095e+00 1.121e+00 1.151e+00 1.186e+00 1.226e+00 1.271e+00 1.320e+00 1.371e+00
 1.425e+00 1.479e+00 1.533e+00 1.584e+00 1.634e+00 1.680e+00 1.722e+00 1.761e+00
 1.795e+00 1.827e+00 1.856e+00 1.882e+00 1.906e+00 1.930e+00 1.953e+00 1.976e+00
 2.001e+00 2.028e+00 2.057e+00 2.090e+00 2.126e+00 2.167e+00 2.211e+00 2.259e+00
 2.310e+00 2.363e+00 2.418e+00 2.473e+00 2.527e+00 2.580e+00 2.630e+00 2.678e+00
 2.722e+00 2.764e+00 2.802e+00 2.839e+00 2.874e+00 2.908e+00 2.942e+00 2.976e+00
 3.012e+00 3.049e+00 3.089e+00 3.132e+00 3.179e+00 3.229e+00 3.283e+00 3.341e+00
 3.403e+00 3.467e+00 3.535e+00 3.604e+00 3.676e+00 3.749e+00 3.824e+00 3.898e+00
 3.973e+00 4.046e+00 4.119e+00 4.190e+00 4.258e+00 4.323e+00 4.386e+00 4.444e+00
 4.498e+00 4.548e+00 4.594e+00 4.636e+00 4.675e+00 4.709e+00 4.740e+00 4.767e+00
 4.792e+00 4.814e+00 4.833e+00 4.851e+00 4.866e+00 4.880e+00 4.892e+00 4.903e+00
 4.912e+00 4.921e+00 4.928e+00 4.935e+00 4.941e+00 4.946e+00 4.951e+00 4.955e+00
 4.959e+00 4.963e+00 4.966e+00 4.968e+00 4.971e+00 4.973e+00 4.975e+00 4.977e+00
 4.979e+00 4.980e+00 4.982e+00 4.983e+00 4.984e+00 4.985e+00 4.986e+00 4.987e+00
 4.988e+00 4.988e+00 4.989e+00 4.990e+00 4.990e+00 4.991e+00 4.991e+00 4.992e+00
 4.992e+00 4.993e+00 4.993e+00 4.994e+00 4.994e+00 4.995e+00 4.995e+00 4.996e+00
 4.997e+00 4.998e+00 4.999e+00 5.000e+00 5.002e+00 5.004e+00 5.006e+00 5.009e+00
 5.012e+00 5.016e+00 5.021e+00 5.027e+00 5.033e+00 5.041e+00 5.049e+00 5.060e+00
 5.071e+00 5.084e+00 5.099e+00 5.115e+00 5.134e+00 5.154e+00 5.176e+00 5.200e+00
 5.227e+00 5.255e+00 5.285e+00 5.317e+00 5.352e+00 5.387e+00 5.425e+00 5.464e+00
 5.505e+00 5.547e+00 5.591e+00 5.636e+00 5.682e+00 5.729e+00 5.776e+00 5.824e+00
 5.873e+00 5.922e+00 5.971e+00 6.019e+00 6.067e+00 6.114e+00 6.161e+00 6.206e+00
 6.250e+00 6.292e+00 6.333e+00 6.372e+00 6.409e+00 6.444e+00 6.478e+00 6.510e+00
 6.540e+00 6.568e+00 6.595e+00 6.619e+00 6.643e+00 6.664e+00 6.685e+00 6.704e+00
 6.721e+00 6.738e+00 6.753e+00 6.767e+00 6.780e+00 6.793e+00 6.804e+00 6.815e+00
 6.825e+00 6.834e+00 6.843e+00 6.851e+00 6.858e+00 6.865e+00 6.872e+00 6.878e+00
 6.883e+00 6.889e+00 6.894e+00 6.898e+00 6.903e+00 6.907e+00 6.911e+00 6.914e+00
 6.918e+00 6.921e+00 6.924e+00 6.927e+00 6.930e+00 6.932e+00 6.934e+00 6.937e+00
 6.939e+00 6.941e+00 6.943e+00 6.945e+00 6.946e+00 6.948e+00 6.949e+00 6.951e+00
 6.952e+00 6.954e+00 6.955e+00 6.956e+00 6.957e+00 6.958e+00 6.959e+00 6.960e+00
 6.961e+00 6.962e+00 6.963e+00 6.964e+00 6.964e+00 6.965e+00 6.966e+00 6.966e+00
 6.967e+00 6.968e+00 6.968e+00 6.969e+00 6.969e+00 6.970e+00 6.970e+00 6.971e+00
 6.971e+00 6.972e+00 6.972e+00 6.973e+00 6.973e+00 6.973e+00 6.974e+00 6.974e+00
 6.974e+00 6.975e+00 6.975e+00 6.975e+00 6.975e+00 6.976e+00 6.976e+00 6.976e+00
 6.976e+00 6.977e+00 6.977e+00 6.977e+00 6.977e+00 6.978e+00 6.978e+00 6.978e+00
 6.978e+00 6.978e+00 6.978e+00 6.979e+00 6.979e+00 6.979e+00 6.979e+00 6.979e+00
 6.979e+00 6.979e+00 6.980e+00 6.980e+00 6.980e+00 6.980e+00 6.980e+00 6.980e+00
 6.980e+00 6.980e+00 6.980e+00 6.981e+00 6.981e+00 6.981e+00 6.981e+00 6.981e+00
 6.981e+00 6.981e+00 6.981e+00 6.981e+00 6.981e+00 6.981e+00 6.981e+00 6.981e+00
 6.982e+00 6.982e+00 6.982e+00 6.982e+00 6.982e+00 6.982e+00 6.982e+00 6.982e+00
 6.982e+00 6.982e+00 6.982e+00 6.982e+00 6.982e+00 6.982e+00 6.982e+00 6.982e+00
 6.982e+00 6.982e+00 6.982e+00 6.982e+00 6.982e+00 6.982e+00 6.982e+00 6.982e+00
 6.982e+00 6.982e+00 6.982e+00 6.982e+00 6.982e+00 6.982e+00 6.982e+00 6.982e+00
 6.982e+00 6.983e+00 6.983e+00 6.983e+00 6.983e+00 6.983e+00 6.983e+00 6.983e+00
 6.983e+00 6.983e+00 6.983e+00 6.983e+00 6.983e+00 6.983e+00 6.983e+00 6.983e+00
 6.983e+00 6.983e+00 6.983e+00 6.983e+00 6.983e+00 6.983e+00 6.983e+00 6.983e+00
 6.983e+00 6.983e+00 6.983e+00 6.983e+00 6.983e+00 6.983e+00 6.983e+00 6.983e+00
 6.983e+00 6.983e+00 6.983e+00 6.983e+00 6.983e+00 6.983e+00 6.983e+00 6.983e+00
 6.983e+00 6.983e+00 6.983e+00 6.983e+00 6.983e+00 6.983e+00 6.983e+00 6.983e+00
 6.983e+00 6.983e+00 6.983e+00 6.983e+00 6.983e+00 6.983e+00 6.983e+00 6.983e+00
 6.983e+00 6.983e+00 6.983e+00 6.983e+00 6.983e+00 6.983e+00 6.983e+00 6.983e+00
 6.983e+00 6.983e+00 6.983e+00 6.983e+00 6.983e+00 6.983e+00 6.982e+00 6.982e+00
 6.982e+00 6.982e+00 6.982e+00 6.982e+00 6.982e+00 6.982e+00 6.982e+00 6.982e+00
 6.982e+00 6.982e+00 6.982e+00 6.982e+00 6.982e+00 6.982e+00 6.982e+00 6.982e+00
 6.982e+00 6.982e+00 6.982e+00 6.982e+00 6.982e+00 6.982e+00 6.982e+00 6.982e+00
 6.982e+00 6.982e+00 6.982e+00 6.982e+00 6.982e+00 6.982e+00 6.982e+00 6.982e+00
 6.982e+00 6.982e+00 6.982e+00 6.982e+00 6.982e+00 6.982e+00 6.982e+00 6.982e+00
 6.982e+00 6.982e+00 6.982e+00 6.982e+00 6.982e+00 6.982e+00 6.982e+00 6.982e+00
 6.982e+00 6.982e+00 6.982e+00 6.982e+00 6.982e+00 6.982e+00 6.982e+00 6.982e+00
 6.982e+00 6.982e+00 6.982e+00 6.982e+00 6.982e+00 6.982e+00 6.982e+00 6.982e+00
 6.982e+00 6.982e+00 6.982e+00 6.982e+00 6.982e+00 6.982e+00 6.982e+00 6.982e+00
 6.982e+00 6.982e+00 6.982e+00 6.982e+00 6.982e+00 6.982e+00 6.982e+00 6.982e+00
 6.982e+00 6.982e+00 6.982e+00 6.982e+00 6.982e+00 6.982e+00 6.982e+00 6.982e+00
sqrt(<Z^2>) for tau[ms]=  100.0
 5.865e-10 1.118e-09 2.109e-09 3.934e-09 7.253e-09 1.320e-08 2.368e-08 4.186e-08
 7.281e-08 1.246e-07 2.100e-07 3.484e-07 5.699e-07 9.191e-07 1.463e-06 2.298e-06
 3.566e-06 5.470e-06 8.297e-06 1.245e-05 1.851e-05 2.725e-05 3.976e-05 5.754e-05
 8.264e-05 1.179e-04 1.670e-04 2.352e-04 3.294e-04 4.592e-04 6.373e-04 8.804e-04
 1.210e-03 1.655e-03 2.253e-03 3.050e-03 4.106e-03 5.496e-03 7.316e-03 9.680e-03
 1.273e-02 1.664e-02 2.160e-02 2.786e-02 3.570e-02 4.544e-02 5.748e-02 7.223e-02
 9.019e-02 1.119e-01 1.379e-01 1.688e-01 2.050e-01 2.471e-01 2.951e-01 3.490e-01
 4.081e-01 4.711e-01 5.364e-01 6.017e-01 6.645e-01 7.227e-01 7.746e-01 8.193e-01
 8.567e-01 8.873e-01 9.118e-01 9.311e-01 9.462e-01 9.580e-01 9.671e-01 9.742e-01
 9.797e-01 9.839e-01 9.872e-01 9.898e-01 9.919e-01 9.935e-01 9.949e-01 9.960e-01
 9.971e-01 9.980e-01 9.990e-01 1.000e+00 1.001e+00 1.003e+00 1.005e+00 1.008e+00
 1.012e+00 1.016e+00 1.023e+00 1.031e+00 1.042e+00 1.056e+00 1.074e+00 1.096e+00
 1.123e+00 1.155e+00 1.193e+00 1.236e+00 1.284e+00 1.336e+00 1.391e+00 1.447e+00
 1.504e+00 1.560e+00 1.613e+00 1.663e+00 1.708e+00 1.750e+00 1.787e+00 1.820e+00
 1.850e+00 1.876e+00 1.900e+00 1.922e+00 1.943e+00 1.963e+00 1.984e+00 2.006e+00
 2.031e+00 2.057e+00 2.088e+00 2.122e+00 2.160e+00 2.203e+00 2.250e+00 2.301e+00
 2.355e+00 2.410e+00 2.467e+00 2.522e+00 2.576e+00 2.628e+00 2.677e+00 2.722e+00
 2.765e+00 2.804e+00 2.841e+00 2.876e+00 2.909e+00 2.943e+00 2.976e+00 3.011e+00
 3.048e+00 3.088e+00 3.131e+00 3.178e+00 3.229e+00 3.284e+00 3.344e+00 3.408e+00
 3.476e+00 3.547e+00 3.621e+00 3.698e+00 3.776e+00 3.856e+00 3.937e+00 4.017e+00
 4.097e+00 4.175e+00 4.250e+00 4.322e+00 4.390e+00 4.454e+00 4.514e+00 4.568e+00
 4.617e+00 4.662e+00 4.702e+00 4.738e+00 4.769e+00 4.797e+00 4.821e+00 4.843e+00
 4.862e+00 4.878e+00 4.892e+00 4.905e+00 4.916e+00 4.926e+00 4.934e+00 4.941e+00
 4.948e+00 4.954e+00 4.959e+00 4.963e+00 4.967e+00 4.970e+00 4.973e+00 4.976e+00
 4.978e+00 4.980e+00 4.982e+00 4.984e+00 4.985e+00 4.987e+00 4.988e+00 4.989e+00
 4.990e+00 4.991e+00 4.991e+00 4.992e+00 4.993e+00 4.993e+00 4.994e+00 4.994e+00
 4.995e+00 4.995e+00 4.995e+00 4.996e+00 4.996e+00 4.996e+00 4.997e+00 4.997e+00
 4.997e+00 4.998e+00 4.998e+00 4.998e+00 4.999e+00 4.999e+00 5.000e+00 5.001e+00
 5.002e+00 5.004e+00 5.005e+00 5.007e+00 5.010e+00 5.013e+00 5.017e+00 5.022e+00
 5.027e+00 5.034e+00 5.042e+00 5.051e+00 5.062e+00 5.075e+00 5.089e+00 5.106e+00
 5.125e+00 5.146e+00 5.169e+00 5.195e+00 5.223e+00 5.253e+00 5.286e+00 5.321e+00
 5.358e+00 5.398e+00 5.439e+00 5.482e+00 5.527e+00 5.574e+00 5.622e+00 5.672e+00
 5.723e+00 5.775e+00 5.829e+00 5.884e+00 5.939e+00 5.994e+00 6.050e+00 6.105e+00
 6.160e+00 6.213e+00 6.265e+00 6.316e+00 6.365e+00 6.411e+00 6.455e+00 6.497e+00
 6.536e+00 6.573e+00 6.607e+00 6.639e+00 6.668e+00 6.695e+00 6.720e+00 6.743e+00
 6.764e+00 6.783e+00 6.801e+00 6.817e+00 6.831e+00 6.844e+00 6.857e+00 6.868e+00
 6.878e+00 6.887e+00 6.895e+00 6.903e+00 6.910e+00 6.917e+00 6.922e+00 6.928e+00
 6.933e+00 6.937e+00 6.941e+00 6.945e+00 6.949e+00 6.952e+00 6.955e+00 6.958e+00
 6.960e+00 6.963e+00 6.965e+00 6.967e+00 6.969e+00 6.970e+00 6.972e+00 6.974e+00
 6.975e+00 6.976e+00 6.977e+00 6.979e+00 6.980e+00 6.981e+00 6.982e+00 6.982e+00
 6.983e+00 6.984e+00 6.985e+00 6.985e+00 6.986e+00 6.987e+00 6.987e+00 6.988e+00
 6.988e+00 6.989e+00 6.989e+00 6.989e+00 6.990e+00 6.990e+00 6.991e+00 6.991e+00
 6.991e+00 6.992e+00 6.992e+00 6.992e+00 6.992e+00 6.993e+00 6.993e+00 6.993e+00
 6.993e+00 6.993e+00 6.994e+00 6.994e+00 6.994e+00 6.994e+00 6.994e+00 6.994e+00
 6.995e+00 6.995e+00 6.995e+00 6.995e+00 6.995e+00 6.995e+00 6.995e+00 6.995e+00
 6.996e+00 6.996e+00 6.996e+00 6.996e+00 6.996e+00 6.996e+00 6.996e+00 6.996e+00
 6.996e+00 6.996e+00 6.996e+00 6.996e+00 6.996e+00 6.997e+00 6.997e+00 6.997e+00
 6.997e+00 6.997e+00 6.997e+00 6.997e+00 6.997e+00 6.997e+00 6.997e+00 6.997e+00
 6.997e+00 6.997e+00 6.997e+00 6.997e+00 6.997e+00 6.997e+00 6.997e+00 6.997e+00
 6.997e+00 6.997e+00 6.997e+00 6.997e+00 6.997e+00 6.997e+00 6.998e+00 6.998e+00
 6.998e+00 6.998e+00 6.998e+00 6.998e+00 6.998e+00 6.998e+00 6.998e+00 6.998e+00
 6.998e+00 6.998e+00 6.998e+00 6.998e+00 6.998e+00 6.998e+00 6.998e+00 6.998e+00
 6.998e+00 6.998e+00 6.998e+00 6.998e+00 6.998e+00 6.998e+00 6.998e+00 6.998e+00
 6.998e+00 6.998e+00 6.998e+00 6.998e+00 6.998e+00 6.998e+00 6.998e+00 6.998e+00
 6.998e+00 6.998e+00 6.998e+00 6.998e+00 6.998e+00 6.998e+00 6.998e+00 6.998e+00
 6.998e+00 6.998e+00 6.998e+00 6.998e+00 6.998e+00 6.998e+00 6.998e+00 6.998e+00
 6.998e+00 6.998e+00 6.998e+00 6.998e+00 6.998e+00 6.998e+00 6.998e+00 6.998e+00
 6.998e+00 6.998e+00 6.998e+00 6.998e+00 6.998e+00 6.998e+00 6.998e+00 6.998e+00
 6.998e+00 6.998e+00 6.998e+00 6.998e+00 6.998e+00 6.998e+00 6.998e+00 6.998e+00
 6.998e+00 6.998e+00 6.998e+00 6.998e+00 6.998e+00 6.998e+00 6.998e+00 6.998e+00
 6.998e+00 6.998e+00 6.998e+00 6.998e+00 6.998e+00 6.998e+00 6.998e+00 6.998e+00
 6.998e+00 6.998e+00 6.998e+00 6.998e+00 6.998e+00 6.998e+00 6.998e+00 6.998e+00
 6.998e+00 6.998e+00 6.998e+00 6.998e+00 6.998e+00 6.998e+00 6.998e+00 6.998e+00
 6.998e+00 6.998e+00 6.998e+00 6.998e+00 6.998e+00 6.998e+00 6.998e+00 6.998e+00
 6.998e+00 6.998e+00 6.998e+00 6.998e+00 6.998e+00 6.998e+00 6.998e+00 6.998e+00
 6.998e+00 6.998e+00 6.998e+00 6.998e+00 6.998e+00 6.998e+00 6.998e+00 6.998e+00
 6.998e+00 6.998e+00 6.998e+00 6.998e+00 6.998e+00 6.998e+00 6.998e+00 6.998e+00
 6.998e+00 6.998e+00 6.998e+00 6.998e+00 6.998e+00 6.998e+00 6.998e+00 6.998e+00
 6.998e+00 6.998e+00 6.998e+00 6.998e+00 6.998e+00 6.998e+00 6.998e+00 6.998e+00
 6.998e+00 6.998e+00 6.998e+00 6.998e+00 6.998e+00 6.998e+00 6.998e+00 6.998e+00
 6.998e+00 6.998e+00 6.998e+00 6.998e+00 6.998e+00 6.998e+00 6.998e+00 6.998e+00
 6.998e+00 6.998e+00 6.998e+00 6.998e+00 6.998e+00 6.998e+00 6.998e+00 6.998e+00
 6.998e+00 6.998e+00 6.998e+00 6.998e+00 6.998e+00 6.998e+00 6.998e+00 6.998e+00
 6.998e+00 6.998e+00 6.998e+00 6.998e+00 6.998e+00 6.998e+00 6.998e+00 6.998e+00
 6.998e+00 6.998e+00 6.998e+00 6.998e+00 6.998e+00 6.998e+00 6.998e+00 6.998e+00
sqrt(<Z^2>) for tau[ms]= 1000.0
 5.868e-10 1.118e-09 2.110e-09 3.938e-09 7.260e-09 1.321e-08 2.371e-08 4.191e-08
 7.290e-08 1.248e-07 2.103e-07 3.490e-07 5.708e-07 9.207e-07 1.465e-06 2.302e-06
 3.574e-06 5.482e-06 8.318e-06 1.249e-05 1.856e-05 2.733e-05 3.989e-05 5.774e-05
 8.295e-05 1.183e-04 1.677e-04 2.362e-04 3.310e-04 4.616e-04 6.409e-04 8.856e-04
 1.218e-03 1.667e-03 2.269e-03 3.073e-03 4.140e-03 5.545e-03 7.385e-03 9.777e-03
 1.287e-02 1.683e-02 2.186e-02 2.822e-02 3.619e-02 4.611e-02 5.837e-02 7.342e-02
 9.176e-02 1.139e-01 1.406e-01 1.722e-01 2.094e-01 2.525e-01 3.018e-01 3.570e-01
 4.175e-01 4.818e-01 5.481e-01 6.141e-01 6.770e-01 7.349e-01 7.860e-01 8.297e-01
 8.659e-01 8.952e-01 9.185e-01 9.368e-01 9.510e-01 9.619e-01 9.704e-01 9.769e-01
 9.819e-01 9.858e-01 9.888e-01 9.911e-01 9.930e-01 9.944e-01 9.957e-01 9.967e-01
 9.976e-01 9.985e-01 9.994e-01 1.001e+00 1.002e+00 1.003e+00 1.006e+00 1.008e+00
 1.012e+00 1.017e+00 1.024e+00 1.032e+00 1.044e+00 1.058e+00 1.077e+00 1.099e+00
 1.127e+00 1.160e+00 1.199e+00 1.243e+00 1.291e+00 1.344e+00 1.400e+00 1.457e+00
 1.514e+00 1.569e+00 1.622e+00 1.672e+00 1.717e+00 1.758e+00 1.794e+00 1.827e+00
 1.855e+00 1.881e+00 1.904e+00 1.926e+00 1.946e+00 1.967e+00 1.988e+00 2.010e+00
 2.034e+00 2.061e+00 2.091e+00 2.125e+00 2.164e+00 2.207e+00 2.255e+00 2.306e+00
 2.360e+00 2.416e+00 2.472e+00 2.527e+00 2.582e+00 2.633e+00 2.682e+00 2.727e+00
 2.769e+00 2.808e+00 2.845e+00 2.880e+00 2.913e+00 2.946e+00 2.980e+00 3.015e+00
 3.052e+00 3.092e+00 3.136e+00 3.183e+00 3.234e+00 3.290e+00 3.351e+00 3.415e+00
 3.484e+00 3.556e+00 3.631e+00 3.709e+00 3.788e+00 3.869e+00 3.950e+00 4.032e+00
 4.112e+00 4.190e+00 4.265e+00 4.338e+00 4.406e+00 4.470e+00 4.528e+00 4.582e+00
 4.631e+00 4.675e+00 4.714e+00 4.749e+00 4.779e+00 4.806e+00 4.830e+00 4.851e+00
 4.869e+00 4.885e+00 4.899e+00 4.911e+00 4.921e+00 4.930e+00 4.938e+00 4.945e+00
 4.952e+00 4.957e+00 4.962e+00 4.966e+00 4.970e+00 4.973e+00 4.976e+00 4.978e+00
 4.980e+00 4.982e+00 4.984e+00 4.985e+00 4.987e+00 4.988e+00 4.989e+00 4.990e+00
 4.991e+00 4.992e+00 4.992e+00 4.993e+00 4.994e+00 4.994e+00 4.995e+00 4.995e+00
 4.995e+00 4.996e+00 4.996e+00 4.996e+00 4.997e+00 4.997e+00 4.997e+00 4.997e+00
 4.998e+00 4.998e+00 4.998e+00 4.999e+00 4.999e+00 5.000e+00 5.001e+00 5.002e+00
 5.003e+00 5.004e+00 5.006e+00 5.008e+00 5.011e+00 5.015e+00 5.019e+00 5.024e+00
 5.030e+00 5.037e+00 5.046e+00 5.056e+00 5.067e+00 5.081e+00 5.097e+00 5.114e+00
 5.134e+00 5.157e+00 5.181e+00 5.209e+00 5.238e+00 5.270e+00 5.305e+00 5.341e+00
 5.380e+00 5.421e+00 5.464e+00 5.508e+00 5.555e+00 5.603e+00 5.653e+00 5.704e+00
 5.757e+00 5.811e+00 5.866e+00 5.921e+00 5.978e+00 6.034e+00 6.091e+00 6.147e+00
 6.202e+00 6.256e+00 6.308e+00 6.358e+00 6.407e+00 6.452e+00 6.496e+00 6.536e+00
 6.574e+00 6.610e+00 6.643e+00 6.673e+00 6.701e+00 6.726e+00 6.750e+00 6.771e+00
 6.791e+00 6.809e+00 6.825e+00 6.840e+00 6.853e+00 6.865e+00 6.876e+00 6.886e+00
 6.895e+00 6.904e+00 6.911e+00 6.918e+00 6.924e+00 6.930e+00 6.935e+00 6.940e+00
 6.944e+00 6.948e+00 6.952e+00 6.955e+00 6.958e+00 6.961e+00 6.964e+00 6.966e+00
 6.968e+00 6.970e+00 6.972e+00 6.974e+00 6.976e+00 6.977e+00 6.978e+00 6.980e+00
 6.981e+00 6.982e+00 6.983e+00 6.984e+00 6.985e+00 6.986e+00 6.986e+00 6.987e+00
 6.988e+00 6.988e+00 6.989e+00 6.990e+00 6.990e+00 6.991e+00 6.991e+00 6.991e+00
 6.992e+00 6.992e+00 6.993e+00 6.993e+00 6.993e+00 6.994e+00 6.994e+00 6.994e+00
 6.994e+00 6.995e+00 6.995e+00 6.995e+00 6.995e+00 6.995e+00 6.996e+00 6.996e+00
 6.996e+00 6.996e+00 6.996e+00 6.996e+00 6.997e+00 6.997e+00 6.997e+00 6.997e+00
 6.997e+00 6.997e+00 6.997e+00 6.997e+00 6.997e+00 6.997e+00 6.998e+00 6.998e+00
 6.998e+00 6.998e+00 6.998e+00 6.998e+00 6.998e+00 6.998e+00 6.998e+00 6.998e+00
 6.998e+00 6.998e+00 6.998e+00 6.998e+00 6.998e+00 6.998e+00 6.999e+00 6.999e+00
 6.999e+00 6.999e+00 6.999e+00 6.999e+00 6.999e+00 6.999e+00 6.999e+00 6.999e+00
 6.999e+00 6.999e+00 6.999e+00 6.999e+00 6.999e+00 6.999e+00 6.999e+00 6.999e+00
 6.999e+00 6.999e+00 6.999e+00 6.999e+00 6.999e+00 6.999e+00 6.999e+00 6.999e+00
 6.999e+00 6.999e+00 6.999e+00 6.999e+00 6.999e+00 6.999e+00 6.999e+00 6.999e+00
 6.999e+00 6.999e+00 6.999e+00 6.999e+00 6.999e+00 6.999e+00 6.999e+00 6.999e+00
 6.999e+00 6.999e+00 6.999e+00 6.999e+00 7.000e+00 7.000e+00 7.000e+00 7.000e+00
 7.000e+00 7.000e+00 7.000e+00 7.000e+00 7.000e+00 7.000e+00 7.000e+00 7.000e+00
 7.000e+00 7.000e+00 7.000e+00 7.000e+00 7.000e+00 7.000e+00 7.000e+00 7.000e+00
 7.000e+00 7.000e+00 7.000e+00 7.000e+00 7.000e+00 7.000e+00 7.000e+00 7.000e+00
 7.000e+00 7.000e+00 7.000e+00 7.000e+00 7.000e+00 7.000e+00 7.000e+00 7.000e+00
 7.000e+00 7.000e+00 7.000e+00 7.000e+00 7.000e+00 7.000e+00 7.000e+00 7.000e+00
 7.000e+00 7.000e+00 7.000e+00 7.000e+00 7.000e+00 7.000e+00 7.000e+00 7.000e+00
 7.000e+00 7.000e+00 7.000e+00 7.000e+00 7.000e+00 7.000e+00 7.000e+00 7.000e+00
 7.000e+00 7.000e+00 7.000e+00 7.000e+00 7.000e+00 7.000e+00 7.000e+00 7.000e+00
 7.000e+00 7.000e+00 7.000e+00 7.000e+00 7.000e+00 7.000e+00 7.000e+00 7.000e+00
 7.000e+00 7.000e+00 7.000e+00 7.000e+00 7.000e+00 7.000e+00 7.000e+00 7.000e+00
 7.000e+00 7.000e+00 7.000e+00 7.000e+00 7.000e+00 7.000e+00 7.000e+00 7.000e+00
 7.000e+00 7.000e+00 7.000e+00 7.000e+00 7.000e+00 7.000e+00 7.000e+00 7.000e+00
 7.000e+00 7.000e+00 7.000e+00 7.000e+00 7.000e+00 7.000e+00 7.000e+00 7.000e+00
 7.000e+00 7.000e+00 7.000e+00 7.000e+00 7.000e+00 7.000e+00 7.000e+00 7.000e+00
 7.000e+00 7.000e+00 7.000e+00 7.000e+00 7.000e+00 7.000e+00 7.000e+00 7.000e+00
 7.000e+00 7.000e+00 7.000e+00 7.000e+00 7.000e+00 7.000e+00 7.000e+00 7.000e+00
 7.000e+00 7.000e+00 7.000e+00 7.000e+00 7.000e+00 7.000e+00 7.000e+00 7.000e+00
 7.000e+00 7.000e+00 7.000e+00 7.000e+00 7.000e+00 7.000e+00 7.000e+00 7.000e+00
 7.000e+00 7.000e+00 7.000e+00 7.000e+00 7.000e+00 7.000e+00 7.000e+00 7.000e+00
 7.000e+00 7.000e+00 7.000e+00 7.000e+00 7.000e+00 7.000e+00 7.000e+00 7.000e+00
 7.000e+00 7.000e+00 7.000e+00 7.000e+00 7.000e+00 7.000e+00 7.000e+00 7.000e+00
 7.000e+00 7.000e+00 7.000e+00 7.000e+00 7.000e+00 7.000e+00 7.000e+00 7.000e+00
sqrt(<Z^2>) in equilibrium - infinite confinement
 5.869e-10 1.118e-09 2.110e-09 3.938e-09 7.261e-09 1.321e-08 2.371e-08 4.191e-08
 7.291e-08 1.248e-07 2.103e-07 3.490e-07 5.709e-07 9.209e-07 1.466e-06 2.303e-06
 3.575e-06 5.484e-06 8.320e-06 1.249e-05 1.857e-05 2.734e-05 3.990e-05 5.777e-05
 8.299e-05 1.184e-04 1.678e-04 2.364e-04 3.312e-04 4.619e-04 6.413e-04 8.862e-04
 1.219e-03 1.668e-03 2.271e-03 3.076e-03 4.143e-03 5.550e-03 7.393e-03 9.788e-03
 1.288e-02 1.685e-02 2.189e-02 2.826e-02 3.625e-02 4.618e-02 5.847e-02 7.355e-02
 9.194e-02 1.142e-01 1.409e-01 1.726e-01 2.099e-01 2.531e-01 3.026e-01 3.579e-01
 4.185e-01 4.830e-01 5.495e-01 6.155e-01 6.785e-01 7.363e-01 7.873e-01 8.309e-01
 8.670e-01 8.961e-01 9.193e-01 9.374e-01 9.515e-01 9.624e-01 9.707e-01 9.772e-01
 9.821e-01 9.860e-01 9.889e-01 9.912e-01 9.931e-01 9.945e-01 9.957e-01 9.968e-01
 9.977e-01 9.986e-01 9.995e-01 1.001e+00 1.002e+00 1.003e+00 1.006e+00 1.008e+00
 1.012e+00 1.017e+00 1.024e+00 1.033e+00 1.044e+00 1.058e+00 1.077e+00 1.100e+00
 1.127e+00 1.161e+00 1.199e+00 1.243e+00 1.292e+00 1.345e+00 1.401e+00 1.458e+00
 1.515e+00 1.570e+00 1.623e+00 1.673e+00 1.718e+00 1.759e+00 1.795e+00 1.827e+00
 1.856e+00 1.882e+00 1.905e+00 1.926e+00 1.947e+00 1.967e+00 1.988e+00 2.010e+00
 2.034e+00 2.061e+00 2.091e+00 2.126e+00 2.165e+00 2.208e+00 2.255e+00 2.306e+00
 2.360e+00 2.416e+00 2.472e+00 2.528e+00 2.582e+00 2.634e+00 2.682e+00 2.728e+00
 2.770e+00 2.809e+00 2.845e+00 2.880e+00 2.914e+00 2.947e+00 2.981e+00 3.016e+00
 3.053e+00 3.093e+00 3.136e+00 3.183e+00 3.235e+00 3.291e+00 3.352e+00 3.416e+00
 3.485e+00 3.557e+00 3.632e+00 3.710e+00 3.790e+00 3.871e+00 3.952e+00 4.033e+00
 4.113e+00 4.192e+00 4.267e+00 4.339e+00 4.408e+00 4.471e+00 4.530e+00 4.584e+00
 4.632e+00 4.676e+00 4.715e+00 4.750e+00 4.780e+00 4.807e+00 4.831e+00 4.852e+00
 4.870e+00 4.886e+00 4.899e+00 4.911e+00 4.922e+00 4.931e+00 4.939e+00 4.946e+00
 4.952e+00 4.957e+00 4.962e+00 4.966e+00 4.970e+00 4.973e+00 4.976e+00 4.978e+00
 4.980e+00 4.982e+00 4.984e+00 4.986e+00 4.987e+00 4.988e+00 4.989e+00 4.990e+00
 4.991e+00 4.992e+00 4.993e+00 4.993e+00 4.994e+00 4.994e+00 4.995e+00 4.995e+00
 4.995e+00 4.996e+00 4.996e+00 4.996e+00 4.997e+00 4.997e+00 4.997e+00 4.997e+00
 4.998e+00 4.998e+00 4.998e+00 4.999e+00 4.999e+00 5.000e+00 5.001e+00 5.002e+00
 5.003e+00 5.004e+00 5.006e+00 5.008e+00 5.011e+00 5.015e+00 5.019e+00 5.024e+00
 5.030e+00 5.037e+00 5.046e+00 5.056e+00 5.068e+00 5.082e+00 5.097e+00 5.115e+00
 5.135e+00 5.158e+00 5.183e+00 5.210e+00 5.240e+00 5.272e+00 5.307e+00 5.344e+00
 5.383e+00 5.424e+00 5.467e+00 5.512e+00 5.558e+00 5.606e+00 5.656e+00 5.708e+00
 5.761e+00 5.815e+00 5.870e+00 5.926e+00 5.982e+00 6.039e+00 6.096e+00 6.152e+00
 6.207e+00 6.261e+00 6.313e+00 6.363e+00 6.411e+00 6.457e+00 6.500e+00 6.541e+00
 6.579e+00 6.614e+00 6.647e+00 6.677e+00 6.705e+00 6.730e+00 6.753e+00 6.774e+00
 6.794e+00 6.812e+00 6.828e+00 6.842e+00 6.855e+00 6.867e+00 6.878e+00 6.888e+00
 6.897e+00 6.906e+00 6.913e+00 6.920e+00 6.926e+00 6.932e+00 6.937e+00 6.941e+00
 6.946e+00 6.950e+00 6.953e+00 6.957e+00 6.960e+00 6.962e+00 6.965e+00 6.967e+00
 6.969e+00 6.971e+00 6.973e+00 6.975e+00 6.976e+00 6.978e+00 6.979e+00 6.980e+00
 6.982e+00 6.983e+00 6.984e+00 6.985e+00 6.985e+00 6.986e+00 6.987e+00 6.988e+00
 6.988e+00 6.989e+00 6.989e+00 6.990e+00 6.990e+00 6.991e+00 6.991e+00 6.992e+00
 6.992e+00 6.993e+00 6.993e+00 6.993e+00 6.994e+00 6.994e+00 6.994e+00 6.994e+00
 6.995e+00 6.995e+00 6.995e+00 6.995e+00 6.996e+00 6.996e+00 6.996e+00 6.996e+00
 6.996e+00 6.996e+00 6.997e+00 6.997e+00 6.997e+00 6.997e+00 6.997e+00 6.997e+00
 6.997e+00 6.997e+00 6.997e+00 6.998e+00 6.998e+00 6.998e+00 6.998e+00 6.998e+00
 6.998e+00 6.998e+00 6.998e+00 6.998e+00 6.998e+00 6.998e+00 6.998e+00 6.998e+00
 6.998e+00 6.999e+00 6.999e+00 6.999e+00 6.999e+00 6.999e+00 6.999e+00 6.999e+00
 6.999e+00 6.999e+00 6.999e+00 6.999e+00 6.999e+00 6.999e+00 6.999e+00 6.999e+00
 6.999e+00 6.999e+00 6.999e+00 6.999e+00 6.999e+00 6.999e+00 6.999e+00 6.999e+00
 6.999e+00 6.999e+00 6.999e+00 6.999e+00 6.999e+00 6.999e+00 6.999e+00 6.999e+00
 6.999e+00 6.999e+00 6.999e+00 6.999e+00 6.999e+00 7.000e+00 7.000e+00 7.000e+00
 7.000e+00 7.000e+00 7.000e+00 7.000e+00 7.000e+00 7.000e+00 7.000e+00 7.000e+00
 7.000e+00 7.000e+00 7.000e+00 7.000e+00 7.000e+00 7.000e+00 7.000e+00 7.000e+00
 7.000e+00 7.000e+00 7.000e+00 7.000e+00 7.000e+00 7.000e+00 7.000e+00 7.000e+00
 7.000e+00 7.000e+00 7.000e+00 7.000e+00 7.000e+00 7.000e+00 7.000e+00 7.000e+00
 7.000e+00 7.000e+00 7.000e+00 7.000e+00 7.000e+00 7.000e+00 7.000e+00 7.000e+00
 7.000e+00 7.000e+00 7.000e+00 7.000e+00 7.000e+00 7.000e+00 7.000e+00 7.000e+00
 7.000e+00 7.000e+00 7.000e+00 7.000e+00 7.000e+00 7.000e+00 7.000e+00 7.000e+00
 7.000e+00 7.000e+00 7.000e+00 7.000e+00 7.000e+00 7.000e+00 7.000e+00 7.000e+00
 7.000e+00 7.000e+00 7.000e+00 7.000e+00 7.000e+00 7.000e+00 7.000e+00 7.000e+00
 7.000e+00 7.000e+00 7.000e+00 7.000e+00 7.000e+00 7.000e+00 7.000e+00 7.000e+00
 7.000e+00 7.000e+00 7.000e+00 7.000e+00 7.000e+00 7.000e+00 7.000e+00 7.000e+00
 7.000e+00 7.000e+00 7.000e+00 7.000e+00 7.000e+00 7.000e+00 7.000e+00 7.000e+00
 7.000e+00 7.000e+00 7.000e+00 7.000e+00 7.000e+00 7.000e+00 7.000e+00 7.000e+00
 7.000e+00 7.000e+00 7.000e+00 7.000e+00 7.000e+00 7.000e+00 7.000e+00 7.000e+00
 7.000e+00 7.000e+00 7.000e+00 7.000e+00 7.000e+00 7.000e+00 7.000e+00 7.000e+00
 7.000e+00 7.000e+00 7.000e+00 7.000e+00 7.000e+00 7.000e+00 7.000e+00 7.000e+00
 7.000e+00 7.000e+00 7.000e+00 7.000e+00 7.000e+00 7.000e+00 7.000e+00 7.000e+00
 7.000e+00 7.000e+00 7.000e+00 7.000e+00 7.000e+00 7.000e+00 7.000e+00 7.000e+00
 7.000e+00 7.000e+00 7.000e+00 7.000e+00 7.000e+00 7.000e+00 7.000e+00 7.000e+00
 7.000e+00 7.000e+00 7.000e+00 7.000e+00 7.000e+00 7.000e+00 7.000e+00 7.000e+00
 7.000e+00 7.000e+00 7.000e+00 7.000e+00 7.000e+00 7.000e+00 7.000e+00 7.000e+00
 7.000e+00 7.000e+00 7.000e+00 7.000e+00 7.000e+00 7.000e+00 7.000e+00 7.000e+00
 7.000e+00 7.000e+00 7.000e+00 7.000e+00 7.000e+00 7.000e+00 7.000e+00 7.000e+00
 7.000e+00 7.000e+00 7.000e+00 7.000e+00 7.000e+00 7.000e+00 7.000e+00 7.000e+00
C-------------------------------------------------------------------------------
C
C  The fractional abundance and radiated power were generated from the
C  ADAS installation at UKAEA with the named adf11 files. The adf11 data
C  files may be updated in a later release of ADAS and publicly
C  available versions may be found at https://open.adas.ac.uk/.
C
C  The equilibrium balance data was produced with run_adas405.py and
C  the balance with a confinement time with adas4xx_ionbal_tau.py
C  which are functions from the ADAS library. Details on these codes
C  may be found at: https://www.adas.ac.uk/python_lib/index.html
C
C  Copyright (C) 2023 UK Atomic Energy Authority
C
C  This file was generated for use in the UKAEA systems code PROCESS
C  using a script written by Martin O'Mullane.
C  If acquired without provenance a user is strongly advised
C  to check its validity by re-generating using the adf11 files from
C  the OPEN-ADAS site.
C
C  Produced by : Timothy Nunn
C  Date        : 29-07-26
C
C-------------------------------------------------------------------------------
