Radiated power per atom (W m3) as a function dwell time.
Temperature :      0.2 - 500000.0 eV
Density     : 1.00e+20 m-3
   600     5  # Te values, dwell time

Source data:
acd : /home/adas/adas/adf11/acd96/acd96_ne.dat
scd : /home/adas/adas/adf11/scd96/scd96_ne.dat
plt : /home/adas/adas/adf11/plt96/plt96_ne.dat
prb : /home/adas/adas/adf11/prb96/prb96_ne.dat

Te[eV]
 2.500e-01 2.561e-01 2.624e-01 2.688e-01 2.754e-01 2.822e-01 2.891e-01 2.962e-01
 3.035e-01 3.109e-01 3.185e-01 3.263e-01 3.343e-01 3.425e-01 3.509e-01 3.595e-01
 3.683e-01 3.774e-01 3.866e-01 3.961e-01 4.058e-01 4.158e-01 4.260e-01 4.364e-01
 4.471e-01 4.581e-01 4.693e-01 4.808e-01 4.926e-01 5.047e-01 5.170e-01 5.297e-01
 5.427e-01 5.560e-01 5.696e-01 5.836e-01 5.979e-01 6.126e-01 6.276e-01 6.430e-01
 6.587e-01 6.749e-01 6.914e-01 7.084e-01 7.257e-01 7.435e-01 7.618e-01 7.804e-01
 7.996e-01 8.192e-01 8.393e-01 8.598e-01 8.809e-01 9.025e-01 9.247e-01 9.473e-01
 9.706e-01 9.943e-01 1.019e+00 1.044e+00 1.069e+00 1.096e+00 1.122e+00 1.150e+00
 1.178e+00 1.207e+00 1.237e+00 1.267e+00 1.298e+00 1.330e+00 1.362e+00 1.396e+00
 1.430e+00 1.465e+00 1.501e+00 1.538e+00 1.575e+00 1.614e+00 1.654e+00 1.694e+00
 1.736e+00 1.778e+00 1.822e+00 1.867e+00 1.912e+00 1.959e+00 2.007e+00 2.056e+00
 2.107e+00 2.159e+00 2.211e+00 2.266e+00 2.321e+00 2.378e+00 2.436e+00 2.496e+00
 2.557e+00 2.620e+00 2.684e+00 2.750e+00 2.818e+00 2.887e+00 2.957e+00 3.030e+00
 3.104e+00 3.180e+00 3.258e+00 3.338e+00 3.420e+00 3.504e+00 3.590e+00 3.678e+00
 3.768e+00 3.860e+00 3.955e+00 4.052e+00 4.151e+00 4.253e+00 4.357e+00 4.464e+00
 4.574e+00 4.686e+00 4.801e+00 4.918e+00 5.039e+00 5.162e+00 5.289e+00 5.419e+00
 5.551e+00 5.688e+00 5.827e+00 5.970e+00 6.116e+00 6.266e+00 6.420e+00 6.577e+00
 6.738e+00 6.904e+00 7.073e+00 7.246e+00 7.424e+00 7.606e+00 7.792e+00 7.983e+00
 8.179e+00 8.380e+00 8.585e+00 8.796e+00 9.011e+00 9.232e+00 9.459e+00 9.691e+00
 9.928e+00 1.017e+01 1.042e+01 1.068e+01 1.094e+01 1.121e+01 1.148e+01 1.176e+01
 1.205e+01 1.235e+01 1.265e+01 1.296e+01 1.328e+01 1.360e+01 1.394e+01 1.428e+01
 1.463e+01 1.499e+01 1.535e+01 1.573e+01 1.612e+01 1.651e+01 1.692e+01 1.733e+01
 1.776e+01 1.819e+01 1.864e+01 1.909e+01 1.956e+01 2.004e+01 2.053e+01 2.104e+01
 2.155e+01 2.208e+01 2.262e+01 2.318e+01 2.374e+01 2.433e+01 2.492e+01 2.553e+01
 2.616e+01 2.680e+01 2.746e+01 2.813e+01 2.882e+01 2.953e+01 3.025e+01 3.099e+01
 3.175e+01 3.253e+01 3.333e+01 3.415e+01 3.498e+01 3.584e+01 3.672e+01 3.762e+01
 3.854e+01 3.949e+01 4.046e+01 4.145e+01 4.246e+01 4.351e+01 4.457e+01 4.566e+01
 4.678e+01 4.793e+01 4.911e+01 5.031e+01 5.154e+01 5.281e+01 5.410e+01 5.543e+01
 5.679e+01 5.818e+01 5.961e+01 6.107e+01 6.256e+01 6.410e+01 6.567e+01 6.728e+01
 6.893e+01 7.062e+01 7.235e+01 7.412e+01 7.594e+01 7.780e+01 7.971e+01 8.167e+01
 8.367e+01 8.572e+01 8.782e+01 8.997e+01 9.218e+01 9.444e+01 9.676e+01 9.913e+01
 1.016e+02 1.040e+02 1.066e+02 1.092e+02 1.119e+02 1.146e+02 1.174e+02 1.203e+02
 1.233e+02 1.263e+02 1.294e+02 1.326e+02 1.358e+02 1.391e+02 1.426e+02 1.461e+02
 1.496e+02 1.533e+02 1.571e+02 1.609e+02 1.649e+02 1.689e+02 1.730e+02 1.773e+02
 1.816e+02 1.861e+02 1.906e+02 1.953e+02 2.001e+02 2.050e+02 2.100e+02 2.152e+02
 2.205e+02 2.259e+02 2.314e+02 2.371e+02 2.429e+02 2.488e+02 2.549e+02 2.612e+02
 2.676e+02 2.742e+02 2.809e+02 2.878e+02 2.948e+02 3.021e+02 3.095e+02 3.170e+02
 3.248e+02 3.328e+02 3.409e+02 3.493e+02 3.579e+02 3.666e+02 3.756e+02 3.848e+02
 3.943e+02 4.039e+02 4.138e+02 4.240e+02 4.344e+02 4.450e+02 4.559e+02 4.671e+02
 4.786e+02 4.903e+02 5.023e+02 5.146e+02 5.273e+02 5.402e+02 5.534e+02 5.670e+02
 5.809e+02 5.951e+02 6.097e+02 6.247e+02 6.400e+02 6.557e+02 6.718e+02 6.882e+02
 7.051e+02 7.224e+02 7.401e+02 7.582e+02 7.768e+02 7.959e+02 8.154e+02 8.354e+02
 8.559e+02 8.769e+02 8.984e+02 9.204e+02 9.429e+02 9.661e+02 9.897e+02 1.014e+03
 1.039e+03 1.064e+03 1.090e+03 1.117e+03 1.145e+03 1.173e+03 1.201e+03 1.231e+03
 1.261e+03 1.292e+03 1.324e+03 1.356e+03 1.389e+03 1.423e+03 1.458e+03 1.494e+03
 1.531e+03 1.568e+03 1.607e+03 1.646e+03 1.686e+03 1.728e+03 1.770e+03 1.813e+03
 1.858e+03 1.903e+03 1.950e+03 1.998e+03 2.047e+03 2.097e+03 2.149e+03 2.201e+03
 2.255e+03 2.310e+03 2.367e+03 2.425e+03 2.485e+03 2.546e+03 2.608e+03 2.672e+03
 2.737e+03 2.804e+03 2.873e+03 2.944e+03 3.016e+03 3.090e+03 3.166e+03 3.243e+03
 3.323e+03 3.404e+03 3.488e+03 3.573e+03 3.661e+03 3.750e+03 3.842e+03 3.937e+03
 4.033e+03 4.132e+03 4.233e+03 4.337e+03 4.443e+03 4.552e+03 4.664e+03 4.778e+03
 4.895e+03 5.015e+03 5.138e+03 5.264e+03 5.393e+03 5.526e+03 5.661e+03 5.800e+03
 5.942e+03 6.088e+03 6.237e+03 6.390e+03 6.547e+03 6.707e+03 6.872e+03 7.040e+03
 7.213e+03 7.390e+03 7.571e+03 7.756e+03 7.947e+03 8.141e+03 8.341e+03 8.545e+03
 8.755e+03 8.970e+03 9.190e+03 9.415e+03 9.646e+03 9.882e+03 1.012e+04 1.037e+04
 1.063e+04 1.089e+04 1.115e+04 1.143e+04 1.171e+04 1.200e+04 1.229e+04 1.259e+04
 1.290e+04 1.322e+04 1.354e+04 1.387e+04 1.421e+04 1.456e+04 1.492e+04 1.528e+04
 1.566e+04 1.604e+04 1.643e+04 1.684e+04 1.725e+04 1.767e+04 1.811e+04 1.855e+04
 1.901e+04 1.947e+04 1.995e+04 2.044e+04 2.094e+04 2.145e+04 2.198e+04 2.252e+04
 2.307e+04 2.363e+04 2.421e+04 2.481e+04 2.542e+04 2.604e+04 2.668e+04 2.733e+04
 2.800e+04 2.869e+04 2.939e+04 3.011e+04 3.085e+04 3.161e+04 3.238e+04 3.318e+04
 3.399e+04 3.482e+04 3.568e+04 3.655e+04 3.745e+04 3.836e+04 3.931e+04 4.027e+04
 4.126e+04 4.227e+04 4.330e+04 4.437e+04 4.545e+04 4.657e+04 4.771e+04 4.888e+04
 5.008e+04 5.131e+04 5.256e+04 5.385e+04 5.517e+04 5.652e+04 5.791e+04 5.933e+04
 6.078e+04 6.228e+04 6.380e+04 6.537e+04 6.697e+04 6.861e+04 7.029e+04 7.202e+04
 7.378e+04 7.559e+04 7.744e+04 7.934e+04 8.129e+04 8.328e+04 8.532e+04 8.741e+04
 8.956e+04 9.175e+04 9.400e+04 9.631e+04 9.867e+04 1.011e+05 1.036e+05 1.061e+05
 1.087e+05 1.114e+05 1.141e+05 1.169e+05 1.198e+05 1.227e+05 1.257e+05 1.288e+05
 1.320e+05 1.352e+05 1.385e+05 1.419e+05 1.454e+05 1.489e+05 1.526e+05 1.563e+05
 1.602e+05 1.641e+05 1.681e+05 1.722e+05 1.765e+05 1.808e+05 1.852e+05 1.898e+05
 1.944e+05 1.992e+05 2.041e+05 2.091e+05 2.142e+05 2.194e+05 2.248e+05 2.303e+05
 2.360e+05 2.418e+05 2.477e+05 2.538e+05 2.600e+05 2.664e+05 2.729e+05 2.796e+05
 2.864e+05 2.935e+05 3.007e+05 3.080e+05 3.156e+05 3.233e+05 3.312e+05 3.394e+05
 3.477e+05 3.562e+05 3.649e+05 3.739e+05 3.831e+05 3.924e+05 4.021e+05 4.119e+05
 4.220e+05 4.324e+05 4.430e+05 4.538e+05 4.650e+05 4.764e+05 4.880e+05 5.000e+05
Lz[Wm**3] for tau[ms]=    0.1
 4.256e-60 2.928e-59 1.900e-58 1.157e-57 6.565e-57 3.455e-56 1.677e-55 7.458e-55
 3.024e-54 1.118e-53 3.784e-53 1.181e-52 3.415e-52 9.210e-52 2.329e-51 5.554e-51
 1.257e-50 2.713e-50 5.620e-50 1.124e-49 2.182e-49 4.138e-49 7.709e-49 1.419e-48
 2.595e-48 4.745e-48 8.723e-48 1.621e-47 3.064e-47 5.920e-47 1.171e-46 2.364e-46
 4.848e-46 1.006e-45 2.104e-45 4.420e-45 9.283e-45 1.943e-44 4.034e-44 8.280e-44
 1.673e-43 3.315e-43 6.416e-43 1.208e-42 2.210e-42 3.935e-42 6.829e-42 1.158e-41
 1.919e-41 3.119e-41 4.975e-41 7.804e-41 1.206e-40 1.839e-40 2.773e-40 4.140e-40
 6.131e-40 9.025e-40 1.322e-39 1.929e-39 2.801e-39 4.047e-39 5.819e-39 8.323e-39
 1.184e-38 1.674e-38 2.352e-38 3.283e-38 4.554e-38 6.272e-38 8.576e-38 1.164e-37
 1.567e-37 2.093e-37 2.773e-37 3.641e-37 4.742e-37 6.127e-37 7.856e-37 9.999e-37
 1.264e-36 1.586e-36 1.978e-36 2.452e-36 3.021e-36 3.702e-36 4.511e-36 5.468e-36
 6.593e-36 7.907e-36 9.432e-36 1.119e-35 1.320e-35 1.548e-35 1.805e-35 2.093e-35
 2.414e-35 2.768e-35 3.156e-35 3.581e-35 4.042e-35 4.541e-35 5.080e-35 5.663e-35
 6.294e-35 6.978e-35 7.723e-35 8.540e-35 9.441e-35 1.044e-34 1.156e-34 1.283e-34
 1.426e-34 1.589e-34 1.776e-34 1.990e-34 2.235e-34 2.516e-34 2.839e-34 3.210e-34
 3.633e-34 4.116e-34 4.666e-34 5.289e-34 5.994e-34 6.789e-34 7.680e-34 8.677e-34
 9.787e-34 1.102e-33 1.238e-33 1.387e-33 1.550e-33 1.729e-33 1.923e-33 2.133e-33
 2.360e-33 2.604e-33 2.866e-33 3.147e-33 3.447e-33 3.765e-33 4.104e-33 4.463e-33
 4.843e-33 5.244e-33 5.667e-33 6.111e-33 6.577e-33 7.066e-33 7.576e-33 8.109e-33
 8.664e-33 9.241e-33 9.839e-33 1.046e-32 1.110e-32 1.176e-32 1.243e-32 1.313e-32
 1.384e-32 1.456e-32 1.531e-32 1.606e-32 1.683e-32 1.761e-32 1.841e-32 1.923e-32
 2.005e-32 2.090e-32 2.176e-32 2.264e-32 2.354e-32 2.447e-32 2.541e-32 2.638e-32
 2.737e-32 2.839e-32 2.942e-32 3.048e-32 3.156e-32 3.265e-32 3.376e-32 3.489e-32
 3.602e-32 3.717e-32 3.831e-32 3.946e-32 4.060e-32 4.174e-32 4.286e-32 4.397e-32
 4.507e-32 4.615e-32 4.721e-32 4.825e-32 4.927e-32 5.027e-32 5.125e-32 5.220e-32
 5.313e-32 5.404e-32 5.492e-32 5.579e-32 5.664e-32 5.746e-32 5.826e-32 5.905e-32
 5.982e-32 6.056e-32 6.129e-32 6.200e-32 6.269e-32 6.336e-32 6.400e-32 6.463e-32
 6.523e-32 6.581e-32 6.637e-32 6.690e-32 6.740e-32 6.788e-32 6.832e-32 6.874e-32
 6.912e-32 6.948e-32 6.979e-32 7.007e-32 7.031e-32 7.052e-32 7.068e-32 7.080e-32
 7.088e-32 7.092e-32 7.092e-32 7.087e-32 7.078e-32 7.065e-32 7.048e-32 7.027e-32
 7.001e-32 6.972e-32 6.939e-32 6.903e-32 6.863e-32 6.820e-32 6.773e-32 6.724e-32
 6.672e-32 6.617e-32 6.561e-32 6.501e-32 6.440e-32 6.378e-32 6.313e-32 6.247e-32
 6.180e-32 6.112e-32 6.044e-32 5.974e-32 5.904e-32 5.833e-32 5.763e-32 5.692e-32
 5.621e-32 5.550e-32 5.479e-32 5.409e-32 5.339e-32 5.270e-32 5.202e-32 5.135e-32
 5.069e-32 5.004e-32 4.940e-32 4.877e-32 4.816e-32 4.756e-32 4.697e-32 4.640e-32
 4.584e-32 4.529e-32 4.476e-32 4.424e-32 4.374e-32 4.325e-32 4.277e-32 4.230e-32
 4.185e-32 4.141e-32 4.098e-32 4.056e-32 4.015e-32 3.976e-32 3.937e-32 3.900e-32
 3.863e-32 3.828e-32 3.793e-32 3.760e-32 3.728e-32 3.697e-32 3.667e-32 3.637e-32
 3.609e-32 3.582e-32 3.556e-32 3.531e-32 3.507e-32 3.484e-32 3.462e-32 3.441e-32
 3.420e-32 3.401e-32 3.382e-32 3.364e-32 3.347e-32 3.331e-32 3.315e-32 3.300e-32
 3.285e-32 3.271e-32 3.257e-32 3.244e-32 3.232e-32 3.219e-32 3.207e-32 3.196e-32
 3.185e-32 3.174e-32 3.163e-32 3.152e-32 3.142e-32 3.132e-32 3.122e-32 3.112e-32
 3.103e-32 3.093e-32 3.084e-32 3.075e-32 3.066e-32 3.057e-32 3.048e-32 3.040e-32
 3.031e-32 3.023e-32 3.014e-32 3.006e-32 2.998e-32 2.989e-32 2.981e-32 2.973e-32
 2.965e-32 2.957e-32 2.948e-32 2.940e-32 2.932e-32 2.924e-32 2.915e-32 2.907e-32
 2.898e-32 2.890e-32 2.881e-32 2.873e-32 2.864e-32 2.855e-32 2.847e-32 2.838e-32
 2.830e-32 2.821e-32 2.813e-32 2.804e-32 2.796e-32 2.788e-32 2.779e-32 2.771e-32
 2.763e-32 2.755e-32 2.747e-32 2.738e-32 2.730e-32 2.722e-32 2.714e-32 2.706e-32
 2.698e-32 2.689e-32 2.681e-32 2.673e-32 2.664e-32 2.656e-32 2.647e-32 2.639e-32
 2.630e-32 2.622e-32 2.613e-32 2.605e-32 2.596e-32 2.587e-32 2.579e-32 2.570e-32
 2.561e-32 2.552e-32 2.544e-32 2.535e-32 2.526e-32 2.517e-32 2.509e-32 2.500e-32
 2.491e-32 2.482e-32 2.474e-32 2.465e-32 2.456e-32 2.448e-32 2.439e-32 2.430e-32
 2.422e-32 2.413e-32 2.404e-32 2.396e-32 2.387e-32 2.378e-32 2.370e-32 2.361e-32
 2.353e-32 2.344e-32 2.335e-32 2.327e-32 2.318e-32 2.310e-32 2.301e-32 2.292e-32
 2.284e-32 2.275e-32 2.266e-32 2.258e-32 2.249e-32 2.240e-32 2.232e-32 2.223e-32
 2.214e-32 2.205e-32 2.197e-32 2.188e-32 2.179e-32 2.170e-32 2.162e-32 2.153e-32
 2.144e-32 2.135e-32 2.127e-32 2.118e-32 2.109e-32 2.101e-32 2.092e-32 2.083e-32
 2.075e-32 2.066e-32 2.058e-32 2.049e-32 2.041e-32 2.033e-32 2.024e-32 2.016e-32
 2.008e-32 1.999e-32 1.991e-32 1.983e-32 1.975e-32 1.967e-32 1.958e-32 1.950e-32
 1.942e-32 1.934e-32 1.926e-32 1.918e-32 1.910e-32 1.902e-32 1.895e-32 1.887e-32
 1.879e-32 1.871e-32 1.863e-32 1.856e-32 1.848e-32 1.840e-32 1.833e-32 1.825e-32
 1.817e-32 1.810e-32 1.802e-32 1.795e-32 1.787e-32 1.780e-32 1.772e-32 1.765e-32
 1.758e-32 1.750e-32 1.743e-32 1.736e-32 1.728e-32 1.721e-32 1.714e-32 1.707e-32
 1.700e-32 1.693e-32 1.686e-32 1.679e-32 1.671e-32 1.664e-32 1.658e-32 1.651e-32
 1.644e-32 1.637e-32 1.630e-32 1.623e-32 1.616e-32 1.609e-32 1.603e-32 1.596e-32
 1.589e-32 1.583e-32 1.576e-32 1.569e-32 1.563e-32 1.556e-32 1.550e-32 1.543e-32
 1.537e-32 1.530e-32 1.524e-32 1.517e-32 1.511e-32 1.505e-32 1.498e-32 1.492e-32
 1.486e-32 1.479e-32 1.473e-32 1.467e-32 1.461e-32 1.455e-32 1.448e-32 1.442e-32
 1.436e-32 1.430e-32 1.424e-32 1.418e-32 1.412e-32 1.406e-32 1.400e-32 1.394e-32
 1.389e-32 1.383e-32 1.377e-32 1.371e-32 1.365e-32 1.360e-32 1.354e-32 1.348e-32
 1.342e-32 1.337e-32 1.331e-32 1.326e-32 1.320e-32 1.314e-32 1.309e-32 1.303e-32
 1.298e-32 1.292e-32 1.287e-32 1.282e-32 1.276e-32 1.271e-32 1.266e-32 1.260e-32
 1.255e-32 1.250e-32 1.244e-32 1.239e-32 1.234e-32 1.229e-32 1.224e-32 1.219e-32
 1.214e-32 1.208e-32 1.203e-32 1.198e-32 1.193e-32 1.188e-32 1.184e-32 1.179e-32
 1.174e-32 1.169e-32 1.164e-32 1.159e-32 1.154e-32 1.150e-32 1.145e-32 1.140e-32
Lz[Wm**3] for tau[ms]=    1.0
 4.257e-60 2.928e-59 1.900e-58 1.157e-57 6.565e-57 3.456e-56 1.677e-55 7.459e-55
 3.025e-54 1.118e-53 3.785e-53 1.181e-52 3.417e-52 9.214e-52 2.331e-51 5.560e-51
 1.259e-50 2.719e-50 5.639e-50 1.129e-49 2.198e-49 4.182e-49 7.826e-49 1.450e-48
 2.674e-48 4.941e-48 9.198e-48 1.734e-47 3.327e-47 6.521e-47 1.306e-46 2.660e-46
 5.488e-46 1.142e-45 2.388e-45 5.001e-45 1.045e-44 2.174e-44 4.485e-44 9.142e-44
 1.835e-43 3.615e-43 6.962e-43 1.306e-42 2.382e-42 4.233e-42 7.338e-42 1.243e-41
 2.061e-41 3.351e-41 5.349e-41 8.400e-41 1.300e-40 1.985e-40 2.996e-40 4.478e-40
 6.639e-40 9.778e-40 1.433e-39 2.090e-39 3.032e-39 4.378e-39 6.286e-39 8.975e-39
 1.274e-38 1.797e-38 2.520e-38 3.509e-38 4.853e-38 6.664e-38 9.082e-38 1.228e-37
 1.647e-37 2.190e-37 2.887e-37 3.769e-37 4.875e-37 6.247e-37 7.931e-37 9.977e-37
 1.243e-36 1.535e-36 1.876e-36 2.271e-36 2.722e-36 3.231e-36 3.797e-36 4.419e-36
 5.092e-36 5.812e-36 6.575e-36 7.376e-36 8.215e-36 9.095e-36 1.002e-35 1.102e-35
 1.209e-35 1.329e-35 1.463e-35 1.619e-35 1.801e-35 2.018e-35 2.279e-35 2.595e-35
 2.981e-35 3.453e-35 4.030e-35 4.736e-35 5.598e-35 6.648e-35 7.923e-35 9.461e-35
 1.131e-34 1.351e-34 1.612e-34 1.919e-34 2.277e-34 2.690e-34 3.164e-34 3.704e-34
 4.313e-34 4.997e-34 5.758e-34 6.603e-34 7.535e-34 8.559e-34 9.680e-34 1.090e-33
 1.223e-33 1.367e-33 1.523e-33 1.692e-33 1.873e-33 2.068e-33 2.277e-33 2.501e-33
 2.741e-33 2.997e-33 3.271e-33 3.562e-33 3.871e-33 4.198e-33 4.544e-33 4.909e-33
 5.293e-33 5.696e-33 6.117e-33 6.555e-33 7.011e-33 7.483e-33 7.972e-33 8.476e-33
 8.997e-33 9.536e-33 1.009e-32 1.067e-32 1.126e-32 1.188e-32 1.253e-32 1.320e-32
 1.390e-32 1.464e-32 1.541e-32 1.622e-32 1.706e-32 1.794e-32 1.885e-32 1.980e-32
 2.078e-32 2.178e-32 2.281e-32 2.386e-32 2.493e-32 2.601e-32 2.709e-32 2.817e-32
 2.925e-32 3.032e-32 3.137e-32 3.241e-32 3.344e-32 3.444e-32 3.541e-32 3.637e-32
 3.730e-32 3.820e-32 3.907e-32 3.992e-32 4.075e-32 4.156e-32 4.234e-32 4.310e-32
 4.384e-32 4.456e-32 4.526e-32 4.595e-32 4.661e-32 4.725e-32 4.788e-32 4.848e-32
 4.905e-32 4.960e-32 5.012e-32 5.060e-32 5.104e-32 5.144e-32 5.178e-32 5.207e-32
 5.229e-32 5.245e-32 5.252e-32 5.252e-32 5.243e-32 5.224e-32 5.196e-32 5.157e-32
 5.109e-32 5.050e-32 4.981e-32 4.903e-32 4.816e-32 4.720e-32 4.617e-32 4.507e-32
 4.391e-32 4.270e-32 4.146e-32 4.019e-32 3.889e-32 3.759e-32 3.629e-32 3.500e-32
 3.372e-32 3.246e-32 3.123e-32 3.003e-32 2.886e-32 2.773e-32 2.664e-32 2.559e-32
 2.458e-32 2.361e-32 2.268e-32 2.179e-32 2.095e-32 2.014e-32 1.937e-32 1.864e-32
 1.795e-32 1.729e-32 1.666e-32 1.606e-32 1.550e-32 1.496e-32 1.445e-32 1.397e-32
 1.351e-32 1.308e-32 1.266e-32 1.227e-32 1.190e-32 1.155e-32 1.122e-32 1.091e-32
 1.061e-32 1.033e-32 1.006e-32 9.810e-33 9.572e-33 9.349e-33 9.139e-33 8.941e-33
 8.757e-33 8.584e-33 8.423e-33 8.273e-33 8.134e-33 8.006e-33 7.888e-33 7.780e-33
 7.682e-33 7.593e-33 7.514e-33 7.443e-33 7.380e-33 7.326e-33 7.279e-33 7.240e-33
 7.208e-33 7.182e-33 7.164e-33 7.151e-33 7.144e-33 7.143e-33 7.147e-33 7.155e-33
 7.168e-33 7.186e-33 7.207e-33 7.232e-33 7.260e-33 7.291e-33 7.324e-33 7.359e-33
 7.395e-33 7.433e-33 7.472e-33 7.511e-33 7.550e-33 7.588e-33 7.626e-33 7.663e-33
 7.699e-33 7.733e-33 7.764e-33 7.794e-33 7.821e-33 7.846e-33 7.867e-33 7.886e-33
 7.902e-33 7.915e-33 7.925e-33 7.931e-33 7.935e-33 7.936e-33 7.934e-33 7.929e-33
 7.921e-33 7.911e-33 7.899e-33 7.884e-33 7.867e-33 7.848e-33 7.826e-33 7.803e-33
 7.779e-33 7.753e-33 7.725e-33 7.696e-33 7.666e-33 7.634e-33 7.602e-33 7.569e-33
 7.535e-33 7.500e-33 7.465e-33 7.429e-33 7.393e-33 7.356e-33 7.319e-33 7.282e-33
 7.244e-33 7.207e-33 7.169e-33 7.132e-33 7.094e-33 7.057e-33 7.020e-33 6.983e-33
 6.946e-33 6.909e-33 6.873e-33 6.837e-33 6.801e-33 6.766e-33 6.731e-33 6.697e-33
 6.663e-33 6.630e-33 6.597e-33 6.565e-33 6.534e-33 6.503e-33 6.472e-33 6.442e-33
 6.413e-33 6.384e-33 6.356e-33 6.328e-33 6.300e-33 6.273e-33 6.247e-33 6.221e-33
 6.195e-33 6.170e-33 6.146e-33 6.121e-33 6.097e-33 6.074e-33 6.051e-33 6.028e-33
 6.005e-33 5.983e-33 5.962e-33 5.940e-33 5.919e-33 5.898e-33 5.878e-33 5.858e-33
 5.838e-33 5.818e-33 5.799e-33 5.780e-33 5.761e-33 5.743e-33 5.725e-33 5.707e-33
 5.689e-33 5.672e-33 5.654e-33 5.637e-33 5.621e-33 5.604e-33 5.588e-33 5.571e-33
 5.556e-33 5.540e-33 5.524e-33 5.509e-33 5.493e-33 5.478e-33 5.463e-33 5.448e-33
 5.434e-33 5.419e-33 5.405e-33 5.390e-33 5.376e-33 5.362e-33 5.348e-33 5.334e-33
 5.321e-33 5.307e-33 5.294e-33 5.281e-33 5.268e-33 5.255e-33 5.242e-33 5.229e-33
 5.216e-33 5.204e-33 5.192e-33 5.179e-33 5.167e-33 5.155e-33 5.143e-33 5.131e-33
 5.119e-33 5.107e-33 5.095e-33 5.084e-33 5.072e-33 5.060e-33 5.049e-33 5.037e-33
 5.026e-33 5.015e-33 5.003e-33 4.992e-33 4.981e-33 4.970e-33 4.958e-33 4.947e-33
 4.936e-33 4.925e-33 4.915e-33 4.904e-33 4.893e-33 4.882e-33 4.872e-33 4.861e-33
 4.850e-33 4.840e-33 4.829e-33 4.819e-33 4.809e-33 4.798e-33 4.788e-33 4.778e-33
 4.768e-33 4.758e-33 4.748e-33 4.738e-33 4.728e-33 4.718e-33 4.708e-33 4.698e-33
 4.688e-33 4.679e-33 4.669e-33 4.659e-33 4.650e-33 4.640e-33 4.631e-33 4.622e-33
 4.612e-33 4.603e-33 4.594e-33 4.584e-33 4.575e-33 4.566e-33 4.557e-33 4.548e-33
 4.539e-33 4.530e-33 4.521e-33 4.513e-33 4.504e-33 4.495e-33 4.486e-33 4.478e-33
 4.469e-33 4.461e-33 4.452e-33 4.444e-33 4.435e-33 4.427e-33 4.419e-33 4.411e-33
 4.402e-33 4.394e-33 4.386e-33 4.378e-33 4.370e-33 4.362e-33 4.354e-33 4.347e-33
 4.339e-33 4.331e-33 4.323e-33 4.316e-33 4.308e-33 4.301e-33 4.293e-33 4.286e-33
 4.278e-33 4.271e-33 4.264e-33 4.256e-33 4.249e-33 4.242e-33 4.235e-33 4.228e-33
 4.221e-33 4.214e-33 4.207e-33 4.200e-33 4.193e-33 4.187e-33 4.180e-33 4.173e-33
 4.167e-33 4.160e-33 4.154e-33 4.147e-33 4.141e-33 4.134e-33 4.128e-33 4.122e-33
 4.116e-33 4.109e-33 4.103e-33 4.097e-33 4.091e-33 4.085e-33 4.079e-33 4.074e-33
 4.068e-33 4.062e-33 4.056e-33 4.051e-33 4.045e-33 4.040e-33 4.034e-33 4.029e-33
 4.023e-33 4.018e-33 4.013e-33 4.007e-33 4.002e-33 3.997e-33 3.992e-33 3.987e-33
 3.982e-33 3.977e-33 3.972e-33 3.968e-33 3.963e-33 3.958e-33 3.954e-33 3.949e-33
 3.945e-33 3.940e-33 3.936e-33 3.931e-33 3.927e-33 3.923e-33 3.919e-33 3.914e-33
Lz[Wm**3] for tau[ms]=   10.0
 4.257e-60 2.928e-59 1.900e-58 1.157e-57 6.566e-57 3.456e-56 1.677e-55 7.459e-55
 3.025e-54 1.118e-53 3.785e-53 1.181e-52 3.417e-52 9.217e-52 2.332e-51 5.564e-51
 1.260e-50 2.724e-50 5.655e-50 1.134e-49 2.214e-49 4.228e-49 7.957e-49 1.486e-48
 2.773e-48 5.203e-48 9.875e-48 1.905e-47 3.747e-47 7.534e-47 1.546e-46 3.217e-46
 6.757e-46 1.426e-45 3.011e-45 6.342e-45 1.329e-44 2.763e-44 5.684e-44 1.154e-43
 2.307e-43 4.526e-43 8.690e-43 1.628e-42 2.972e-42 5.296e-42 9.222e-42 1.572e-41
 2.626e-41 4.306e-41 6.941e-41 1.102e-40 1.724e-40 2.664e-40 4.068e-40 6.151e-40
 9.218e-40 1.371e-39 2.025e-39 2.972e-39 4.334e-39 6.276e-39 9.025e-39 1.288e-38
 1.826e-38 2.568e-38 3.582e-38 4.957e-38 6.800e-38 9.242e-38 1.244e-37 1.656e-37
 2.180e-37 2.834e-37 3.634e-37 4.589e-37 5.703e-37 6.968e-37 8.364e-37 9.859e-37
 1.141e-36 1.297e-36 1.450e-36 1.596e-36 1.734e-36 1.864e-36 1.988e-36 2.112e-36
 2.242e-36 2.387e-36 2.556e-36 2.763e-36 3.025e-36 3.360e-36 3.795e-36 4.359e-36
 5.093e-36 6.046e-36 7.284e-36 8.889e-36 1.097e-35 1.365e-35 1.710e-35 2.153e-35
 2.715e-35 3.425e-35 4.311e-35 5.404e-35 6.734e-35 8.331e-35 1.023e-34 1.244e-34
 1.501e-34 1.796e-34 2.131e-34 2.508e-34 2.932e-34 3.405e-34 3.931e-34 4.514e-34
 5.157e-34 5.866e-34 6.645e-34 7.499e-34 8.435e-34 9.458e-34 1.057e-33 1.179e-33
 1.311e-33 1.455e-33 1.611e-33 1.780e-33 1.962e-33 2.159e-33 2.372e-33 2.600e-33
 2.846e-33 3.109e-33 3.390e-33 3.688e-33 4.005e-33 4.339e-33 4.689e-33 5.056e-33
 5.437e-33 5.833e-33 6.244e-33 6.669e-33 7.109e-33 7.565e-33 8.040e-33 8.536e-33
 9.054e-33 9.600e-33 1.017e-32 1.078e-32 1.143e-32 1.211e-32 1.283e-32 1.359e-32
 1.440e-32 1.525e-32 1.613e-32 1.705e-32 1.801e-32 1.899e-32 2.000e-32 2.102e-32
 2.206e-32 2.310e-32 2.414e-32 2.519e-32 2.622e-32 2.725e-32 2.826e-32 2.925e-32
 3.023e-32 3.118e-32 3.211e-32 3.301e-32 3.388e-32 3.473e-32 3.556e-32 3.636e-32
 3.713e-32 3.789e-32 3.862e-32 3.934e-32 4.004e-32 4.072e-32 4.138e-32 4.202e-32
 4.265e-32 4.325e-32 4.382e-32 4.437e-32 4.488e-32 4.535e-32 4.576e-32 4.611e-32
 4.639e-32 4.657e-32 4.664e-32 4.657e-32 4.636e-32 4.598e-32 4.541e-32 4.464e-32
 4.367e-32 4.250e-32 4.114e-32 3.961e-32 3.792e-32 3.612e-32 3.423e-32 3.228e-32
 3.032e-32 2.837e-32 2.645e-32 2.459e-32 2.280e-32 2.110e-32 1.951e-32 1.801e-32
 1.661e-32 1.532e-32 1.413e-32 1.303e-32 1.202e-32 1.110e-32 1.026e-32 9.488e-33
 8.786e-33 8.146e-33 7.562e-33 7.029e-33 6.543e-33 6.100e-33 5.696e-33 5.327e-33
 4.990e-33 4.682e-33 4.400e-33 4.142e-33 3.906e-33 3.689e-33 3.491e-33 3.308e-33
 3.140e-33 2.986e-33 2.845e-33 2.714e-33 2.594e-33 2.483e-33 2.382e-33 2.288e-33
 2.203e-33 2.124e-33 2.052e-33 1.986e-33 1.927e-33 1.873e-33 1.824e-33 1.781e-33
 1.742e-33 1.709e-33 1.680e-33 1.656e-33 1.636e-33 1.621e-33 1.610e-33 1.603e-33
 1.601e-33 1.602e-33 1.608e-33 1.617e-33 1.630e-33 1.647e-33 1.668e-33 1.692e-33
 1.719e-33 1.750e-33 1.783e-33 1.819e-33 1.857e-33 1.898e-33 1.940e-33 1.984e-33
 2.029e-33 2.075e-33 2.121e-33 2.167e-33 2.213e-33 2.257e-33 2.300e-33 2.340e-33
 2.379e-33 2.414e-33 2.446e-33 2.475e-33 2.499e-33 2.519e-33 2.534e-33 2.545e-33
 2.551e-33 2.553e-33 2.550e-33 2.542e-33 2.531e-33 2.515e-33 2.496e-33 2.474e-33
 2.450e-33 2.422e-33 2.393e-33 2.362e-33 2.329e-33 2.295e-33 2.260e-33 2.225e-33
 2.189e-33 2.154e-33 2.118e-33 2.082e-33 2.047e-33 2.012e-33 1.978e-33 1.945e-33
 1.912e-33 1.879e-33 1.848e-33 1.817e-33 1.787e-33 1.758e-33 1.730e-33 1.703e-33
 1.676e-33 1.650e-33 1.625e-33 1.600e-33 1.577e-33 1.553e-33 1.531e-33 1.509e-33
 1.488e-33 1.468e-33 1.448e-33 1.429e-33 1.410e-33 1.392e-33 1.374e-33 1.357e-33
 1.341e-33 1.325e-33 1.309e-33 1.294e-33 1.280e-33 1.266e-33 1.252e-33 1.239e-33
 1.226e-33 1.213e-33 1.201e-33 1.189e-33 1.178e-33 1.167e-33 1.156e-33 1.146e-33
 1.136e-33 1.126e-33 1.117e-33 1.108e-33 1.099e-33 1.090e-33 1.082e-33 1.074e-33
 1.066e-33 1.059e-33 1.051e-33 1.044e-33 1.038e-33 1.031e-33 1.025e-33 1.019e-33
 1.013e-33 1.007e-33 1.001e-33 9.959e-34 9.907e-34 9.857e-34 9.808e-34 9.761e-34
 9.716e-34 9.672e-34 9.629e-34 9.588e-34 9.549e-34 9.510e-34 9.474e-34 9.438e-34
 9.404e-34 9.370e-34 9.339e-34 9.308e-34 9.278e-34 9.249e-34 9.222e-34 9.195e-34
 9.169e-34 9.144e-34 9.120e-34 9.097e-34 9.075e-34 9.054e-34 9.034e-34 9.014e-34
 8.995e-34 8.977e-34 8.960e-34 8.943e-34 8.927e-34 8.912e-34 8.897e-34 8.884e-34
 8.871e-34 8.858e-34 8.847e-34 8.836e-34 8.826e-34 8.816e-34 8.808e-34 8.800e-34
 8.793e-34 8.786e-34 8.780e-34 8.775e-34 8.771e-34 8.767e-34 8.764e-34 8.761e-34
 8.759e-34 8.758e-34 8.757e-34 8.757e-34 8.757e-34 8.757e-34 8.758e-34 8.759e-34
 8.761e-34 8.762e-34 8.764e-34 8.766e-34 8.768e-34 8.770e-34 8.772e-34 8.774e-34
 8.777e-34 8.780e-34 8.783e-34 8.787e-34 8.791e-34 8.795e-34 8.799e-34 8.804e-34
 8.809e-34 8.814e-34 8.820e-34 8.826e-34 8.832e-34 8.838e-34 8.845e-34 8.852e-34
 8.859e-34 8.867e-34 8.874e-34 8.882e-34 8.890e-34 8.899e-34 8.908e-34 8.917e-34
 8.926e-34 8.935e-34 8.945e-34 8.955e-34 8.965e-34 8.976e-34 8.986e-34 8.997e-34
 9.008e-34 9.020e-34 9.031e-34 9.043e-34 9.055e-34 9.068e-34 9.080e-34 9.093e-34
 9.106e-34 9.120e-34 9.133e-34 9.147e-34 9.161e-34 9.176e-34 9.190e-34 9.205e-34
 9.220e-34 9.235e-34 9.251e-34 9.266e-34 9.282e-34 9.298e-34 9.315e-34 9.332e-34
 9.349e-34 9.366e-34 9.383e-34 9.401e-34 9.419e-34 9.437e-34 9.455e-34 9.474e-34
 9.493e-34 9.512e-34 9.532e-34 9.551e-34 9.571e-34 9.591e-34 9.612e-34 9.633e-34
 9.653e-34 9.675e-34 9.696e-34 9.718e-34 9.740e-34 9.762e-34 9.785e-34 9.807e-34
 9.830e-34 9.854e-34 9.877e-34 9.901e-34 9.925e-34 9.950e-34 9.974e-34 9.999e-34
 1.002e-33 1.005e-33 1.008e-33 1.010e-33 1.013e-33 1.015e-33 1.018e-33 1.021e-33
 1.024e-33 1.026e-33 1.029e-33 1.032e-33 1.035e-33 1.038e-33 1.041e-33 1.044e-33
 1.047e-33 1.050e-33 1.053e-33 1.056e-33 1.059e-33 1.062e-33 1.065e-33 1.068e-33
 1.072e-33 1.075e-33 1.078e-33 1.081e-33 1.085e-33 1.088e-33 1.092e-33 1.095e-33
 1.099e-33 1.102e-33 1.106e-33 1.109e-33 1.113e-33 1.116e-33 1.120e-33 1.124e-33
 1.128e-33 1.131e-33 1.135e-33 1.139e-33 1.143e-33 1.147e-33 1.151e-33 1.155e-33
 1.159e-33 1.163e-33 1.167e-33 1.171e-33 1.175e-33 1.180e-33 1.184e-33 1.188e-33
Lz[Wm**3] for tau[ms]=  100.0
 4.257e-60 2.929e-59 1.900e-58 1.157e-57 6.566e-57 3.456e-56 1.677e-55 7.459e-55
 3.025e-54 1.118e-53 3.785e-53 1.181e-52 3.417e-52 9.218e-52 2.332e-51 5.565e-51
 1.260e-50 2.725e-50 5.658e-50 1.135e-49 2.217e-49 4.237e-49 7.985e-49 1.494e-48
 2.796e-48 5.266e-48 1.004e-47 1.949e-47 3.861e-47 7.823e-47 1.617e-46 3.391e-46
 7.172e-46 1.523e-45 3.234e-45 6.846e-45 1.441e-44 3.006e-44 6.203e-44 1.263e-43
 2.532e-43 4.982e-43 9.596e-43 1.805e-42 3.313e-42 5.940e-42 1.042e-41 1.791e-41
 3.020e-41 5.004e-41 8.162e-41 1.312e-40 2.081e-40 3.262e-40 5.058e-40 7.768e-40
 1.183e-39 1.786e-39 2.680e-39 3.992e-39 5.904e-39 8.667e-39 1.262e-38 1.824e-38
 2.612e-38 3.709e-38 5.214e-38 7.256e-38 9.984e-38 1.356e-37 1.817e-37 2.395e-37
 3.101e-37 3.933e-37 4.875e-37 5.895e-37 6.944e-37 7.967e-37 8.909e-37 9.727e-37
 1.040e-36 1.092e-36 1.132e-36 1.162e-36 1.187e-36 1.212e-36 1.243e-36 1.287e-36
 1.350e-36 1.442e-36 1.573e-36 1.756e-36 2.009e-36 2.353e-36 2.816e-36 3.436e-36
 4.261e-36 5.356e-36 6.805e-36 8.716e-36 1.123e-35 1.450e-35 1.875e-35 2.419e-35
 3.106e-35 3.963e-35 5.013e-35 6.279e-35 7.783e-35 9.545e-35 1.159e-34 1.393e-34
 1.659e-34 1.960e-34 2.299e-34 2.678e-34 3.101e-34 3.572e-34 4.094e-34 4.672e-34
 5.310e-34 6.013e-34 6.787e-34 7.636e-34 8.567e-34 9.586e-34 1.070e-33 1.192e-33
 1.324e-33 1.468e-33 1.625e-33 1.795e-33 1.979e-33 2.178e-33 2.393e-33 2.625e-33
 2.874e-33 3.141e-33 3.425e-33 3.728e-33 4.047e-33 4.382e-33 4.733e-33 5.098e-33
 5.477e-33 5.869e-33 6.275e-33 6.695e-33 7.132e-33 7.586e-33 8.059e-33 8.556e-33
 9.079e-33 9.630e-33 1.021e-32 1.083e-32 1.149e-32 1.219e-32 1.293e-32 1.372e-32
 1.455e-32 1.542e-32 1.632e-32 1.726e-32 1.823e-32 1.923e-32 2.024e-32 2.126e-32
 2.230e-32 2.334e-32 2.437e-32 2.540e-32 2.643e-32 2.743e-32 2.843e-32 2.940e-32
 3.035e-32 3.128e-32 3.219e-32 3.306e-32 3.392e-32 3.474e-32 3.554e-32 3.632e-32
 3.707e-32 3.781e-32 3.852e-32 3.922e-32 3.990e-32 4.056e-32 4.121e-32 4.184e-32
 4.244e-32 4.302e-32 4.356e-32 4.407e-32 4.454e-32 4.494e-32 4.528e-32 4.553e-32
 4.566e-32 4.566e-32 4.549e-32 4.514e-32 4.457e-32 4.376e-32 4.269e-32 4.137e-32
 3.981e-32 3.802e-32 3.604e-32 3.392e-32 3.170e-32 2.943e-32 2.717e-32 2.495e-32
 2.280e-32 2.077e-32 1.885e-32 1.707e-32 1.543e-32 1.393e-32 1.257e-32 1.134e-32
 1.023e-32 9.226e-33 8.330e-33 7.528e-33 6.811e-33 6.170e-33 5.597e-33 5.085e-33
 4.628e-33 4.218e-33 3.852e-33 3.524e-33 3.229e-33 2.966e-33 2.729e-33 2.517e-33
 2.326e-33 2.154e-33 1.999e-33 1.860e-33 1.734e-33 1.621e-33 1.519e-33 1.427e-33
 1.343e-33 1.268e-33 1.201e-33 1.139e-33 1.084e-33 1.035e-33 9.907e-34 9.511e-34
 9.160e-34 8.851e-34 8.580e-34 8.347e-34 8.150e-34 7.987e-34 7.858e-34 7.761e-34
 7.697e-34 7.664e-34 7.662e-34 7.691e-34 7.751e-34 7.840e-34 7.959e-34 8.107e-34
 8.285e-34 8.490e-34 8.723e-34 8.983e-34 9.269e-34 9.580e-34 9.914e-34 1.027e-33
 1.065e-33 1.104e-33 1.145e-33 1.187e-33 1.230e-33 1.274e-33 1.318e-33 1.362e-33
 1.405e-33 1.446e-33 1.486e-33 1.524e-33 1.559e-33 1.591e-33 1.618e-33 1.642e-33
 1.660e-33 1.674e-33 1.682e-33 1.685e-33 1.683e-33 1.675e-33 1.662e-33 1.645e-33
 1.623e-33 1.598e-33 1.570e-33 1.538e-33 1.505e-33 1.470e-33 1.434e-33 1.397e-33
 1.360e-33 1.323e-33 1.285e-33 1.249e-33 1.213e-33 1.177e-33 1.143e-33 1.110e-33
 1.078e-33 1.046e-33 1.017e-33 9.878e-34 9.602e-34 9.338e-34 9.084e-34 8.842e-34
 8.610e-34 8.388e-34 8.176e-34 7.974e-34 7.780e-34 7.594e-34 7.417e-34 7.248e-34
 7.085e-34 6.930e-34 6.781e-34 6.638e-34 6.501e-34 6.369e-34 6.243e-34 6.122e-34
 6.005e-34 5.893e-34 5.785e-34 5.681e-34 5.581e-34 5.485e-34 5.393e-34 5.304e-34
 5.219e-34 5.136e-34 5.057e-34 4.981e-34 4.907e-34 4.836e-34 4.768e-34 4.702e-34
 4.639e-34 4.578e-34 4.519e-34 4.462e-34 4.408e-34 4.355e-34 4.305e-34 4.256e-34
 4.209e-34 4.163e-34 4.119e-34 4.077e-34 4.037e-34 3.998e-34 3.960e-34 3.924e-34
 3.890e-34 3.856e-34 3.824e-34 3.794e-34 3.764e-34 3.736e-34 3.709e-34 3.683e-34
 3.658e-34 3.635e-34 3.612e-34 3.591e-34 3.570e-34 3.551e-34 3.532e-34 3.515e-34
 3.498e-34 3.482e-34 3.467e-34 3.453e-34 3.440e-34 3.428e-34 3.416e-34 3.405e-34
 3.395e-34 3.386e-34 3.377e-34 3.369e-34 3.361e-34 3.355e-34 3.349e-34 3.343e-34
 3.338e-34 3.334e-34 3.330e-34 3.327e-34 3.324e-34 3.322e-34 3.320e-34 3.319e-34
 3.319e-34 3.319e-34 3.319e-34 3.320e-34 3.322e-34 3.324e-34 3.326e-34 3.330e-34
 3.333e-34 3.337e-34 3.342e-34 3.347e-34 3.353e-34 3.359e-34 3.366e-34 3.374e-34
 3.382e-34 3.390e-34 3.399e-34 3.409e-34 3.419e-34 3.429e-34 3.440e-34 3.452e-34
 3.464e-34 3.476e-34 3.489e-34 3.502e-34 3.516e-34 3.529e-34 3.543e-34 3.557e-34
 3.571e-34 3.585e-34 3.600e-34 3.614e-34 3.629e-34 3.643e-34 3.658e-34 3.673e-34
 3.688e-34 3.703e-34 3.718e-34 3.734e-34 3.750e-34 3.767e-34 3.783e-34 3.800e-34
 3.817e-34 3.835e-34 3.852e-34 3.870e-34 3.888e-34 3.907e-34 3.925e-34 3.944e-34
 3.963e-34 3.982e-34 4.002e-34 4.022e-34 4.042e-34 4.062e-34 4.082e-34 4.103e-34
 4.124e-34 4.145e-34 4.166e-34 4.188e-34 4.210e-34 4.232e-34 4.254e-34 4.276e-34
 4.299e-34 4.322e-34 4.345e-34 4.368e-34 4.392e-34 4.415e-34 4.439e-34 4.463e-34
 4.488e-34 4.512e-34 4.537e-34 4.562e-34 4.587e-34 4.613e-34 4.638e-34 4.664e-34
 4.690e-34 4.717e-34 4.743e-34 4.770e-34 4.797e-34 4.824e-34 4.851e-34 4.879e-34
 4.907e-34 4.935e-34 4.963e-34 4.991e-34 5.020e-34 5.049e-34 5.078e-34 5.107e-34
 5.137e-34 5.167e-34 5.197e-34 5.227e-34 5.257e-34 5.288e-34 5.319e-34 5.350e-34
 5.382e-34 5.413e-34 5.445e-34 5.477e-34 5.510e-34 5.542e-34 5.575e-34 5.608e-34
 5.641e-34 5.675e-34 5.709e-34 5.743e-34 5.777e-34 5.812e-34 5.846e-34 5.881e-34
 5.917e-34 5.952e-34 5.988e-34 6.024e-34 6.061e-34 6.097e-34 6.134e-34 6.171e-34
 6.208e-34 6.246e-34 6.284e-34 6.322e-34 6.361e-34 6.399e-34 6.438e-34 6.478e-34
 6.517e-34 6.557e-34 6.597e-34 6.638e-34 6.678e-34 6.719e-34 6.761e-34 6.802e-34
 6.844e-34 6.886e-34 6.929e-34 6.971e-34 7.014e-34 7.058e-34 7.101e-34 7.145e-34
 7.190e-34 7.234e-34 7.279e-34 7.324e-34 7.370e-34 7.416e-34 7.462e-34 7.508e-34
 7.555e-34 7.602e-34 7.650e-34 7.697e-34 7.746e-34 7.794e-34 7.843e-34 7.892e-34
 7.942e-34 7.991e-34 8.042e-34 8.092e-34 8.143e-34 8.194e-34 8.246e-34 8.298e-34
Lz[Wm**3] for tau[ms]= 1000.0
 4.257e-60 2.929e-59 1.900e-58 1.157e-57 6.566e-57 3.456e-56 1.677e-55 7.459e-55
 3.025e-54 1.118e-53 3.785e-53 1.181e-52 3.417e-52 9.218e-52 2.332e-51 5.565e-51
 1.260e-50 2.725e-50 5.658e-50 1.136e-49 2.217e-49 4.238e-49 7.989e-49 1.495e-48
 2.799e-48 5.273e-48 1.006e-47 1.954e-47 3.875e-47 7.857e-47 1.626e-46 3.412e-46
 7.223e-46 1.535e-45 3.262e-45 6.910e-45 1.455e-44 3.038e-44 6.273e-44 1.278e-43
 2.563e-43 5.046e-43 9.727e-43 1.831e-42 3.364e-42 6.038e-42 1.061e-41 1.825e-41
 3.084e-41 5.121e-41 8.371e-41 1.349e-40 2.145e-40 3.372e-40 5.245e-40 8.081e-40
 1.235e-39 1.872e-39 2.818e-39 4.213e-39 6.255e-39 9.217e-39 1.348e-38 1.954e-38
 2.810e-38 4.003e-38 5.647e-38 7.882e-38 1.087e-37 1.479e-37 1.982e-37 2.610e-37
 3.369e-37 4.249e-37 5.225e-37 6.251e-37 7.267e-37 8.212e-37 9.034e-37 9.700e-37
 1.020e-36 1.055e-36 1.078e-36 1.094e-36 1.107e-36 1.122e-36 1.145e-36 1.182e-36
 1.241e-36 1.331e-36 1.461e-36 1.645e-36 1.901e-36 2.250e-36 2.721e-36 3.353e-36
 4.197e-36 5.320e-36 6.809e-36 8.777e-36 1.137e-35 1.475e-35 1.913e-35 2.474e-35
 3.182e-35 4.060e-35 5.132e-35 6.420e-35 7.944e-35 9.723e-35 1.178e-34 1.413e-34
 1.680e-34 1.981e-34 2.319e-34 2.698e-34 3.121e-34 3.591e-34 4.112e-34 4.689e-34
 5.327e-34 6.029e-34 6.802e-34 7.650e-34 8.581e-34 9.600e-34 1.071e-33 1.193e-33
 1.325e-33 1.470e-33 1.626e-33 1.796e-33 1.981e-33 2.180e-33 2.396e-33 2.628e-33
 2.878e-33 3.145e-33 3.430e-33 3.733e-33 4.053e-33 4.388e-33 4.739e-33 5.103e-33
 5.482e-33 5.873e-33 6.279e-33 6.699e-33 7.134e-33 7.588e-33 8.062e-33 8.559e-33
 9.082e-33 9.634e-33 1.022e-32 1.084e-32 1.150e-32 1.220e-32 1.295e-32 1.373e-32
 1.456e-32 1.543e-32 1.634e-32 1.729e-32 1.826e-32 1.925e-32 2.026e-32 2.129e-32
 2.232e-32 2.336e-32 2.440e-32 2.543e-32 2.645e-32 2.745e-32 2.845e-32 2.942e-32
 3.037e-32 3.129e-32 3.219e-32 3.307e-32 3.392e-32 3.474e-32 3.554e-32 3.631e-32
 3.707e-32 3.780e-32 3.851e-32 3.921e-32 3.989e-32 4.055e-32 4.119e-32 4.181e-32
 4.242e-32 4.299e-32 4.354e-32 4.404e-32 4.450e-32 4.490e-32 4.522e-32 4.545e-32
 4.557e-32 4.554e-32 4.534e-32 4.494e-32 4.431e-32 4.344e-32 4.231e-32 4.091e-32
 3.926e-32 3.739e-32 3.533e-32 3.313e-32 3.085e-32 2.853e-32 2.623e-32 2.399e-32
 2.184e-32 1.981e-32 1.791e-32 1.616e-32 1.455e-32 1.309e-32 1.176e-32 1.057e-32
 9.498e-33 8.540e-33 7.684e-33 6.920e-33 6.240e-33 5.633e-33 5.094e-33 4.612e-33
 4.184e-33 3.801e-33 3.459e-33 3.154e-33 2.882e-33 2.638e-33 2.420e-33 2.225e-33
 2.050e-33 1.893e-33 1.752e-33 1.625e-33 1.511e-33 1.409e-33 1.317e-33 1.234e-33
 1.160e-33 1.093e-33 1.033e-33 9.791e-34 9.309e-34 8.878e-34 8.494e-34 8.155e-34
 7.856e-34 7.595e-34 7.371e-34 7.182e-34 7.025e-34 6.901e-34 6.808e-34 6.746e-34
 6.714e-34 6.711e-34 6.739e-34 6.795e-34 6.880e-34 6.994e-34 7.136e-34 7.305e-34
 7.502e-34 7.726e-34 7.976e-34 8.252e-34 8.552e-34 8.875e-34 9.221e-34 9.587e-34
 9.971e-34 1.037e-33 1.079e-33 1.121e-33 1.164e-33 1.208e-33 1.251e-33 1.294e-33
 1.336e-33 1.377e-33 1.415e-33 1.451e-33 1.484e-33 1.513e-33 1.538e-33 1.558e-33
 1.574e-33 1.583e-33 1.588e-33 1.587e-33 1.580e-33 1.569e-33 1.552e-33 1.531e-33
 1.506e-33 1.478e-33 1.446e-33 1.413e-33 1.377e-33 1.341e-33 1.303e-33 1.266e-33
 1.228e-33 1.190e-33 1.153e-33 1.117e-33 1.081e-33 1.047e-33 1.013e-33 9.811e-34
 9.501e-34 9.203e-34 8.918e-34 8.645e-34 8.384e-34 8.135e-34 7.897e-34 7.670e-34
 7.454e-34 7.248e-34 7.051e-34 6.864e-34 6.685e-34 6.515e-34 6.352e-34 6.197e-34
 6.048e-34 5.906e-34 5.771e-34 5.641e-34 5.516e-34 5.397e-34 5.283e-34 5.174e-34
 5.068e-34 4.967e-34 4.871e-34 4.777e-34 4.688e-34 4.602e-34 4.520e-34 4.440e-34
 4.364e-34 4.290e-34 4.220e-34 4.152e-34 4.087e-34 4.024e-34 3.963e-34 3.905e-34
 3.849e-34 3.795e-34 3.744e-34 3.694e-34 3.646e-34 3.599e-34 3.555e-34 3.512e-34
 3.471e-34 3.431e-34 3.393e-34 3.356e-34 3.321e-34 3.287e-34 3.254e-34 3.223e-34
 3.193e-34 3.164e-34 3.136e-34 3.110e-34 3.085e-34 3.061e-34 3.038e-34 3.015e-34
 2.994e-34 2.975e-34 2.956e-34 2.937e-34 2.920e-34 2.904e-34 2.889e-34 2.874e-34
 2.861e-34 2.848e-34 2.836e-34 2.825e-34 2.814e-34 2.805e-34 2.796e-34 2.787e-34
 2.780e-34 2.773e-34 2.766e-34 2.761e-34 2.756e-34 2.751e-34 2.747e-34 2.744e-34
 2.741e-34 2.739e-34 2.737e-34 2.736e-34 2.736e-34 2.735e-34 2.736e-34 2.737e-34
 2.738e-34 2.740e-34 2.742e-34 2.745e-34 2.748e-34 2.752e-34 2.757e-34 2.761e-34
 2.767e-34 2.773e-34 2.779e-34 2.786e-34 2.793e-34 2.801e-34 2.810e-34 2.819e-34
 2.828e-34 2.838e-34 2.849e-34 2.860e-34 2.871e-34 2.883e-34 2.896e-34 2.909e-34
 2.922e-34 2.936e-34 2.950e-34 2.965e-34 2.979e-34 2.994e-34 3.009e-34 3.025e-34
 3.040e-34 3.056e-34 3.071e-34 3.087e-34 3.103e-34 3.119e-34 3.134e-34 3.150e-34
 3.167e-34 3.183e-34 3.200e-34 3.217e-34 3.234e-34 3.252e-34 3.270e-34 3.288e-34
 3.306e-34 3.325e-34 3.343e-34 3.363e-34 3.382e-34 3.401e-34 3.421e-34 3.441e-34
 3.462e-34 3.482e-34 3.503e-34 3.524e-34 3.545e-34 3.566e-34 3.588e-34 3.610e-34
 3.632e-34 3.654e-34 3.677e-34 3.699e-34 3.722e-34 3.745e-34 3.769e-34 3.792e-34
 3.816e-34 3.840e-34 3.864e-34 3.889e-34 3.913e-34 3.938e-34 3.963e-34 3.989e-34
 4.014e-34 4.040e-34 4.066e-34 4.092e-34 4.118e-34 4.145e-34 4.171e-34 4.198e-34
 4.226e-34 4.253e-34 4.281e-34 4.308e-34 4.336e-34 4.365e-34 4.393e-34 4.422e-34
 4.451e-34 4.480e-34 4.509e-34 4.539e-34 4.568e-34 4.598e-34 4.628e-34 4.659e-34
 4.690e-34 4.720e-34 4.752e-34 4.783e-34 4.814e-34 4.846e-34 4.878e-34 4.910e-34
 4.943e-34 4.975e-34 5.008e-34 5.042e-34 5.075e-34 5.109e-34 5.142e-34 5.177e-34
 5.211e-34 5.245e-34 5.280e-34 5.315e-34 5.351e-34 5.386e-34 5.422e-34 5.458e-34
 5.494e-34 5.531e-34 5.568e-34 5.605e-34 5.642e-34 5.680e-34 5.718e-34 5.756e-34
 5.794e-34 5.833e-34 5.872e-34 5.911e-34 5.950e-34 5.990e-34 6.030e-34 6.070e-34
 6.111e-34 6.152e-34 6.193e-34 6.234e-34 6.276e-34 6.318e-34 6.360e-34 6.402e-34
 6.445e-34 6.488e-34 6.532e-34 6.575e-34 6.619e-34 6.664e-34 6.708e-34 6.753e-34
 6.798e-34 6.844e-34 6.890e-34 6.936e-34 6.982e-34 7.029e-34 7.076e-34 7.124e-34
 7.171e-34 7.220e-34 7.268e-34 7.317e-34 7.366e-34 7.415e-34 7.465e-34 7.515e-34
 7.565e-34 7.616e-34 7.667e-34 7.719e-34 7.770e-34 7.822e-34 7.875e-34 7.928e-34
Lz[Wm**3] in equilibrium - infinite confinement
 1.000e-42 1.000e-42 1.000e-42 1.000e-42 1.000e-42 1.000e-42 1.000e-42 1.000e-42
 1.000e-42 1.000e-42 1.000e-42 1.000e-42 1.000e-42 1.000e-42 1.000e-42 1.000e-42
 1.000e-42 1.000e-42 1.000e-42 1.000e-42 1.000e-42 1.000e-42 1.000e-42 1.000e-42
 1.000e-42 1.000e-42 1.000e-42 1.000e-42 1.000e-42 1.000e-42 1.000e-42 1.000e-42
 1.000e-42 1.000e-42 1.000e-42 1.000e-42 1.000e-42 1.000e-42 1.000e-42 1.000e-42
 1.000e-42 1.000e-42 1.000e-42 1.834e-42 3.370e-42 6.049e-42 1.063e-41 1.830e-41
 3.092e-41 5.135e-41 8.395e-41 1.353e-40 2.153e-40 3.385e-40 5.268e-40 8.119e-40
 1.241e-39 1.882e-39 2.835e-39 4.241e-39 6.299e-39 9.285e-39 1.358e-38 1.971e-38
 2.835e-38 4.041e-38 5.704e-38 7.963e-38 1.099e-37 1.495e-37 2.004e-37 2.639e-37
 3.405e-37 4.291e-37 5.271e-37 6.297e-37 7.308e-37 8.243e-37 9.049e-37 9.696e-37
 1.018e-36 1.051e-36 1.072e-36 1.086e-36 1.097e-36 1.111e-36 1.133e-36 1.170e-36
 1.229e-36 1.318e-36 1.448e-36 1.633e-36 1.889e-36 2.238e-36 2.710e-36 3.344e-36
 4.190e-36 5.316e-36 6.810e-36 8.785e-36 1.138e-35 1.478e-35 1.918e-35 2.481e-35
 3.191e-35 4.072e-35 5.146e-35 6.437e-35 7.963e-35 9.744e-35 1.180e-34 1.415e-34
 1.682e-34 1.983e-34 2.322e-34 2.700e-34 3.123e-34 3.593e-34 4.114e-34 4.691e-34
 5.328e-34 6.031e-34 6.803e-34 7.652e-34 8.583e-34 9.602e-34 1.072e-33 1.193e-33
 1.326e-33 1.470e-33 1.627e-33 1.797e-33 1.981e-33 2.181e-33 2.396e-33 2.629e-33
 2.878e-33 3.146e-33 3.431e-33 3.734e-33 4.053e-33 4.389e-33 4.739e-33 5.104e-33
 5.482e-33 5.874e-33 6.279e-33 6.699e-33 7.135e-33 7.588e-33 8.062e-33 8.559e-33
 9.082e-33 9.635e-33 1.022e-32 1.084e-32 1.150e-32 1.220e-32 1.295e-32 1.374e-32
 1.457e-32 1.544e-32 1.635e-32 1.729e-32 1.826e-32 1.925e-32 2.027e-32 2.129e-32
 2.233e-32 2.336e-32 2.440e-32 2.543e-32 2.645e-32 2.746e-32 2.845e-32 2.942e-32
 3.037e-32 3.129e-32 3.220e-32 3.307e-32 3.392e-32 3.474e-32 3.554e-32 3.631e-32
 3.707e-32 3.780e-32 3.851e-32 3.921e-32 3.989e-32 4.055e-32 4.119e-32 4.181e-32
 4.241e-32 4.299e-32 4.353e-32 4.404e-32 4.449e-32 4.489e-32 4.521e-32 4.544e-32
 4.555e-32 4.552e-32 4.532e-32 4.492e-32 4.428e-32 4.340e-32 4.226e-32 4.085e-32
 3.920e-32 3.731e-32 3.525e-32 3.304e-32 3.075e-32 2.843e-32 2.612e-32 2.388e-32
 2.173e-32 1.970e-32 1.780e-32 1.605e-32 1.445e-32 1.299e-32 1.167e-32 1.048e-32
 9.416e-33 8.463e-33 7.611e-33 6.852e-33 6.176e-33 5.573e-33 5.037e-33 4.559e-33
 4.134e-33 3.754e-33 3.416e-33 3.113e-33 2.843e-33 2.602e-33 2.385e-33 2.192e-33
 2.019e-33 1.863e-33 1.724e-33 1.599e-33 1.486e-33 1.385e-33 1.295e-33 1.213e-33
 1.139e-33 1.074e-33 1.014e-33 9.613e-34 9.138e-34 8.714e-34 8.337e-34 8.004e-34
 7.711e-34 7.456e-34 7.237e-34 7.052e-34 6.900e-34 6.780e-34 6.691e-34 6.633e-34
 6.604e-34 6.606e-34 6.636e-34 6.696e-34 6.784e-34 6.900e-34 7.044e-34 7.216e-34
 7.415e-34 7.641e-34 7.893e-34 8.170e-34 8.472e-34 8.797e-34 9.143e-34 9.510e-34
 9.895e-34 1.030e-33 1.071e-33 1.114e-33 1.157e-33 1.200e-33 1.244e-33 1.287e-33
 1.329e-33 1.369e-33 1.407e-33 1.443e-33 1.476e-33 1.504e-33 1.529e-33 1.549e-33
 1.564e-33 1.573e-33 1.577e-33 1.576e-33 1.569e-33 1.556e-33 1.539e-33 1.518e-33
 1.493e-33 1.464e-33 1.432e-33 1.398e-33 1.363e-33 1.326e-33 1.289e-33 1.251e-33
 1.213e-33 1.175e-33 1.138e-33 1.102e-33 1.066e-33 1.032e-33 9.986e-34 9.666e-34
 9.357e-34 9.061e-34 8.778e-34 8.506e-34 8.247e-34 8.000e-34 7.764e-34 7.539e-34
 7.324e-34 7.120e-34 6.925e-34 6.739e-34 6.562e-34 6.394e-34 6.233e-34 6.079e-34
 5.932e-34 5.792e-34 5.658e-34 5.529e-34 5.406e-34 5.289e-34 5.176e-34 5.068e-34
 4.964e-34 4.864e-34 4.768e-34 4.677e-34 4.588e-34 4.503e-34 4.422e-34 4.344e-34
 4.268e-34 4.196e-34 4.126e-34 4.059e-34 3.995e-34 3.933e-34 3.874e-34 3.816e-34
 3.761e-34 3.708e-34 3.657e-34 3.608e-34 3.561e-34 3.515e-34 3.471e-34 3.429e-34
 3.388e-34 3.349e-34 3.312e-34 3.276e-34 3.241e-34 3.208e-34 3.175e-34 3.145e-34
 3.115e-34 3.087e-34 3.060e-34 3.034e-34 3.009e-34 2.985e-34 2.963e-34 2.941e-34
 2.920e-34 2.901e-34 2.882e-34 2.865e-34 2.848e-34 2.832e-34 2.817e-34 2.803e-34
 2.790e-34 2.778e-34 2.766e-34 2.755e-34 2.745e-34 2.736e-34 2.727e-34 2.719e-34
 2.712e-34 2.705e-34 2.699e-34 2.693e-34 2.689e-34 2.684e-34 2.681e-34 2.678e-34
 2.675e-34 2.673e-34 2.671e-34 2.670e-34 2.670e-34 2.670e-34 2.670e-34 2.671e-34
 2.673e-34 2.675e-34 2.677e-34 2.681e-34 2.684e-34 2.688e-34 2.693e-34 2.698e-34
 2.704e-34 2.710e-34 2.717e-34 2.724e-34 2.732e-34 2.740e-34 2.749e-34 2.758e-34
 2.768e-34 2.778e-34 2.789e-34 2.800e-34 2.811e-34 2.823e-34 2.835e-34 2.848e-34
 2.861e-34 2.874e-34 2.888e-34 2.902e-34 2.916e-34 2.931e-34 2.946e-34 2.961e-34
 2.977e-34 2.993e-34 3.009e-34 3.025e-34 3.042e-34 3.059e-34 3.076e-34 3.093e-34
 3.111e-34 3.128e-34 3.146e-34 3.165e-34 3.183e-34 3.201e-34 3.220e-34 3.239e-34
 3.258e-34 3.278e-34 3.297e-34 3.317e-34 3.337e-34 3.357e-34 3.377e-34 3.398e-34
 3.419e-34 3.440e-34 3.461e-34 3.482e-34 3.504e-34 3.525e-34 3.547e-34 3.569e-34
 3.592e-34 3.614e-34 3.637e-34 3.660e-34 3.683e-34 3.706e-34 3.730e-34 3.753e-34
 3.777e-34 3.801e-34 3.826e-34 3.850e-34 3.875e-34 3.900e-34 3.925e-34 3.950e-34
 3.976e-34 4.001e-34 4.027e-34 4.053e-34 4.080e-34 4.106e-34 4.133e-34 4.160e-34
 4.187e-34 4.214e-34 4.242e-34 4.270e-34 4.298e-34 4.326e-34 4.354e-34 4.383e-34
 4.412e-34 4.441e-34 4.470e-34 4.500e-34 4.529e-34 4.559e-34 4.589e-34 4.620e-34
 4.650e-34 4.681e-34 4.712e-34 4.744e-34 4.775e-34 4.807e-34 4.839e-34 4.871e-34
 4.903e-34 4.936e-34 4.969e-34 5.002e-34 5.035e-34 5.069e-34 5.103e-34 5.137e-34
 5.171e-34 5.206e-34 5.240e-34 5.275e-34 5.311e-34 5.346e-34 5.382e-34 5.418e-34
 5.454e-34 5.491e-34 5.528e-34 5.565e-34 5.602e-34 5.640e-34 5.677e-34 5.715e-34
 5.754e-34 5.792e-34 5.831e-34 5.871e-34 5.910e-34 5.950e-34 5.990e-34 6.030e-34
 6.070e-34 6.111e-34 6.152e-34 6.194e-34 6.235e-34 6.277e-34 6.320e-34 6.362e-34
 6.405e-34 6.448e-34 6.492e-34 6.535e-34 6.579e-34 6.624e-34 6.668e-34 6.713e-34
 6.758e-34 6.804e-34 6.850e-34 6.896e-34 6.943e-34 6.989e-34 7.036e-34 7.084e-34
 7.132e-34 7.180e-34 7.228e-34 7.277e-34 7.326e-34 7.376e-34 7.425e-34 7.475e-34
 7.526e-34 7.577e-34 7.628e-34 7.679e-34 7.731e-34 7.783e-34 7.836e-34 7.889e-34
C-------------------------------------------------------------------------------
C
C  The fractional abundance and radiated power were generated from the
C  ADAS installation at UKAEA with the named adf11 files. The adf11 data
C  files may be updated in a later release of ADAS and publicly
C  available versions may be found at https://open.adas.ac.uk/.
C
C  The equilibrium balance data was produced with run_adas405.py and
C  the balance with a confinement time with adas4xx_ionbal_tau.py
C  which are functions from the ADAS library. Details on these codes
C  may be found at: https://www.adas.ac.uk/python_lib/index.html
C
C  Copyright (C) 2023 UK Atomic Energy Authority
C
C  This file was generated for use in the UKAEA systems code PROCESS
C  using a script written by Martin O'Mullane.
C  If acquired without provenance a user is strongly advised
C  to check its validity by re-generating using the adf11 files from
C  the OPEN-ADAS site.
C
C  Produced by : Timothy Nunn
C  Date        : 29-07-26
C
C-------------------------------------------------------------------------------
