Mean quadratic charge as a function dwell time.
Temperature :      0.2 - 500000.0 eV
Density     : 1.00e+20 m-3
   600     5  # Te values, dwell time

Source data:
acd : /home/adas/adas/adf11/acd96/acd96_ne.dat
scd : /home/adas/adas/adf11/scd96/scd96_ne.dat
plt : /home/adas/adas/adf11/plt96/plt96_ne.dat
prb : /home/adas/adas/adf11/prb96/prb96_ne.dat

Te[eV]
 2.500e-01 2.561e-01 2.624e-01 2.688e-01 2.754e-01 2.822e-01 2.891e-01 2.962e-01
 3.035e-01 3.109e-01 3.185e-01 3.263e-01 3.343e-01 3.425e-01 3.509e-01 3.595e-01
 3.683e-01 3.774e-01 3.866e-01 3.961e-01 4.058e-01 4.158e-01 4.260e-01 4.364e-01
 4.471e-01 4.581e-01 4.693e-01 4.808e-01 4.926e-01 5.047e-01 5.170e-01 5.297e-01
 5.427e-01 5.560e-01 5.696e-01 5.836e-01 5.979e-01 6.126e-01 6.276e-01 6.430e-01
 6.587e-01 6.749e-01 6.914e-01 7.084e-01 7.257e-01 7.435e-01 7.618e-01 7.804e-01
 7.996e-01 8.192e-01 8.393e-01 8.598e-01 8.809e-01 9.025e-01 9.247e-01 9.473e-01
 9.706e-01 9.943e-01 1.019e+00 1.044e+00 1.069e+00 1.096e+00 1.122e+00 1.150e+00
 1.178e+00 1.207e+00 1.237e+00 1.267e+00 1.298e+00 1.330e+00 1.362e+00 1.396e+00
 1.430e+00 1.465e+00 1.501e+00 1.538e+00 1.575e+00 1.614e+00 1.654e+00 1.694e+00
 1.736e+00 1.778e+00 1.822e+00 1.867e+00 1.912e+00 1.959e+00 2.007e+00 2.056e+00
 2.107e+00 2.159e+00 2.211e+00 2.266e+00 2.321e+00 2.378e+00 2.436e+00 2.496e+00
 2.557e+00 2.620e+00 2.684e+00 2.750e+00 2.818e+00 2.887e+00 2.957e+00 3.030e+00
 3.104e+00 3.180e+00 3.258e+00 3.338e+00 3.420e+00 3.504e+00 3.590e+00 3.678e+00
 3.768e+00 3.860e+00 3.955e+00 4.052e+00 4.151e+00 4.253e+00 4.357e+00 4.464e+00
 4.574e+00 4.686e+00 4.801e+00 4.918e+00 5.039e+00 5.162e+00 5.289e+00 5.419e+00
 5.551e+00 5.688e+00 5.827e+00 5.970e+00 6.116e+00 6.266e+00 6.420e+00 6.577e+00
 6.738e+00 6.904e+00 7.073e+00 7.246e+00 7.424e+00 7.606e+00 7.792e+00 7.983e+00
 8.179e+00 8.380e+00 8.585e+00 8.796e+00 9.011e+00 9.232e+00 9.459e+00 9.691e+00
 9.928e+00 1.017e+01 1.042e+01 1.068e+01 1.094e+01 1.121e+01 1.148e+01 1.176e+01
 1.205e+01 1.235e+01 1.265e+01 1.296e+01 1.328e+01 1.360e+01 1.394e+01 1.428e+01
 1.463e+01 1.499e+01 1.535e+01 1.573e+01 1.612e+01 1.651e+01 1.692e+01 1.733e+01
 1.776e+01 1.819e+01 1.864e+01 1.909e+01 1.956e+01 2.004e+01 2.053e+01 2.104e+01
 2.155e+01 2.208e+01 2.262e+01 2.318e+01 2.374e+01 2.433e+01 2.492e+01 2.553e+01
 2.616e+01 2.680e+01 2.746e+01 2.813e+01 2.882e+01 2.953e+01 3.025e+01 3.099e+01
 3.175e+01 3.253e+01 3.333e+01 3.415e+01 3.498e+01 3.584e+01 3.672e+01 3.762e+01
 3.854e+01 3.949e+01 4.046e+01 4.145e+01 4.246e+01 4.351e+01 4.457e+01 4.566e+01
 4.678e+01 4.793e+01 4.911e+01 5.031e+01 5.154e+01 5.281e+01 5.410e+01 5.543e+01
 5.679e+01 5.818e+01 5.961e+01 6.107e+01 6.256e+01 6.410e+01 6.567e+01 6.728e+01
 6.893e+01 7.062e+01 7.235e+01 7.412e+01 7.594e+01 7.780e+01 7.971e+01 8.167e+01
 8.367e+01 8.572e+01 8.782e+01 8.997e+01 9.218e+01 9.444e+01 9.676e+01 9.913e+01
 1.016e+02 1.040e+02 1.066e+02 1.092e+02 1.119e+02 1.146e+02 1.174e+02 1.203e+02
 1.233e+02 1.263e+02 1.294e+02 1.326e+02 1.358e+02 1.391e+02 1.426e+02 1.461e+02
 1.496e+02 1.533e+02 1.571e+02 1.609e+02 1.649e+02 1.689e+02 1.730e+02 1.773e+02
 1.816e+02 1.861e+02 1.906e+02 1.953e+02 2.001e+02 2.050e+02 2.100e+02 2.152e+02
 2.205e+02 2.259e+02 2.314e+02 2.371e+02 2.429e+02 2.488e+02 2.549e+02 2.612e+02
 2.676e+02 2.742e+02 2.809e+02 2.878e+02 2.948e+02 3.021e+02 3.095e+02 3.170e+02
 3.248e+02 3.328e+02 3.409e+02 3.493e+02 3.579e+02 3.666e+02 3.756e+02 3.848e+02
 3.943e+02 4.039e+02 4.138e+02 4.240e+02 4.344e+02 4.450e+02 4.559e+02 4.671e+02
 4.786e+02 4.903e+02 5.023e+02 5.146e+02 5.273e+02 5.402e+02 5.534e+02 5.670e+02
 5.809e+02 5.951e+02 6.097e+02 6.247e+02 6.400e+02 6.557e+02 6.718e+02 6.882e+02
 7.051e+02 7.224e+02 7.401e+02 7.582e+02 7.768e+02 7.959e+02 8.154e+02 8.354e+02
 8.559e+02 8.769e+02 8.984e+02 9.204e+02 9.429e+02 9.661e+02 9.897e+02 1.014e+03
 1.039e+03 1.064e+03 1.090e+03 1.117e+03 1.145e+03 1.173e+03 1.201e+03 1.231e+03
 1.261e+03 1.292e+03 1.324e+03 1.356e+03 1.389e+03 1.423e+03 1.458e+03 1.494e+03
 1.531e+03 1.568e+03 1.607e+03 1.646e+03 1.686e+03 1.728e+03 1.770e+03 1.813e+03
 1.858e+03 1.903e+03 1.950e+03 1.998e+03 2.047e+03 2.097e+03 2.149e+03 2.201e+03
 2.255e+03 2.310e+03 2.367e+03 2.425e+03 2.485e+03 2.546e+03 2.608e+03 2.672e+03
 2.737e+03 2.804e+03 2.873e+03 2.944e+03 3.016e+03 3.090e+03 3.166e+03 3.243e+03
 3.323e+03 3.404e+03 3.488e+03 3.573e+03 3.661e+03 3.750e+03 3.842e+03 3.937e+03
 4.033e+03 4.132e+03 4.233e+03 4.337e+03 4.443e+03 4.552e+03 4.664e+03 4.778e+03
 4.895e+03 5.015e+03 5.138e+03 5.264e+03 5.393e+03 5.526e+03 5.661e+03 5.800e+03
 5.942e+03 6.088e+03 6.237e+03 6.390e+03 6.547e+03 6.707e+03 6.872e+03 7.040e+03
 7.213e+03 7.390e+03 7.571e+03 7.756e+03 7.947e+03 8.141e+03 8.341e+03 8.545e+03
 8.755e+03 8.970e+03 9.190e+03 9.415e+03 9.646e+03 9.882e+03 1.012e+04 1.037e+04
 1.063e+04 1.089e+04 1.115e+04 1.143e+04 1.171e+04 1.200e+04 1.229e+04 1.259e+04
 1.290e+04 1.322e+04 1.354e+04 1.387e+04 1.421e+04 1.456e+04 1.492e+04 1.528e+04
 1.566e+04 1.604e+04 1.643e+04 1.684e+04 1.725e+04 1.767e+04 1.811e+04 1.855e+04
 1.901e+04 1.947e+04 1.995e+04 2.044e+04 2.094e+04 2.145e+04 2.198e+04 2.252e+04
 2.307e+04 2.363e+04 2.421e+04 2.481e+04 2.542e+04 2.604e+04 2.668e+04 2.733e+04
 2.800e+04 2.869e+04 2.939e+04 3.011e+04 3.085e+04 3.161e+04 3.238e+04 3.318e+04
 3.399e+04 3.482e+04 3.568e+04 3.655e+04 3.745e+04 3.836e+04 3.931e+04 4.027e+04
 4.126e+04 4.227e+04 4.330e+04 4.437e+04 4.545e+04 4.657e+04 4.771e+04 4.888e+04
 5.008e+04 5.131e+04 5.256e+04 5.385e+04 5.517e+04 5.652e+04 5.791e+04 5.933e+04
 6.078e+04 6.228e+04 6.380e+04 6.537e+04 6.697e+04 6.861e+04 7.029e+04 7.202e+04
 7.378e+04 7.559e+04 7.744e+04 7.934e+04 8.129e+04 8.328e+04 8.532e+04 8.741e+04
 8.956e+04 9.175e+04 9.400e+04 9.631e+04 9.867e+04 1.011e+05 1.036e+05 1.061e+05
 1.087e+05 1.114e+05 1.141e+05 1.169e+05 1.198e+05 1.227e+05 1.257e+05 1.288e+05
 1.320e+05 1.352e+05 1.385e+05 1.419e+05 1.454e+05 1.489e+05 1.526e+05 1.563e+05
 1.602e+05 1.641e+05 1.681e+05 1.722e+05 1.765e+05 1.808e+05 1.852e+05 1.898e+05
 1.944e+05 1.992e+05 2.041e+05 2.091e+05 2.142e+05 2.194e+05 2.248e+05 2.303e+05
 2.360e+05 2.418e+05 2.477e+05 2.538e+05 2.600e+05 2.664e+05 2.729e+05 2.796e+05
 2.864e+05 2.935e+05 3.007e+05 3.080e+05 3.156e+05 3.233e+05 3.312e+05 3.394e+05
 3.477e+05 3.562e+05 3.649e+05 3.739e+05 3.831e+05 3.924e+05 4.021e+05 4.119e+05
 4.220e+05 4.324e+05 4.430e+05 4.538e+05 4.650e+05 4.764e+05 4.880e+05 5.000e+05
sqrt(<Z^2>) for tau[ms]=    0.1
 1.776e-15 4.450e-15 1.098e-14 2.666e-14 6.354e-14 1.485e-13 3.400e-13 7.612e-13
 1.665e-12 3.554e-12 7.413e-12 1.512e-11 3.017e-11 5.896e-11 1.129e-10 2.120e-10
 3.907e-10 7.072e-10 1.258e-09 2.201e-09 3.790e-09 6.429e-09 1.075e-08 1.773e-08
 2.887e-08 4.642e-08 7.381e-08 1.161e-07 1.808e-07 2.789e-07 4.264e-07 6.463e-07
 9.710e-07 1.446e-06 2.136e-06 3.127e-06 4.539e-06 6.533e-06 9.325e-06 1.320e-05
 1.853e-05 2.580e-05 3.563e-05 4.880e-05 6.632e-05 8.941e-05 1.196e-04 1.589e-04
 2.095e-04 2.743e-04 3.567e-04 4.608e-04 5.914e-04 7.542e-04 9.561e-04 1.205e-03
 1.510e-03 1.882e-03 2.333e-03 2.877e-03 3.531e-03 4.311e-03 5.238e-03 6.334e-03
 7.623e-03 9.134e-03 1.089e-02 1.294e-02 1.530e-02 1.802e-02 2.113e-02 2.468e-02
 2.872e-02 3.329e-02 3.844e-02 4.423e-02 5.072e-02 5.795e-02 6.599e-02 7.489e-02
 8.471e-02 9.550e-02 1.073e-01 1.202e-01 1.343e-01 1.495e-01 1.659e-01 1.836e-01
 2.025e-01 2.227e-01 2.441e-01 2.667e-01 2.905e-01 3.153e-01 3.411e-01 3.678e-01
 3.952e-01 4.232e-01 4.516e-01 4.803e-01 5.091e-01 5.379e-01 5.664e-01 5.946e-01
 6.224e-01 6.496e-01 6.762e-01 7.021e-01 7.275e-01 7.523e-01 7.766e-01 8.006e-01
 8.243e-01 8.481e-01 8.719e-01 8.961e-01 9.208e-01 9.461e-01 9.724e-01 9.996e-01
 1.028e+00 1.057e+00 1.088e+00 1.120e+00 1.152e+00 1.186e+00 1.221e+00 1.256e+00
 1.291e+00 1.327e+00 1.363e+00 1.398e+00 1.433e+00 1.467e+00 1.500e+00 1.533e+00
 1.564e+00 1.594e+00 1.623e+00 1.650e+00 1.677e+00 1.702e+00 1.727e+00 1.750e+00
 1.773e+00 1.795e+00 1.817e+00 1.839e+00 1.861e+00 1.883e+00 1.906e+00 1.929e+00
 1.953e+00 1.978e+00 2.004e+00 2.031e+00 2.060e+00 2.090e+00 2.122e+00 2.155e+00
 2.189e+00 2.225e+00 2.261e+00 2.299e+00 2.338e+00 2.378e+00 2.419e+00 2.460e+00
 2.502e+00 2.545e+00 2.588e+00 2.631e+00 2.675e+00 2.720e+00 2.765e+00 2.810e+00
 2.856e+00 2.902e+00 2.949e+00 2.996e+00 3.043e+00 3.091e+00 3.139e+00 3.187e+00
 3.235e+00 3.284e+00 3.333e+00 3.382e+00 3.431e+00 3.480e+00 3.529e+00 3.578e+00
 3.628e+00 3.677e+00 3.727e+00 3.776e+00 3.826e+00 3.875e+00 3.925e+00 3.974e+00
 4.023e+00 4.072e+00 4.121e+00 4.169e+00 4.217e+00 4.265e+00 4.312e+00 4.360e+00
 4.407e+00 4.453e+00 4.500e+00 4.546e+00 4.592e+00 4.638e+00 4.684e+00 4.729e+00
 4.775e+00 4.820e+00 4.866e+00 4.911e+00 4.957e+00 5.002e+00 5.048e+00 5.093e+00
 5.139e+00 5.184e+00 5.229e+00 5.275e+00 5.320e+00 5.365e+00 5.410e+00 5.455e+00
 5.499e+00 5.544e+00 5.588e+00 5.632e+00 5.676e+00 5.719e+00 5.762e+00 5.805e+00
 5.847e+00 5.889e+00 5.931e+00 5.971e+00 6.012e+00 6.052e+00 6.091e+00 6.129e+00
 6.167e+00 6.204e+00 6.241e+00 6.277e+00 6.312e+00 6.347e+00 6.380e+00 6.413e+00
 6.446e+00 6.477e+00 6.508e+00 6.538e+00 6.567e+00 6.595e+00 6.623e+00 6.650e+00
 6.676e+00 6.701e+00 6.726e+00 6.750e+00 6.773e+00 6.796e+00 6.818e+00 6.839e+00
 6.860e+00 6.880e+00 6.899e+00 6.918e+00 6.936e+00 6.954e+00 6.971e+00 6.988e+00
 7.004e+00 7.019e+00 7.035e+00 7.049e+00 7.064e+00 7.077e+00 7.091e+00 7.104e+00
 7.117e+00 7.129e+00 7.141e+00 7.153e+00 7.165e+00 7.176e+00 7.187e+00 7.198e+00
 7.208e+00 7.218e+00 7.228e+00 7.238e+00 7.248e+00 7.258e+00 7.267e+00 7.276e+00
 7.285e+00 7.294e+00 7.303e+00 7.312e+00 7.320e+00 7.329e+00 7.337e+00 7.346e+00
 7.354e+00 7.362e+00 7.370e+00 7.378e+00 7.387e+00 7.395e+00 7.403e+00 7.411e+00
 7.418e+00 7.426e+00 7.434e+00 7.442e+00 7.450e+00 7.458e+00 7.465e+00 7.473e+00
 7.481e+00 7.489e+00 7.496e+00 7.504e+00 7.512e+00 7.519e+00 7.527e+00 7.535e+00
 7.542e+00 7.550e+00 7.557e+00 7.565e+00 7.572e+00 7.579e+00 7.587e+00 7.594e+00
 7.601e+00 7.608e+00 7.615e+00 7.622e+00 7.629e+00 7.636e+00 7.643e+00 7.649e+00
 7.656e+00 7.662e+00 7.669e+00 7.675e+00 7.681e+00 7.687e+00 7.693e+00 7.699e+00
 7.705e+00 7.710e+00 7.716e+00 7.721e+00 7.726e+00 7.732e+00 7.737e+00 7.741e+00
 7.746e+00 7.751e+00 7.755e+00 7.760e+00 7.764e+00 7.768e+00 7.771e+00 7.775e+00
 7.779e+00 7.782e+00 7.785e+00 7.788e+00 7.791e+00 7.794e+00 7.797e+00 7.800e+00
 7.802e+00 7.804e+00 7.807e+00 7.809e+00 7.811e+00 7.812e+00 7.814e+00 7.816e+00
 7.817e+00 7.819e+00 7.820e+00 7.822e+00 7.823e+00 7.824e+00 7.825e+00 7.825e+00
 7.826e+00 7.827e+00 7.827e+00 7.828e+00 7.828e+00 7.828e+00 7.829e+00 7.829e+00
 7.829e+00 7.829e+00 7.828e+00 7.828e+00 7.828e+00 7.827e+00 7.827e+00 7.826e+00
 7.825e+00 7.825e+00 7.824e+00 7.823e+00 7.822e+00 7.821e+00 7.820e+00 7.819e+00
 7.818e+00 7.817e+00 7.816e+00 7.814e+00 7.813e+00 7.812e+00 7.810e+00 7.809e+00
 7.807e+00 7.806e+00 7.804e+00 7.802e+00 7.801e+00 7.799e+00 7.797e+00 7.795e+00
 7.793e+00 7.791e+00 7.789e+00 7.786e+00 7.784e+00 7.782e+00 7.779e+00 7.777e+00
 7.775e+00 7.772e+00 7.770e+00 7.767e+00 7.765e+00 7.762e+00 7.759e+00 7.757e+00
 7.754e+00 7.752e+00 7.749e+00 7.747e+00 7.744e+00 7.742e+00 7.739e+00 7.736e+00
 7.734e+00 7.731e+00 7.729e+00 7.726e+00 7.723e+00 7.721e+00 7.718e+00 7.715e+00
 7.713e+00 7.710e+00 7.707e+00 7.705e+00 7.702e+00 7.699e+00 7.697e+00 7.694e+00
 7.691e+00 7.689e+00 7.686e+00 7.683e+00 7.681e+00 7.678e+00 7.675e+00 7.673e+00
 7.670e+00 7.667e+00 7.664e+00 7.662e+00 7.659e+00 7.656e+00 7.653e+00 7.651e+00
 7.648e+00 7.645e+00 7.642e+00 7.640e+00 7.637e+00 7.634e+00 7.631e+00 7.628e+00
 7.626e+00 7.623e+00 7.620e+00 7.617e+00 7.614e+00 7.612e+00 7.609e+00 7.606e+00
 7.603e+00 7.600e+00 7.597e+00 7.594e+00 7.592e+00 7.589e+00 7.586e+00 7.583e+00
 7.580e+00 7.577e+00 7.574e+00 7.572e+00 7.569e+00 7.566e+00 7.563e+00 7.560e+00
 7.557e+00 7.554e+00 7.551e+00 7.548e+00 7.545e+00 7.542e+00 7.539e+00 7.537e+00
 7.534e+00 7.531e+00 7.528e+00 7.525e+00 7.522e+00 7.519e+00 7.516e+00 7.513e+00
 7.510e+00 7.507e+00 7.504e+00 7.501e+00 7.498e+00 7.495e+00 7.492e+00 7.489e+00
 7.486e+00 7.483e+00 7.480e+00 7.477e+00 7.474e+00 7.471e+00 7.468e+00 7.465e+00
 7.462e+00 7.459e+00 7.456e+00 7.453e+00 7.450e+00 7.446e+00 7.443e+00 7.440e+00
 7.437e+00 7.434e+00 7.431e+00 7.428e+00 7.425e+00 7.422e+00 7.419e+00 7.416e+00
 7.413e+00 7.409e+00 7.406e+00 7.403e+00 7.400e+00 7.397e+00 7.394e+00 7.391e+00
 7.388e+00 7.385e+00 7.381e+00 7.378e+00 7.375e+00 7.372e+00 7.369e+00 7.366e+00
 7.363e+00 7.359e+00 7.356e+00 7.353e+00 7.350e+00 7.347e+00 7.344e+00 7.340e+00
sqrt(<Z^2>) for tau[ms]=    1.0
 2.757e-15 7.066e-15 1.784e-14 4.429e-14 1.080e-13 2.582e-13 6.046e-13 1.384e-12
 3.095e-12 6.754e-12 1.439e-11 2.998e-11 6.108e-11 1.218e-10 2.378e-10 4.551e-10
 8.544e-10 1.574e-09 2.849e-09 5.068e-09 8.869e-09 1.528e-08 2.592e-08 4.336e-08
 7.155e-08 1.166e-07 1.876e-07 2.985e-07 4.701e-07 7.328e-07 1.132e-06 1.732e-06
 2.625e-06 3.944e-06 5.871e-06 8.661e-06 1.266e-05 1.835e-05 2.636e-05 3.755e-05
 5.301e-05 7.421e-05 1.030e-04 1.418e-04 1.935e-04 2.620e-04 3.520e-04 4.693e-04
 6.211e-04 8.159e-04 1.064e-03 1.379e-03 1.775e-03 2.270e-03 2.885e-03 3.645e-03
 4.578e-03 5.718e-03 7.103e-03 8.777e-03 1.079e-02 1.319e-02 1.606e-02 1.945e-02
 2.344e-02 2.812e-02 3.358e-02 3.992e-02 4.724e-02 5.567e-02 6.532e-02 7.632e-02
 8.881e-02 1.029e-01 1.188e-01 1.365e-01 1.562e-01 1.780e-01 2.020e-01 2.281e-01
 2.565e-01 2.871e-01 3.197e-01 3.543e-01 3.904e-01 4.279e-01 4.664e-01 5.053e-01
 5.443e-01 5.828e-01 6.204e-01 6.567e-01 6.914e-01 7.241e-01 7.548e-01 7.835e-01
 8.101e-01 8.350e-01 8.583e-01 8.803e-01 9.014e-01 9.222e-01 9.429e-01 9.641e-01
 9.863e-01 1.010e+00 1.036e+00 1.064e+00 1.094e+00 1.127e+00 1.163e+00 1.202e+00
 1.244e+00 1.287e+00 1.332e+00 1.378e+00 1.424e+00 1.470e+00 1.514e+00 1.557e+00
 1.598e+00 1.637e+00 1.673e+00 1.706e+00 1.737e+00 1.765e+00 1.790e+00 1.814e+00
 1.835e+00 1.854e+00 1.871e+00 1.887e+00 1.903e+00 1.917e+00 1.931e+00 1.946e+00
 1.960e+00 1.976e+00 1.992e+00 2.011e+00 2.031e+00 2.053e+00 2.079e+00 2.107e+00
 2.138e+00 2.172e+00 2.210e+00 2.250e+00 2.293e+00 2.338e+00 2.385e+00 2.433e+00
 2.482e+00 2.531e+00 2.581e+00 2.630e+00 2.679e+00 2.728e+00 2.777e+00 2.825e+00
 2.874e+00 2.924e+00 2.974e+00 3.025e+00 3.076e+00 3.128e+00 3.181e+00 3.235e+00
 3.289e+00 3.343e+00 3.397e+00 3.451e+00 3.505e+00 3.560e+00 3.613e+00 3.667e+00
 3.721e+00 3.776e+00 3.830e+00 3.885e+00 3.940e+00 3.996e+00 4.052e+00 4.109e+00
 4.166e+00 4.223e+00 4.280e+00 4.337e+00 4.394e+00 4.451e+00 4.507e+00 4.564e+00
 4.620e+00 4.676e+00 4.732e+00 4.788e+00 4.845e+00 4.902e+00 4.960e+00 5.019e+00
 5.078e+00 5.138e+00 5.200e+00 5.262e+00 5.326e+00 5.390e+00 5.456e+00 5.523e+00
 5.590e+00 5.659e+00 5.728e+00 5.799e+00 5.869e+00 5.940e+00 6.011e+00 6.082e+00
 6.153e+00 6.224e+00 6.293e+00 6.363e+00 6.431e+00 6.498e+00 6.563e+00 6.628e+00
 6.690e+00 6.751e+00 6.810e+00 6.867e+00 6.922e+00 6.975e+00 7.025e+00 7.074e+00
 7.120e+00 7.164e+00 7.206e+00 7.246e+00 7.283e+00 7.319e+00 7.353e+00 7.385e+00
 7.415e+00 7.443e+00 7.470e+00 7.495e+00 7.519e+00 7.541e+00 7.562e+00 7.582e+00
 7.600e+00 7.618e+00 7.634e+00 7.650e+00 7.664e+00 7.678e+00 7.691e+00 7.703e+00
 7.715e+00 7.725e+00 7.736e+00 7.745e+00 7.754e+00 7.763e+00 7.771e+00 7.779e+00
 7.787e+00 7.794e+00 7.801e+00 7.807e+00 7.813e+00 7.819e+00 7.825e+00 7.831e+00
 7.837e+00 7.842e+00 7.848e+00 7.853e+00 7.859e+00 7.864e+00 7.870e+00 7.876e+00
 7.882e+00 7.888e+00 7.894e+00 7.901e+00 7.907e+00 7.915e+00 7.922e+00 7.930e+00
 7.938e+00 7.947e+00 7.957e+00 7.967e+00 7.977e+00 7.988e+00 8.000e+00 8.012e+00
 8.026e+00 8.039e+00 8.054e+00 8.069e+00 8.085e+00 8.102e+00 8.120e+00 8.138e+00
 8.157e+00 8.177e+00 8.197e+00 8.219e+00 8.241e+00 8.263e+00 8.286e+00 8.310e+00
 8.334e+00 8.358e+00 8.383e+00 8.409e+00 8.434e+00 8.460e+00 8.486e+00 8.512e+00
 8.538e+00 8.564e+00 8.590e+00 8.616e+00 8.642e+00 8.667e+00 8.693e+00 8.717e+00
 8.742e+00 8.766e+00 8.790e+00 8.813e+00 8.836e+00 8.859e+00 8.881e+00 8.902e+00
 8.923e+00 8.943e+00 8.963e+00 8.982e+00 9.001e+00 9.019e+00 9.037e+00 9.054e+00
 9.071e+00 9.087e+00 9.103e+00 9.118e+00 9.132e+00 9.147e+00 9.160e+00 9.174e+00
 9.187e+00 9.199e+00 9.211e+00 9.222e+00 9.234e+00 9.244e+00 9.255e+00 9.265e+00
 9.274e+00 9.284e+00 9.293e+00 9.301e+00 9.310e+00 9.318e+00 9.326e+00 9.333e+00
 9.340e+00 9.347e+00 9.354e+00 9.360e+00 9.367e+00 9.373e+00 9.378e+00 9.384e+00
 9.389e+00 9.394e+00 9.399e+00 9.404e+00 9.408e+00 9.413e+00 9.417e+00 9.421e+00
 9.425e+00 9.429e+00 9.432e+00 9.435e+00 9.439e+00 9.442e+00 9.445e+00 9.448e+00
 9.450e+00 9.453e+00 9.455e+00 9.458e+00 9.460e+00 9.462e+00 9.464e+00 9.466e+00
 9.468e+00 9.470e+00 9.472e+00 9.473e+00 9.475e+00 9.476e+00 9.477e+00 9.479e+00
 9.480e+00 9.481e+00 9.482e+00 9.483e+00 9.484e+00 9.485e+00 9.486e+00 9.486e+00
 9.487e+00 9.488e+00 9.488e+00 9.489e+00 9.490e+00 9.490e+00 9.490e+00 9.491e+00
 9.491e+00 9.492e+00 9.492e+00 9.492e+00 9.492e+00 9.492e+00 9.493e+00 9.493e+00
 9.493e+00 9.493e+00 9.493e+00 9.492e+00 9.492e+00 9.492e+00 9.492e+00 9.491e+00
 9.491e+00 9.491e+00 9.490e+00 9.490e+00 9.489e+00 9.489e+00 9.488e+00 9.488e+00
 9.487e+00 9.486e+00 9.486e+00 9.485e+00 9.484e+00 9.484e+00 9.483e+00 9.482e+00
 9.482e+00 9.481e+00 9.480e+00 9.479e+00 9.479e+00 9.478e+00 9.477e+00 9.477e+00
 9.476e+00 9.475e+00 9.475e+00 9.474e+00 9.473e+00 9.472e+00 9.472e+00 9.471e+00
 9.470e+00 9.469e+00 9.469e+00 9.468e+00 9.467e+00 9.466e+00 9.466e+00 9.465e+00
 9.464e+00 9.463e+00 9.463e+00 9.462e+00 9.461e+00 9.460e+00 9.459e+00 9.459e+00
 9.458e+00 9.457e+00 9.456e+00 9.456e+00 9.455e+00 9.454e+00 9.453e+00 9.452e+00
 9.452e+00 9.451e+00 9.450e+00 9.449e+00 9.448e+00 9.448e+00 9.447e+00 9.446e+00
 9.445e+00 9.444e+00 9.443e+00 9.443e+00 9.442e+00 9.441e+00 9.440e+00 9.439e+00
 9.438e+00 9.437e+00 9.437e+00 9.436e+00 9.435e+00 9.434e+00 9.433e+00 9.432e+00
 9.431e+00 9.431e+00 9.430e+00 9.429e+00 9.428e+00 9.427e+00 9.426e+00 9.425e+00
 9.424e+00 9.424e+00 9.423e+00 9.422e+00 9.421e+00 9.420e+00 9.419e+00 9.418e+00
 9.417e+00 9.416e+00 9.415e+00 9.414e+00 9.414e+00 9.413e+00 9.412e+00 9.411e+00
 9.410e+00 9.409e+00 9.408e+00 9.407e+00 9.406e+00 9.405e+00 9.404e+00 9.403e+00
 9.402e+00 9.401e+00 9.400e+00 9.399e+00 9.398e+00 9.397e+00 9.396e+00 9.395e+00
 9.394e+00 9.393e+00 9.392e+00 9.391e+00 9.390e+00 9.389e+00 9.388e+00 9.387e+00
 9.386e+00 9.385e+00 9.384e+00 9.383e+00 9.382e+00 9.381e+00 9.380e+00 9.379e+00
 9.378e+00 9.377e+00 9.376e+00 9.375e+00 9.374e+00 9.373e+00 9.372e+00 9.371e+00
 9.370e+00 9.369e+00 9.368e+00 9.367e+00 9.366e+00 9.365e+00 9.364e+00 9.362e+00
 9.361e+00 9.360e+00 9.359e+00 9.358e+00 9.357e+00 9.356e+00 9.355e+00 9.354e+00
sqrt(<Z^2>) for tau[ms]=   10.0
 2.975e-15 7.674e-15 1.951e-14 4.879e-14 1.199e-13 2.891e-13 6.830e-13 1.578e-12
 3.564e-12 7.858e-12 1.693e-11 3.567e-11 7.352e-11 1.484e-10 2.935e-10 5.693e-10
 1.084e-09 2.025e-09 3.719e-09 6.715e-09 1.193e-08 2.088e-08 3.599e-08 6.120e-08
 1.027e-07 1.701e-07 2.784e-07 4.507e-07 7.220e-07 1.145e-06 1.800e-06 2.802e-06
 4.322e-06 6.605e-06 1.000e-05 1.501e-05 2.233e-05 3.291e-05 4.807e-05 6.960e-05
 9.989e-05 1.421e-04 2.004e-04 2.801e-04 3.883e-04 5.337e-04 7.276e-04 9.841e-04
 1.321e-03 1.759e-03 2.326e-03 3.053e-03 3.980e-03 5.154e-03 6.630e-03 8.474e-03
 1.077e-02 1.360e-02 1.707e-02 2.131e-02 2.646e-02 3.268e-02 4.013e-02 4.903e-02
 5.959e-02 7.205e-02 8.666e-02 1.037e-01 1.234e-01 1.461e-01 1.721e-01 2.014e-01
 2.344e-01 2.710e-01 3.112e-01 3.547e-01 4.011e-01 4.498e-01 4.998e-01 5.503e-01
 6.001e-01 6.481e-01 6.935e-01 7.355e-01 7.736e-01 8.076e-01 8.376e-01 8.638e-01
 8.865e-01 9.062e-01 9.235e-01 9.389e-01 9.530e-01 9.666e-01 9.802e-01 9.945e-01
 1.010e+00 1.028e+00 1.049e+00 1.074e+00 1.103e+00 1.137e+00 1.176e+00 1.221e+00
 1.270e+00 1.323e+00 1.378e+00 1.436e+00 1.493e+00 1.549e+00 1.602e+00 1.652e+00
 1.698e+00 1.739e+00 1.775e+00 1.807e+00 1.835e+00 1.859e+00 1.879e+00 1.897e+00
 1.912e+00 1.925e+00 1.936e+00 1.946e+00 1.955e+00 1.963e+00 1.971e+00 1.978e+00
 1.986e+00 1.994e+00 2.004e+00 2.015e+00 2.028e+00 2.043e+00 2.062e+00 2.085e+00
 2.112e+00 2.143e+00 2.179e+00 2.220e+00 2.266e+00 2.315e+00 2.368e+00 2.422e+00
 2.477e+00 2.532e+00 2.586e+00 2.639e+00 2.689e+00 2.737e+00 2.783e+00 2.827e+00
 2.869e+00 2.911e+00 2.953e+00 2.995e+00 3.039e+00 3.083e+00 3.129e+00 3.177e+00
 3.227e+00 3.278e+00 3.331e+00 3.384e+00 3.437e+00 3.491e+00 3.544e+00 3.597e+00
 3.649e+00 3.700e+00 3.751e+00 3.802e+00 3.853e+00 3.903e+00 3.955e+00 4.007e+00
 4.060e+00 4.115e+00 4.170e+00 4.227e+00 4.284e+00 4.343e+00 4.401e+00 4.460e+00
 4.519e+00 4.578e+00 4.637e+00 4.697e+00 4.756e+00 4.816e+00 4.877e+00 4.938e+00
 5.001e+00 5.066e+00 5.134e+00 5.203e+00 5.275e+00 5.351e+00 5.430e+00 5.512e+00
 5.598e+00 5.687e+00 5.780e+00 5.876e+00 5.975e+00 6.076e+00 6.179e+00 6.283e+00
 6.388e+00 6.492e+00 6.595e+00 6.696e+00 6.794e+00 6.888e+00 6.978e+00 7.063e+00
 7.142e+00 7.217e+00 7.286e+00 7.350e+00 7.408e+00 7.462e+00 7.510e+00 7.555e+00
 7.595e+00 7.631e+00 7.664e+00 7.693e+00 7.720e+00 7.744e+00 7.766e+00 7.785e+00
 7.803e+00 7.818e+00 7.833e+00 7.846e+00 7.857e+00 7.868e+00 7.877e+00 7.886e+00
 7.894e+00 7.901e+00 7.908e+00 7.914e+00 7.919e+00 7.924e+00 7.929e+00 7.933e+00
 7.937e+00 7.940e+00 7.943e+00 7.947e+00 7.949e+00 7.952e+00 7.954e+00 7.957e+00
 7.959e+00 7.961e+00 7.963e+00 7.965e+00 7.968e+00 7.970e+00 7.972e+00 7.974e+00
 7.977e+00 7.979e+00 7.982e+00 7.985e+00 7.988e+00 7.992e+00 7.996e+00 8.001e+00
 8.006e+00 8.012e+00 8.019e+00 8.026e+00 8.035e+00 8.044e+00 8.055e+00 8.066e+00
 8.079e+00 8.093e+00 8.108e+00 8.125e+00 8.144e+00 8.164e+00 8.186e+00 8.210e+00
 8.236e+00 8.263e+00 8.293e+00 8.324e+00 8.358e+00 8.394e+00 8.432e+00 8.471e+00
 8.513e+00 8.556e+00 8.601e+00 8.647e+00 8.694e+00 8.742e+00 8.791e+00 8.840e+00
 8.889e+00 8.937e+00 8.985e+00 9.032e+00 9.078e+00 9.123e+00 9.167e+00 9.209e+00
 9.249e+00 9.287e+00 9.324e+00 9.359e+00 9.392e+00 9.424e+00 9.453e+00 9.481e+00
 9.508e+00 9.533e+00 9.556e+00 9.578e+00 9.598e+00 9.618e+00 9.636e+00 9.653e+00
 9.669e+00 9.683e+00 9.697e+00 9.711e+00 9.723e+00 9.734e+00 9.745e+00 9.756e+00
 9.765e+00 9.774e+00 9.783e+00 9.791e+00 9.798e+00 9.805e+00 9.812e+00 9.818e+00
 9.824e+00 9.830e+00 9.835e+00 9.840e+00 9.845e+00 9.849e+00 9.854e+00 9.858e+00
 9.862e+00 9.865e+00 9.869e+00 9.872e+00 9.875e+00 9.878e+00 9.881e+00 9.884e+00
 9.886e+00 9.888e+00 9.891e+00 9.893e+00 9.895e+00 9.897e+00 9.899e+00 9.901e+00
 9.903e+00 9.904e+00 9.906e+00 9.907e+00 9.909e+00 9.910e+00 9.912e+00 9.913e+00
 9.914e+00 9.915e+00 9.916e+00 9.917e+00 9.918e+00 9.919e+00 9.920e+00 9.921e+00
 9.922e+00 9.923e+00 9.924e+00 9.924e+00 9.925e+00 9.926e+00 9.926e+00 9.927e+00
 9.928e+00 9.928e+00 9.929e+00 9.929e+00 9.930e+00 9.930e+00 9.931e+00 9.931e+00
 9.932e+00 9.932e+00 9.932e+00 9.933e+00 9.933e+00 9.933e+00 9.934e+00 9.934e+00
 9.934e+00 9.935e+00 9.935e+00 9.935e+00 9.935e+00 9.936e+00 9.936e+00 9.936e+00
 9.936e+00 9.936e+00 9.936e+00 9.937e+00 9.937e+00 9.937e+00 9.937e+00 9.937e+00
 9.937e+00 9.937e+00 9.937e+00 9.938e+00 9.938e+00 9.938e+00 9.938e+00 9.938e+00
 9.938e+00 9.938e+00 9.938e+00 9.938e+00 9.938e+00 9.938e+00 9.938e+00 9.938e+00
 9.938e+00 9.938e+00 9.938e+00 9.938e+00 9.938e+00 9.938e+00 9.938e+00 9.938e+00
 9.938e+00 9.938e+00 9.938e+00 9.938e+00 9.938e+00 9.938e+00 9.938e+00 9.938e+00
 9.937e+00 9.937e+00 9.937e+00 9.937e+00 9.937e+00 9.937e+00 9.937e+00 9.937e+00
 9.937e+00 9.937e+00 9.937e+00 9.937e+00 9.937e+00 9.937e+00 9.937e+00 9.936e+00
 9.936e+00 9.936e+00 9.936e+00 9.936e+00 9.936e+00 9.936e+00 9.936e+00 9.936e+00
 9.936e+00 9.936e+00 9.936e+00 9.936e+00 9.935e+00 9.935e+00 9.935e+00 9.935e+00
 9.935e+00 9.935e+00 9.935e+00 9.935e+00 9.935e+00 9.935e+00 9.935e+00 9.934e+00
 9.934e+00 9.934e+00 9.934e+00 9.934e+00 9.934e+00 9.934e+00 9.934e+00 9.934e+00
 9.934e+00 9.934e+00 9.933e+00 9.933e+00 9.933e+00 9.933e+00 9.933e+00 9.933e+00
 9.933e+00 9.933e+00 9.933e+00 9.932e+00 9.932e+00 9.932e+00 9.932e+00 9.932e+00
 9.932e+00 9.932e+00 9.932e+00 9.932e+00 9.932e+00 9.931e+00 9.931e+00 9.931e+00
 9.931e+00 9.931e+00 9.931e+00 9.931e+00 9.931e+00 9.931e+00 9.930e+00 9.930e+00
 9.930e+00 9.930e+00 9.930e+00 9.930e+00 9.930e+00 9.930e+00 9.929e+00 9.929e+00
 9.929e+00 9.929e+00 9.929e+00 9.929e+00 9.929e+00 9.929e+00 9.929e+00 9.928e+00
 9.928e+00 9.928e+00 9.928e+00 9.928e+00 9.928e+00 9.928e+00 9.928e+00 9.927e+00
 9.927e+00 9.927e+00 9.927e+00 9.927e+00 9.927e+00 9.927e+00 9.927e+00 9.926e+00
 9.926e+00 9.926e+00 9.926e+00 9.926e+00 9.926e+00 9.926e+00 9.926e+00 9.925e+00
 9.925e+00 9.925e+00 9.925e+00 9.925e+00 9.925e+00 9.925e+00 9.924e+00 9.924e+00
 9.924e+00 9.924e+00 9.924e+00 9.924e+00 9.924e+00 9.923e+00 9.923e+00 9.923e+00
 9.923e+00 9.923e+00 9.923e+00 9.923e+00 9.922e+00 9.922e+00 9.922e+00 9.922e+00
sqrt(<Z^2>) for tau[ms]=  100.0
 3.000e-15 7.744e-15 1.970e-14 4.932e-14 1.213e-13 2.928e-13 6.926e-13 1.603e-12
 3.623e-12 8.001e-12 1.726e-11 3.643e-11 7.523e-11 1.521e-10 3.015e-10 5.861e-10
 1.118e-09 2.095e-09 3.857e-09 6.984e-09 1.245e-08 2.185e-08 3.779e-08 6.448e-08
 1.086e-07 1.806e-07 2.969e-07 4.826e-07 7.767e-07 1.238e-06 1.955e-06 3.060e-06
 4.746e-06 7.297e-06 1.112e-05 1.679e-05 2.514e-05 3.730e-05 5.488e-05 8.004e-05
 1.157e-04 1.659e-04 2.359e-04 3.325e-04 4.649e-04 6.447e-04 8.870e-04 1.211e-03
 1.641e-03 2.207e-03 2.948e-03 3.909e-03 5.150e-03 6.740e-03 8.766e-03 1.133e-02
 1.456e-02 1.859e-02 2.362e-02 2.983e-02 3.748e-02 4.683e-02 5.821e-02 7.196e-02
 8.849e-02 1.082e-01 1.316e-01 1.591e-01 1.911e-01 2.280e-01 2.700e-01 3.171e-01
 3.690e-01 4.250e-01 4.840e-01 5.444e-01 6.044e-01 6.621e-01 7.159e-01 7.645e-01
 8.071e-01 8.435e-01 8.741e-01 8.993e-01 9.198e-01 9.366e-01 9.502e-01 9.615e-01
 9.711e-01 9.796e-01 9.876e-01 9.957e-01 1.005e+00 1.015e+00 1.027e+00 1.043e+00
 1.063e+00 1.087e+00 1.118e+00 1.154e+00 1.198e+00 1.248e+00 1.304e+00 1.364e+00
 1.427e+00 1.491e+00 1.554e+00 1.614e+00 1.669e+00 1.719e+00 1.763e+00 1.802e+00
 1.834e+00 1.862e+00 1.885e+00 1.905e+00 1.921e+00 1.934e+00 1.945e+00 1.954e+00
 1.962e+00 1.969e+00 1.975e+00 1.980e+00 1.985e+00 1.990e+00 1.995e+00 2.002e+00
 2.009e+00 2.017e+00 2.028e+00 2.041e+00 2.057e+00 2.078e+00 2.102e+00 2.132e+00
 2.167e+00 2.208e+00 2.254e+00 2.305e+00 2.359e+00 2.415e+00 2.473e+00 2.531e+00
 2.587e+00 2.641e+00 2.692e+00 2.740e+00 2.785e+00 2.827e+00 2.868e+00 2.906e+00
 2.944e+00 2.982e+00 3.021e+00 3.061e+00 3.102e+00 3.146e+00 3.192e+00 3.239e+00
 3.289e+00 3.341e+00 3.393e+00 3.446e+00 3.499e+00 3.552e+00 3.604e+00 3.656e+00
 3.706e+00 3.756e+00 3.806e+00 3.855e+00 3.905e+00 3.955e+00 4.006e+00 4.058e+00
 4.111e+00 4.166e+00 4.222e+00 4.279e+00 4.336e+00 4.395e+00 4.454e+00 4.513e+00
 4.572e+00 4.632e+00 4.692e+00 4.751e+00 4.812e+00 4.873e+00 4.935e+00 4.999e+00
 5.065e+00 5.134e+00 5.205e+00 5.280e+00 5.359e+00 5.442e+00 5.530e+00 5.622e+00
 5.719e+00 5.821e+00 5.928e+00 6.039e+00 6.153e+00 6.271e+00 6.390e+00 6.510e+00
 6.629e+00 6.746e+00 6.859e+00 6.967e+00 7.069e+00 7.164e+00 7.253e+00 7.333e+00
 7.407e+00 7.473e+00 7.532e+00 7.585e+00 7.632e+00 7.673e+00 7.710e+00 7.742e+00
 7.770e+00 7.796e+00 7.818e+00 7.837e+00 7.854e+00 7.869e+00 7.882e+00 7.894e+00
 7.904e+00 7.914e+00 7.922e+00 7.929e+00 7.936e+00 7.941e+00 7.946e+00 7.951e+00
 7.955e+00 7.959e+00 7.962e+00 7.965e+00 7.968e+00 7.970e+00 7.972e+00 7.974e+00
 7.976e+00 7.977e+00 7.979e+00 7.980e+00 7.982e+00 7.983e+00 7.984e+00 7.985e+00
 7.987e+00 7.988e+00 7.989e+00 7.991e+00 7.992e+00 7.994e+00 7.996e+00 7.998e+00
 8.000e+00 8.003e+00 8.006e+00 8.010e+00 8.014e+00 8.019e+00 8.024e+00 8.031e+00
 8.038e+00 8.047e+00 8.056e+00 8.067e+00 8.079e+00 8.093e+00 8.108e+00 8.125e+00
 8.144e+00 8.164e+00 8.187e+00 8.212e+00 8.239e+00 8.268e+00 8.300e+00 8.335e+00
 8.372e+00 8.412e+00 8.454e+00 8.499e+00 8.547e+00 8.598e+00 8.650e+00 8.705e+00
 8.762e+00 8.820e+00 8.878e+00 8.938e+00 8.997e+00 9.056e+00 9.114e+00 9.170e+00
 9.225e+00 9.278e+00 9.328e+00 9.376e+00 9.421e+00 9.463e+00 9.503e+00 9.540e+00
 9.574e+00 9.606e+00 9.636e+00 9.663e+00 9.688e+00 9.710e+00 9.731e+00 9.751e+00
 9.769e+00 9.785e+00 9.800e+00 9.813e+00 9.826e+00 9.837e+00 9.848e+00 9.858e+00
 9.867e+00 9.875e+00 9.882e+00 9.889e+00 9.896e+00 9.902e+00 9.907e+00 9.913e+00
 9.917e+00 9.922e+00 9.926e+00 9.930e+00 9.933e+00 9.936e+00 9.939e+00 9.942e+00
 9.945e+00 9.947e+00 9.950e+00 9.952e+00 9.954e+00 9.956e+00 9.958e+00 9.960e+00
 9.961e+00 9.963e+00 9.964e+00 9.965e+00 9.967e+00 9.968e+00 9.969e+00 9.970e+00
 9.971e+00 9.972e+00 9.973e+00 9.974e+00 9.975e+00 9.975e+00 9.976e+00 9.977e+00
 9.978e+00 9.978e+00 9.979e+00 9.979e+00 9.980e+00 9.980e+00 9.981e+00 9.981e+00
 9.982e+00 9.982e+00 9.983e+00 9.983e+00 9.984e+00 9.984e+00 9.984e+00 9.985e+00
 9.985e+00 9.985e+00 9.986e+00 9.986e+00 9.986e+00 9.986e+00 9.987e+00 9.987e+00
 9.987e+00 9.987e+00 9.988e+00 9.988e+00 9.988e+00 9.988e+00 9.988e+00 9.989e+00
 9.989e+00 9.989e+00 9.989e+00 9.989e+00 9.989e+00 9.990e+00 9.990e+00 9.990e+00
 9.990e+00 9.990e+00 9.990e+00 9.990e+00 9.990e+00 9.990e+00 9.991e+00 9.991e+00
 9.991e+00 9.991e+00 9.991e+00 9.991e+00 9.991e+00 9.991e+00 9.991e+00 9.991e+00
 9.991e+00 9.991e+00 9.992e+00 9.992e+00 9.992e+00 9.992e+00 9.992e+00 9.992e+00
 9.992e+00 9.992e+00 9.992e+00 9.992e+00 9.992e+00 9.992e+00 9.992e+00 9.992e+00
 9.992e+00 9.992e+00 9.992e+00 9.992e+00 9.992e+00 9.992e+00 9.992e+00 9.992e+00
 9.992e+00 9.992e+00 9.992e+00 9.992e+00 9.992e+00 9.993e+00 9.993e+00 9.993e+00
 9.993e+00 9.993e+00 9.993e+00 9.993e+00 9.993e+00 9.993e+00 9.993e+00 9.993e+00
 9.993e+00 9.993e+00 9.993e+00 9.993e+00 9.993e+00 9.993e+00 9.993e+00 9.993e+00
 9.993e+00 9.993e+00 9.993e+00 9.993e+00 9.993e+00 9.993e+00 9.993e+00 9.993e+00
 9.993e+00 9.993e+00 9.993e+00 9.993e+00 9.993e+00 9.993e+00 9.993e+00 9.993e+00
 9.993e+00 9.993e+00 9.993e+00 9.993e+00 9.993e+00 9.993e+00 9.993e+00 9.993e+00
 9.993e+00 9.993e+00 9.993e+00 9.993e+00 9.993e+00 9.993e+00 9.993e+00 9.993e+00
 9.993e+00 9.993e+00 9.993e+00 9.993e+00 9.993e+00 9.993e+00 9.993e+00 9.993e+00
 9.993e+00 9.993e+00 9.993e+00 9.993e+00 9.993e+00 9.993e+00 9.993e+00 9.993e+00
 9.993e+00 9.993e+00 9.993e+00 9.993e+00 9.993e+00 9.993e+00 9.993e+00 9.993e+00
 9.993e+00 9.993e+00 9.993e+00 9.993e+00 9.993e+00 9.993e+00 9.993e+00 9.993e+00
 9.993e+00 9.993e+00 9.993e+00 9.993e+00 9.993e+00 9.993e+00 9.993e+00 9.993e+00
 9.993e+00 9.993e+00 9.993e+00 9.993e+00 9.993e+00 9.993e+00 9.993e+00 9.993e+00
 9.993e+00 9.993e+00 9.993e+00 9.993e+00 9.993e+00 9.993e+00 9.993e+00 9.993e+00
 9.993e+00 9.993e+00 9.993e+00 9.993e+00 9.993e+00 9.992e+00 9.992e+00 9.992e+00
 9.992e+00 9.992e+00 9.992e+00 9.992e+00 9.992e+00 9.992e+00 9.992e+00 9.992e+00
 9.992e+00 9.992e+00 9.992e+00 9.992e+00 9.992e+00 9.992e+00 9.992e+00 9.992e+00
 9.992e+00 9.992e+00 9.992e+00 9.992e+00 9.992e+00 9.992e+00 9.992e+00 9.992e+00
 9.992e+00 9.992e+00 9.992e+00 9.992e+00 9.992e+00 9.992e+00 9.992e+00 9.992e+00
sqrt(<Z^2>) for tau[ms]= 1000.0
 3.002e-15 7.751e-15 1.972e-14 4.937e-14 1.215e-13 2.932e-13 6.936e-13 1.605e-12
 3.630e-12 8.015e-12 1.730e-11 3.651e-11 7.541e-11 1.525e-10 3.024e-10 5.879e-10
 1.122e-09 2.102e-09 3.871e-09 7.012e-09 1.250e-08 2.195e-08 3.799e-08 6.484e-08
 1.092e-07 1.817e-07 2.989e-07 4.862e-07 7.829e-07 1.248e-06 1.973e-06 3.090e-06
 4.796e-06 7.378e-06 1.125e-05 1.701e-05 2.548e-05 3.784e-05 5.573e-05 8.136e-05
 1.178e-04 1.690e-04 2.406e-04 3.396e-04 4.753e-04 6.601e-04 9.094e-04 1.243e-03
 1.687e-03 2.273e-03 3.041e-03 4.041e-03 5.333e-03 6.993e-03 9.113e-03 1.180e-02
 1.520e-02 1.946e-02 2.478e-02 3.138e-02 3.952e-02 4.952e-02 6.172e-02 7.651e-02
 9.435e-02 1.157e-01 1.411e-01 1.710e-01 2.060e-01 2.463e-01 2.922e-01 3.435e-01
 3.997e-01 4.599e-01 5.225e-01 5.855e-01 6.469e-01 7.045e-01 7.568e-01 8.027e-01
 8.418e-01 8.744e-01 9.010e-01 9.224e-01 9.395e-01 9.532e-01 9.642e-01 9.733e-01
 9.810e-01 9.880e-01 9.949e-01 1.002e+00 1.011e+00 1.021e+00 1.034e+00 1.050e+00
 1.071e+00 1.097e+00 1.129e+00 1.168e+00 1.214e+00 1.267e+00 1.325e+00 1.388e+00
 1.452e+00 1.517e+00 1.580e+00 1.640e+00 1.694e+00 1.742e+00 1.784e+00 1.820e+00
 1.851e+00 1.877e+00 1.898e+00 1.916e+00 1.930e+00 1.942e+00 1.952e+00 1.960e+00
 1.967e+00 1.973e+00 1.979e+00 1.984e+00 1.988e+00 1.993e+00 1.998e+00 2.004e+00
 2.011e+00 2.020e+00 2.031e+00 2.044e+00 2.061e+00 2.082e+00 2.108e+00 2.139e+00
 2.175e+00 2.217e+00 2.264e+00 2.316e+00 2.371e+00 2.429e+00 2.487e+00 2.545e+00
 2.601e+00 2.654e+00 2.705e+00 2.752e+00 2.796e+00 2.838e+00 2.877e+00 2.915e+00
 2.952e+00 2.990e+00 3.028e+00 3.068e+00 3.109e+00 3.153e+00 3.198e+00 3.246e+00
 3.296e+00 3.347e+00 3.400e+00 3.453e+00 3.506e+00 3.558e+00 3.611e+00 3.662e+00
 3.712e+00 3.762e+00 3.812e+00 3.861e+00 3.911e+00 3.961e+00 4.011e+00 4.063e+00
 4.117e+00 4.171e+00 4.227e+00 4.284e+00 4.342e+00 4.400e+00 4.459e+00 4.519e+00
 4.578e+00 4.638e+00 4.697e+00 4.757e+00 4.818e+00 4.879e+00 4.942e+00 5.006e+00
 5.072e+00 5.141e+00 5.214e+00 5.289e+00 5.369e+00 5.453e+00 5.541e+00 5.635e+00
 5.734e+00 5.837e+00 5.946e+00 6.059e+00 6.176e+00 6.296e+00 6.418e+00 6.540e+00
 6.661e+00 6.779e+00 6.893e+00 7.002e+00 7.104e+00 7.199e+00 7.287e+00 7.367e+00
 7.439e+00 7.503e+00 7.561e+00 7.612e+00 7.657e+00 7.697e+00 7.732e+00 7.763e+00
 7.790e+00 7.814e+00 7.834e+00 7.852e+00 7.868e+00 7.882e+00 7.895e+00 7.906e+00
 7.915e+00 7.924e+00 7.931e+00 7.938e+00 7.944e+00 7.949e+00 7.953e+00 7.958e+00
 7.961e+00 7.965e+00 7.967e+00 7.970e+00 7.972e+00 7.975e+00 7.977e+00 7.978e+00
 7.980e+00 7.981e+00 7.983e+00 7.984e+00 7.985e+00 7.986e+00 7.987e+00 7.988e+00
 7.989e+00 7.991e+00 7.992e+00 7.993e+00 7.995e+00 7.996e+00 7.998e+00 8.000e+00
 8.003e+00 8.005e+00 8.009e+00 8.013e+00 8.017e+00 8.022e+00 8.028e+00 8.035e+00
 8.043e+00 8.051e+00 8.062e+00 8.073e+00 8.086e+00 8.100e+00 8.116e+00 8.134e+00
 8.154e+00 8.175e+00 8.199e+00 8.225e+00 8.253e+00 8.284e+00 8.318e+00 8.354e+00
 8.393e+00 8.435e+00 8.479e+00 8.526e+00 8.577e+00 8.629e+00 8.684e+00 8.741e+00
 8.800e+00 8.860e+00 8.921e+00 8.982e+00 9.043e+00 9.103e+00 9.161e+00 9.218e+00
 9.273e+00 9.326e+00 9.376e+00 9.423e+00 9.467e+00 9.509e+00 9.547e+00 9.583e+00
 9.616e+00 9.647e+00 9.675e+00 9.700e+00 9.724e+00 9.745e+00 9.765e+00 9.783e+00
 9.799e+00 9.814e+00 9.828e+00 9.841e+00 9.852e+00 9.862e+00 9.872e+00 9.881e+00
 9.889e+00 9.896e+00 9.903e+00 9.909e+00 9.915e+00 9.920e+00 9.925e+00 9.930e+00
 9.934e+00 9.938e+00 9.941e+00 9.944e+00 9.948e+00 9.950e+00 9.953e+00 9.956e+00
 9.958e+00 9.960e+00 9.962e+00 9.964e+00 9.966e+00 9.967e+00 9.969e+00 9.970e+00
 9.972e+00 9.973e+00 9.974e+00 9.975e+00 9.976e+00 9.977e+00 9.978e+00 9.979e+00
 9.980e+00 9.981e+00 9.982e+00 9.982e+00 9.983e+00 9.984e+00 9.984e+00 9.985e+00
 9.985e+00 9.986e+00 9.986e+00 9.987e+00 9.987e+00 9.988e+00 9.988e+00 9.989e+00
 9.989e+00 9.989e+00 9.990e+00 9.990e+00 9.990e+00 9.991e+00 9.991e+00 9.991e+00
 9.991e+00 9.992e+00 9.992e+00 9.992e+00 9.992e+00 9.993e+00 9.993e+00 9.993e+00
 9.993e+00 9.993e+00 9.994e+00 9.994e+00 9.994e+00 9.994e+00 9.994e+00 9.994e+00
 9.995e+00 9.995e+00 9.995e+00 9.995e+00 9.995e+00 9.995e+00 9.995e+00 9.995e+00
 9.996e+00 9.996e+00 9.996e+00 9.996e+00 9.996e+00 9.996e+00 9.996e+00 9.996e+00
 9.996e+00 9.996e+00 9.996e+00 9.997e+00 9.997e+00 9.997e+00 9.997e+00 9.997e+00
 9.997e+00 9.997e+00 9.997e+00 9.997e+00 9.997e+00 9.997e+00 9.997e+00 9.997e+00
 9.997e+00 9.997e+00 9.997e+00 9.998e+00 9.998e+00 9.998e+00 9.998e+00 9.998e+00
 9.998e+00 9.998e+00 9.998e+00 9.998e+00 9.998e+00 9.998e+00 9.998e+00 9.998e+00
 9.998e+00 9.998e+00 9.998e+00 9.998e+00 9.998e+00 9.998e+00 9.998e+00 9.998e+00
 9.998e+00 9.998e+00 9.998e+00 9.998e+00 9.998e+00 9.998e+00 9.998e+00 9.998e+00
 9.999e+00 9.999e+00 9.999e+00 9.999e+00 9.999e+00 9.999e+00 9.999e+00 9.999e+00
 9.999e+00 9.999e+00 9.999e+00 9.999e+00 9.999e+00 9.999e+00 9.999e+00 9.999e+00
 9.999e+00 9.999e+00 9.999e+00 9.999e+00 9.999e+00 9.999e+00 9.999e+00 9.999e+00
 9.999e+00 9.999e+00 9.999e+00 9.999e+00 9.999e+00 9.999e+00 9.999e+00 9.999e+00
 9.999e+00 9.999e+00 9.999e+00 9.999e+00 9.999e+00 9.999e+00 9.999e+00 9.999e+00
 9.999e+00 9.999e+00 9.999e+00 9.999e+00 9.999e+00 9.999e+00 9.999e+00 9.999e+00
 9.999e+00 9.999e+00 9.999e+00 9.999e+00 9.999e+00 9.999e+00 9.999e+00 9.999e+00
 9.999e+00 9.999e+00 9.999e+00 9.999e+00 9.999e+00 9.999e+00 9.999e+00 9.999e+00
 9.999e+00 9.999e+00 9.999e+00 9.999e+00 9.999e+00 9.999e+00 9.999e+00 9.999e+00
 9.999e+00 9.999e+00 9.999e+00 9.999e+00 9.999e+00 9.999e+00 9.999e+00 9.999e+00
 9.999e+00 9.999e+00 9.999e+00 9.999e+00 9.999e+00 9.999e+00 9.999e+00 9.999e+00
 9.999e+00 9.999e+00 9.999e+00 9.999e+00 9.999e+00 9.999e+00 9.999e+00 9.999e+00
 9.999e+00 9.999e+00 9.999e+00 9.999e+00 9.999e+00 9.999e+00 9.999e+00 9.999e+00
 9.999e+00 9.999e+00 9.999e+00 9.999e+00 9.999e+00 9.999e+00 9.999e+00 9.999e+00
 9.999e+00 9.999e+00 9.999e+00 9.999e+00 9.999e+00 9.999e+00 9.999e+00 9.999e+00
 9.999e+00 9.999e+00 9.999e+00 9.999e+00 9.999e+00 9.999e+00 9.999e+00 9.999e+00
 9.999e+00 9.999e+00 9.999e+00 9.999e+00 9.999e+00 9.999e+00 9.999e+00 9.999e+00
sqrt(<Z^2>) in equilibrium - infinite confinement
 3.002e-15 7.751e-15 1.972e-14 4.937e-14 1.215e-13 2.933e-13 6.937e-13 1.605e-12
 3.630e-12 8.017e-12 1.730e-11 3.652e-11 7.543e-11 1.526e-10 3.025e-10 5.881e-10
 1.122e-09 2.103e-09 3.873e-09 7.016e-09 1.251e-08 2.196e-08 3.801e-08 6.488e-08
 1.093e-07 1.819e-07 2.991e-07 4.866e-07 7.835e-07 1.250e-06 1.975e-06 3.093e-06
 4.802e-06 7.388e-06 1.127e-05 1.703e-05 2.552e-05 3.791e-05 5.582e-05 8.151e-05
 1.180e-04 1.694e-04 2.411e-04 3.404e-04 4.765e-04 6.618e-04 9.120e-04 1.247e-03
 1.693e-03 2.281e-03 3.052e-03 4.056e-03 5.355e-03 7.023e-03 9.154e-03 1.186e-02
 1.528e-02 1.956e-02 2.491e-02 3.156e-02 3.977e-02 4.984e-02 6.214e-02 7.707e-02
 9.508e-02 1.167e-01 1.423e-01 1.725e-01 2.079e-01 2.486e-01 2.950e-01 3.469e-01
 4.037e-01 4.644e-01 5.274e-01 5.907e-01 6.522e-01 7.097e-01 7.618e-01 8.073e-01
 8.460e-01 8.780e-01 9.041e-01 9.251e-01 9.418e-01 9.551e-01 9.658e-01 9.746e-01
 9.821e-01 9.890e-01 9.958e-01 1.003e+00 1.011e+00 1.021e+00 1.034e+00 1.051e+00
 1.071e+00 1.098e+00 1.130e+00 1.169e+00 1.216e+00 1.269e+00 1.327e+00 1.390e+00
 1.455e+00 1.521e+00 1.584e+00 1.643e+00 1.697e+00 1.745e+00 1.787e+00 1.822e+00
 1.853e+00 1.878e+00 1.899e+00 1.917e+00 1.931e+00 1.943e+00 1.953e+00 1.961e+00
 1.968e+00 1.974e+00 1.979e+00 1.984e+00 1.989e+00 1.993e+00 1.998e+00 2.004e+00
 2.012e+00 2.020e+00 2.031e+00 2.045e+00 2.062e+00 2.083e+00 2.109e+00 2.140e+00
 2.176e+00 2.218e+00 2.266e+00 2.317e+00 2.373e+00 2.430e+00 2.488e+00 2.546e+00
 2.602e+00 2.656e+00 2.706e+00 2.753e+00 2.797e+00 2.839e+00 2.878e+00 2.916e+00
 2.953e+00 2.991e+00 3.029e+00 3.069e+00 3.110e+00 3.153e+00 3.199e+00 3.247e+00
 3.297e+00 3.348e+00 3.401e+00 3.453e+00 3.507e+00 3.559e+00 3.611e+00 3.663e+00
 3.713e+00 3.763e+00 3.812e+00 3.862e+00 3.911e+00 3.961e+00 4.012e+00 4.064e+00
 4.117e+00 4.172e+00 4.228e+00 4.285e+00 4.342e+00 4.401e+00 4.460e+00 4.519e+00
 4.579e+00 4.638e+00 4.698e+00 4.758e+00 4.818e+00 4.880e+00 4.942e+00 5.007e+00
 5.073e+00 5.142e+00 5.214e+00 5.290e+00 5.370e+00 5.454e+00 5.543e+00 5.636e+00
 5.735e+00 5.839e+00 5.948e+00 6.062e+00 6.179e+00 6.299e+00 6.421e+00 6.543e+00
 6.664e+00 6.783e+00 6.897e+00 7.006e+00 7.108e+00 7.203e+00 7.291e+00 7.370e+00
 7.442e+00 7.507e+00 7.564e+00 7.615e+00 7.660e+00 7.700e+00 7.735e+00 7.765e+00
 7.792e+00 7.816e+00 7.836e+00 7.854e+00 7.870e+00 7.884e+00 7.896e+00 7.907e+00
 7.916e+00 7.925e+00 7.932e+00 7.939e+00 7.945e+00 7.950e+00 7.954e+00 7.958e+00
 7.962e+00 7.965e+00 7.968e+00 7.971e+00 7.973e+00 7.975e+00 7.977e+00 7.979e+00
 7.980e+00 7.982e+00 7.983e+00 7.984e+00 7.985e+00 7.986e+00 7.988e+00 7.989e+00
 7.990e+00 7.991e+00 7.992e+00 7.993e+00 7.995e+00 7.996e+00 7.998e+00 8.000e+00
 8.003e+00 8.006e+00 8.009e+00 8.013e+00 8.017e+00 8.022e+00 8.028e+00 8.035e+00
 8.043e+00 8.052e+00 8.062e+00 8.074e+00 8.086e+00 8.101e+00 8.117e+00 8.135e+00
 8.155e+00 8.176e+00 8.200e+00 8.227e+00 8.255e+00 8.286e+00 8.320e+00 8.356e+00
 8.395e+00 8.437e+00 8.482e+00 8.530e+00 8.580e+00 8.633e+00 8.688e+00 8.745e+00
 8.804e+00 8.865e+00 8.926e+00 8.987e+00 9.048e+00 9.108e+00 9.167e+00 9.224e+00
 9.279e+00 9.332e+00 9.381e+00 9.429e+00 9.473e+00 9.514e+00 9.553e+00 9.588e+00
 9.621e+00 9.651e+00 9.679e+00 9.705e+00 9.728e+00 9.749e+00 9.769e+00 9.787e+00
 9.803e+00 9.818e+00 9.831e+00 9.844e+00 9.855e+00 9.865e+00 9.875e+00 9.883e+00
 9.891e+00 9.899e+00 9.905e+00 9.911e+00 9.917e+00 9.922e+00 9.927e+00 9.932e+00
 9.936e+00 9.939e+00 9.943e+00 9.946e+00 9.949e+00 9.952e+00 9.955e+00 9.957e+00
 9.959e+00 9.961e+00 9.963e+00 9.965e+00 9.967e+00 9.969e+00 9.970e+00 9.971e+00
 9.973e+00 9.974e+00 9.975e+00 9.976e+00 9.977e+00 9.978e+00 9.979e+00 9.980e+00
 9.981e+00 9.982e+00 9.982e+00 9.983e+00 9.984e+00 9.984e+00 9.985e+00 9.986e+00
 9.986e+00 9.987e+00 9.987e+00 9.988e+00 9.988e+00 9.989e+00 9.989e+00 9.989e+00
 9.990e+00 9.990e+00 9.990e+00 9.991e+00 9.991e+00 9.991e+00 9.992e+00 9.992e+00
 9.992e+00 9.992e+00 9.993e+00 9.993e+00 9.993e+00 9.993e+00 9.994e+00 9.994e+00
 9.994e+00 9.994e+00 9.994e+00 9.995e+00 9.995e+00 9.995e+00 9.995e+00 9.995e+00
 9.995e+00 9.995e+00 9.996e+00 9.996e+00 9.996e+00 9.996e+00 9.996e+00 9.996e+00
 9.996e+00 9.996e+00 9.996e+00 9.997e+00 9.997e+00 9.997e+00 9.997e+00 9.997e+00
 9.997e+00 9.997e+00 9.997e+00 9.997e+00 9.997e+00 9.997e+00 9.997e+00 9.997e+00
 9.998e+00 9.998e+00 9.998e+00 9.998e+00 9.998e+00 9.998e+00 9.998e+00 9.998e+00
 9.998e+00 9.998e+00 9.998e+00 9.998e+00 9.998e+00 9.998e+00 9.998e+00 9.998e+00
 9.998e+00 9.998e+00 9.998e+00 9.998e+00 9.998e+00 9.999e+00 9.999e+00 9.999e+00
 9.999e+00 9.999e+00 9.999e+00 9.999e+00 9.999e+00 9.999e+00 9.999e+00 9.999e+00
 9.999e+00 9.999e+00 9.999e+00 9.999e+00 9.999e+00 9.999e+00 9.999e+00 9.999e+00
 9.999e+00 9.999e+00 9.999e+00 9.999e+00 9.999e+00 9.999e+00 9.999e+00 9.999e+00
 9.999e+00 9.999e+00 9.999e+00 9.999e+00 9.999e+00 9.999e+00 9.999e+00 9.999e+00
 9.999e+00 9.999e+00 9.999e+00 9.999e+00 9.999e+00 9.999e+00 9.999e+00 9.999e+00
 9.999e+00 9.999e+00 9.999e+00 9.999e+00 1.000e+01 1.000e+01 1.000e+01 1.000e+01
 1.000e+01 1.000e+01 1.000e+01 1.000e+01 1.000e+01 1.000e+01 1.000e+01 1.000e+01
 1.000e+01 1.000e+01 1.000e+01 1.000e+01 1.000e+01 1.000e+01 1.000e+01 1.000e+01
 1.000e+01 1.000e+01 1.000e+01 1.000e+01 1.000e+01 1.000e+01 1.000e+01 1.000e+01
 1.000e+01 1.000e+01 1.000e+01 1.000e+01 1.000e+01 1.000e+01 1.000e+01 1.000e+01
 1.000e+01 1.000e+01 1.000e+01 1.000e+01 1.000e+01 1.000e+01 1.000e+01 1.000e+01
 1.000e+01 1.000e+01 1.000e+01 1.000e+01 1.000e+01 1.000e+01 1.000e+01 1.000e+01
 1.000e+01 1.000e+01 1.000e+01 1.000e+01 1.000e+01 1.000e+01 1.000e+01 1.000e+01
 1.000e+01 1.000e+01 1.000e+01 1.000e+01 1.000e+01 1.000e+01 1.000e+01 1.000e+01
 1.000e+01 1.000e+01 1.000e+01 1.000e+01 1.000e+01 1.000e+01 1.000e+01 1.000e+01
 1.000e+01 1.000e+01 1.000e+01 1.000e+01 1.000e+01 1.000e+01 1.000e+01 1.000e+01
 1.000e+01 1.000e+01 1.000e+01 1.000e+01 1.000e+01 1.000e+01 1.000e+01 1.000e+01
 1.000e+01 1.000e+01 1.000e+01 1.000e+01 1.000e+01 1.000e+01 1.000e+01 1.000e+01
 1.000e+01 1.000e+01 1.000e+01 1.000e+01 1.000e+01 1.000e+01 1.000e+01 1.000e+01
C-------------------------------------------------------------------------------
C
C  The fractional abundance and radiated power were generated from the
C  ADAS installation at UKAEA with the named adf11 files. The adf11 data
C  files may be updated in a later release of ADAS and publicly
C  available versions may be found at https://open.adas.ac.uk/.
C
C  The equilibrium balance data was produced with run_adas405.py and
C  the balance with a confinement time with adas4xx_ionbal_tau.py
C  which are functions from the ADAS library. Details on these codes
C  may be found at: https://www.adas.ac.uk/python_lib/index.html
C
C  Copyright (C) 2023 UK Atomic Energy Authority
C
C  This file was generated for use in the UKAEA systems code PROCESS
C  using a script written by Martin O'Mullane.
C  If acquired without provenance a user is strongly advised
C  to check its validity by re-generating using the adf11 files from
C  the OPEN-ADAS site.
C
C  Produced by : Timothy Nunn
C  Date        : 29-07-26
C
C-------------------------------------------------------------------------------
