Mean charge as a function dwell time.
Temperature :      0.2 - 500000.0 eV
Density     : 1.00e+20 m-3
   600     5  # Te values, dwell time

Source data:
acd : /home/adas/adas/adf11/acd96/acd96_ne.dat
scd : /home/adas/adas/adf11/scd96/scd96_ne.dat
plt : /home/adas/adas/adf11/plt96/plt96_ne.dat
prb : /home/adas/adas/adf11/prb96/prb96_ne.dat

Te[eV]
 2.500e-01 2.561e-01 2.624e-01 2.688e-01 2.754e-01 2.822e-01 2.891e-01 2.962e-01
 3.035e-01 3.109e-01 3.185e-01 3.263e-01 3.343e-01 3.425e-01 3.509e-01 3.595e-01
 3.683e-01 3.774e-01 3.866e-01 3.961e-01 4.058e-01 4.158e-01 4.260e-01 4.364e-01
 4.471e-01 4.581e-01 4.693e-01 4.808e-01 4.926e-01 5.047e-01 5.170e-01 5.297e-01
 5.427e-01 5.560e-01 5.696e-01 5.836e-01 5.979e-01 6.126e-01 6.276e-01 6.430e-01
 6.587e-01 6.749e-01 6.914e-01 7.084e-01 7.257e-01 7.435e-01 7.618e-01 7.804e-01
 7.996e-01 8.192e-01 8.393e-01 8.598e-01 8.809e-01 9.025e-01 9.247e-01 9.473e-01
 9.706e-01 9.943e-01 1.019e+00 1.044e+00 1.069e+00 1.096e+00 1.122e+00 1.150e+00
 1.178e+00 1.207e+00 1.237e+00 1.267e+00 1.298e+00 1.330e+00 1.362e+00 1.396e+00
 1.430e+00 1.465e+00 1.501e+00 1.538e+00 1.575e+00 1.614e+00 1.654e+00 1.694e+00
 1.736e+00 1.778e+00 1.822e+00 1.867e+00 1.912e+00 1.959e+00 2.007e+00 2.056e+00
 2.107e+00 2.159e+00 2.211e+00 2.266e+00 2.321e+00 2.378e+00 2.436e+00 2.496e+00
 2.557e+00 2.620e+00 2.684e+00 2.750e+00 2.818e+00 2.887e+00 2.957e+00 3.030e+00
 3.104e+00 3.180e+00 3.258e+00 3.338e+00 3.420e+00 3.504e+00 3.590e+00 3.678e+00
 3.768e+00 3.860e+00 3.955e+00 4.052e+00 4.151e+00 4.253e+00 4.357e+00 4.464e+00
 4.574e+00 4.686e+00 4.801e+00 4.918e+00 5.039e+00 5.162e+00 5.289e+00 5.419e+00
 5.551e+00 5.688e+00 5.827e+00 5.970e+00 6.116e+00 6.266e+00 6.420e+00 6.577e+00
 6.738e+00 6.904e+00 7.073e+00 7.246e+00 7.424e+00 7.606e+00 7.792e+00 7.983e+00
 8.179e+00 8.380e+00 8.585e+00 8.796e+00 9.011e+00 9.232e+00 9.459e+00 9.691e+00
 9.928e+00 1.017e+01 1.042e+01 1.068e+01 1.094e+01 1.121e+01 1.148e+01 1.176e+01
 1.205e+01 1.235e+01 1.265e+01 1.296e+01 1.328e+01 1.360e+01 1.394e+01 1.428e+01
 1.463e+01 1.499e+01 1.535e+01 1.573e+01 1.612e+01 1.651e+01 1.692e+01 1.733e+01
 1.776e+01 1.819e+01 1.864e+01 1.909e+01 1.956e+01 2.004e+01 2.053e+01 2.104e+01
 2.155e+01 2.208e+01 2.262e+01 2.318e+01 2.374e+01 2.433e+01 2.492e+01 2.553e+01
 2.616e+01 2.680e+01 2.746e+01 2.813e+01 2.882e+01 2.953e+01 3.025e+01 3.099e+01
 3.175e+01 3.253e+01 3.333e+01 3.415e+01 3.498e+01 3.584e+01 3.672e+01 3.762e+01
 3.854e+01 3.949e+01 4.046e+01 4.145e+01 4.246e+01 4.351e+01 4.457e+01 4.566e+01
 4.678e+01 4.793e+01 4.911e+01 5.031e+01 5.154e+01 5.281e+01 5.410e+01 5.543e+01
 5.679e+01 5.818e+01 5.961e+01 6.107e+01 6.256e+01 6.410e+01 6.567e+01 6.728e+01
 6.893e+01 7.062e+01 7.235e+01 7.412e+01 7.594e+01 7.780e+01 7.971e+01 8.167e+01
 8.367e+01 8.572e+01 8.782e+01 8.997e+01 9.218e+01 9.444e+01 9.676e+01 9.913e+01
 1.016e+02 1.040e+02 1.066e+02 1.092e+02 1.119e+02 1.146e+02 1.174e+02 1.203e+02
 1.233e+02 1.263e+02 1.294e+02 1.326e+02 1.358e+02 1.391e+02 1.426e+02 1.461e+02
 1.496e+02 1.533e+02 1.571e+02 1.609e+02 1.649e+02 1.689e+02 1.730e+02 1.773e+02
 1.816e+02 1.861e+02 1.906e+02 1.953e+02 2.001e+02 2.050e+02 2.100e+02 2.152e+02
 2.205e+02 2.259e+02 2.314e+02 2.371e+02 2.429e+02 2.488e+02 2.549e+02 2.612e+02
 2.676e+02 2.742e+02 2.809e+02 2.878e+02 2.948e+02 3.021e+02 3.095e+02 3.170e+02
 3.248e+02 3.328e+02 3.409e+02 3.493e+02 3.579e+02 3.666e+02 3.756e+02 3.848e+02
 3.943e+02 4.039e+02 4.138e+02 4.240e+02 4.344e+02 4.450e+02 4.559e+02 4.671e+02
 4.786e+02 4.903e+02 5.023e+02 5.146e+02 5.273e+02 5.402e+02 5.534e+02 5.670e+02
 5.809e+02 5.951e+02 6.097e+02 6.247e+02 6.400e+02 6.557e+02 6.718e+02 6.882e+02
 7.051e+02 7.224e+02 7.401e+02 7.582e+02 7.768e+02 7.959e+02 8.154e+02 8.354e+02
 8.559e+02 8.769e+02 8.984e+02 9.204e+02 9.429e+02 9.661e+02 9.897e+02 1.014e+03
 1.039e+03 1.064e+03 1.090e+03 1.117e+03 1.145e+03 1.173e+03 1.201e+03 1.231e+03
 1.261e+03 1.292e+03 1.324e+03 1.356e+03 1.389e+03 1.423e+03 1.458e+03 1.494e+03
 1.531e+03 1.568e+03 1.607e+03 1.646e+03 1.686e+03 1.728e+03 1.770e+03 1.813e+03
 1.858e+03 1.903e+03 1.950e+03 1.998e+03 2.047e+03 2.097e+03 2.149e+03 2.201e+03
 2.255e+03 2.310e+03 2.367e+03 2.425e+03 2.485e+03 2.546e+03 2.608e+03 2.672e+03
 2.737e+03 2.804e+03 2.873e+03 2.944e+03 3.016e+03 3.090e+03 3.166e+03 3.243e+03
 3.323e+03 3.404e+03 3.488e+03 3.573e+03 3.661e+03 3.750e+03 3.842e+03 3.937e+03
 4.033e+03 4.132e+03 4.233e+03 4.337e+03 4.443e+03 4.552e+03 4.664e+03 4.778e+03
 4.895e+03 5.015e+03 5.138e+03 5.264e+03 5.393e+03 5.526e+03 5.661e+03 5.800e+03
 5.942e+03 6.088e+03 6.237e+03 6.390e+03 6.547e+03 6.707e+03 6.872e+03 7.040e+03
 7.213e+03 7.390e+03 7.571e+03 7.756e+03 7.947e+03 8.141e+03 8.341e+03 8.545e+03
 8.755e+03 8.970e+03 9.190e+03 9.415e+03 9.646e+03 9.882e+03 1.012e+04 1.037e+04
 1.063e+04 1.089e+04 1.115e+04 1.143e+04 1.171e+04 1.200e+04 1.229e+04 1.259e+04
 1.290e+04 1.322e+04 1.354e+04 1.387e+04 1.421e+04 1.456e+04 1.492e+04 1.528e+04
 1.566e+04 1.604e+04 1.643e+04 1.684e+04 1.725e+04 1.767e+04 1.811e+04 1.855e+04
 1.901e+04 1.947e+04 1.995e+04 2.044e+04 2.094e+04 2.145e+04 2.198e+04 2.252e+04
 2.307e+04 2.363e+04 2.421e+04 2.481e+04 2.542e+04 2.604e+04 2.668e+04 2.733e+04
 2.800e+04 2.869e+04 2.939e+04 3.011e+04 3.085e+04 3.161e+04 3.238e+04 3.318e+04
 3.399e+04 3.482e+04 3.568e+04 3.655e+04 3.745e+04 3.836e+04 3.931e+04 4.027e+04
 4.126e+04 4.227e+04 4.330e+04 4.437e+04 4.545e+04 4.657e+04 4.771e+04 4.888e+04
 5.008e+04 5.131e+04 5.256e+04 5.385e+04 5.517e+04 5.652e+04 5.791e+04 5.933e+04
 6.078e+04 6.228e+04 6.380e+04 6.537e+04 6.697e+04 6.861e+04 7.029e+04 7.202e+04
 7.378e+04 7.559e+04 7.744e+04 7.934e+04 8.129e+04 8.328e+04 8.532e+04 8.741e+04
 8.956e+04 9.175e+04 9.400e+04 9.631e+04 9.867e+04 1.011e+05 1.036e+05 1.061e+05
 1.087e+05 1.114e+05 1.141e+05 1.169e+05 1.198e+05 1.227e+05 1.257e+05 1.288e+05
 1.320e+05 1.352e+05 1.385e+05 1.419e+05 1.454e+05 1.489e+05 1.526e+05 1.563e+05
 1.602e+05 1.641e+05 1.681e+05 1.722e+05 1.765e+05 1.808e+05 1.852e+05 1.898e+05
 1.944e+05 1.992e+05 2.041e+05 2.091e+05 2.142e+05 2.194e+05 2.248e+05 2.303e+05
 2.360e+05 2.418e+05 2.477e+05 2.538e+05 2.600e+05 2.664e+05 2.729e+05 2.796e+05
 2.864e+05 2.935e+05 3.007e+05 3.080e+05 3.156e+05 3.233e+05 3.312e+05 3.394e+05
 3.477e+05 3.562e+05 3.649e+05 3.739e+05 3.831e+05 3.924e+05 4.021e+05 4.119e+05
 4.220e+05 4.324e+05 4.430e+05 4.538e+05 4.650e+05 4.764e+05 4.880e+05 5.000e+05
<Z> for tau[ms]=    0.1
 3.153e-30 1.980e-29 1.206e-28 7.106e-28 4.037e-27 2.206e-26 1.156e-25 5.794e-25
 2.771e-24 1.263e-23 5.495e-23 2.286e-22 9.103e-22 3.476e-21 1.275e-20 4.495e-20
 1.527e-19 5.001e-19 1.582e-18 4.844e-18 1.437e-17 4.133e-17 1.156e-16 3.143e-16
 8.332e-16 2.155e-15 5.448e-15 1.348e-14 3.268e-14 7.778e-14 1.818e-13 4.177e-13
 9.429e-13 2.092e-12 4.561e-12 9.776e-12 2.060e-11 4.268e-11 8.696e-11 1.742e-10
 3.434e-10 6.656e-10 1.269e-09 2.382e-09 4.398e-09 7.994e-09 1.431e-08 2.525e-08
 4.389e-08 7.524e-08 1.272e-07 2.123e-07 3.497e-07 5.689e-07 9.142e-07 1.452e-06
 2.280e-06 3.542e-06 5.443e-06 8.279e-06 1.247e-05 1.858e-05 2.743e-05 4.012e-05
 5.812e-05 8.342e-05 1.187e-04 1.674e-04 2.341e-04 3.246e-04 4.464e-04 6.091e-04
 8.246e-04 1.108e-03 1.478e-03 1.956e-03 2.572e-03 3.358e-03 4.354e-03 5.608e-03
 7.175e-03 9.121e-03 1.152e-02 1.446e-02 1.803e-02 2.235e-02 2.754e-02 3.371e-02
 4.102e-02 4.959e-02 5.958e-02 7.112e-02 8.434e-02 9.936e-02 1.163e-01 1.351e-01
 1.560e-01 1.788e-01 2.035e-01 2.301e-01 2.583e-01 2.880e-01 3.189e-01 3.509e-01
 3.836e-01 4.168e-01 4.502e-01 4.836e-01 5.167e-01 5.495e-01 5.818e-01 6.135e-01
 6.446e-01 6.751e-01 7.051e-01 7.347e-01 7.640e-01 7.932e-01 8.225e-01 8.520e-01
 8.818e-01 9.122e-01 9.433e-01 9.751e-01 1.008e+00 1.041e+00 1.076e+00 1.111e+00
 1.146e+00 1.183e+00 1.219e+00 1.256e+00 1.293e+00 1.330e+00 1.366e+00 1.401e+00
 1.436e+00 1.470e+00 1.503e+00 1.535e+00 1.566e+00 1.595e+00 1.624e+00 1.651e+00
 1.678e+00 1.704e+00 1.729e+00 1.753e+00 1.778e+00 1.801e+00 1.825e+00 1.850e+00
 1.874e+00 1.899e+00 1.925e+00 1.952e+00 1.980e+00 2.009e+00 2.039e+00 2.070e+00
 2.103e+00 2.137e+00 2.172e+00 2.208e+00 2.246e+00 2.284e+00 2.323e+00 2.363e+00
 2.404e+00 2.445e+00 2.487e+00 2.530e+00 2.573e+00 2.616e+00 2.660e+00 2.704e+00
 2.749e+00 2.795e+00 2.840e+00 2.886e+00 2.933e+00 2.980e+00 3.027e+00 3.074e+00
 3.122e+00 3.170e+00 3.218e+00 3.266e+00 3.315e+00 3.363e+00 3.412e+00 3.460e+00
 3.509e+00 3.558e+00 3.607e+00 3.656e+00 3.705e+00 3.755e+00 3.804e+00 3.852e+00
 3.901e+00 3.950e+00 3.998e+00 4.047e+00 4.095e+00 4.142e+00 4.190e+00 4.237e+00
 4.284e+00 4.330e+00 4.377e+00 4.423e+00 4.469e+00 4.514e+00 4.560e+00 4.605e+00
 4.650e+00 4.695e+00 4.740e+00 4.785e+00 4.830e+00 4.874e+00 4.919e+00 4.964e+00
 5.008e+00 5.053e+00 5.097e+00 5.141e+00 5.185e+00 5.230e+00 5.273e+00 5.317e+00
 5.361e+00 5.404e+00 5.448e+00 5.491e+00 5.534e+00 5.576e+00 5.618e+00 5.660e+00
 5.702e+00 5.743e+00 5.783e+00 5.824e+00 5.863e+00 5.903e+00 5.941e+00 5.980e+00
 6.017e+00 6.054e+00 6.091e+00 6.126e+00 6.162e+00 6.196e+00 6.230e+00 6.263e+00
 6.296e+00 6.327e+00 6.358e+00 6.389e+00 6.418e+00 6.447e+00 6.475e+00 6.503e+00
 6.529e+00 6.556e+00 6.581e+00 6.606e+00 6.630e+00 6.653e+00 6.676e+00 6.698e+00
 6.719e+00 6.740e+00 6.760e+00 6.780e+00 6.799e+00 6.817e+00 6.835e+00 6.853e+00
 6.870e+00 6.886e+00 6.902e+00 6.917e+00 6.932e+00 6.947e+00 6.961e+00 6.975e+00
 6.989e+00 7.002e+00 7.014e+00 7.027e+00 7.039e+00 7.051e+00 7.062e+00 7.074e+00
 7.085e+00 7.096e+00 7.106e+00 7.117e+00 7.127e+00 7.137e+00 7.146e+00 7.156e+00
 7.165e+00 7.175e+00 7.184e+00 7.193e+00 7.202e+00 7.210e+00 7.219e+00 7.228e+00
 7.236e+00 7.244e+00 7.253e+00 7.261e+00 7.269e+00 7.277e+00 7.285e+00 7.293e+00
 7.300e+00 7.308e+00 7.316e+00 7.324e+00 7.331e+00 7.339e+00 7.346e+00 7.354e+00
 7.361e+00 7.369e+00 7.376e+00 7.383e+00 7.391e+00 7.398e+00 7.405e+00 7.412e+00
 7.419e+00 7.427e+00 7.434e+00 7.440e+00 7.447e+00 7.454e+00 7.461e+00 7.468e+00
 7.474e+00 7.481e+00 7.487e+00 7.494e+00 7.500e+00 7.506e+00 7.513e+00 7.519e+00
 7.525e+00 7.531e+00 7.536e+00 7.542e+00 7.548e+00 7.553e+00 7.559e+00 7.564e+00
 7.569e+00 7.574e+00 7.579e+00 7.584e+00 7.589e+00 7.593e+00 7.598e+00 7.602e+00
 7.606e+00 7.610e+00 7.614e+00 7.618e+00 7.622e+00 7.625e+00 7.628e+00 7.632e+00
 7.635e+00 7.638e+00 7.640e+00 7.643e+00 7.645e+00 7.648e+00 7.650e+00 7.652e+00
 7.654e+00 7.656e+00 7.658e+00 7.660e+00 7.661e+00 7.663e+00 7.664e+00 7.665e+00
 7.666e+00 7.667e+00 7.668e+00 7.669e+00 7.670e+00 7.671e+00 7.671e+00 7.672e+00
 7.672e+00 7.673e+00 7.673e+00 7.673e+00 7.673e+00 7.673e+00 7.673e+00 7.673e+00
 7.673e+00 7.672e+00 7.672e+00 7.671e+00 7.670e+00 7.670e+00 7.669e+00 7.668e+00
 7.667e+00 7.666e+00 7.665e+00 7.664e+00 7.663e+00 7.662e+00 7.661e+00 7.659e+00
 7.658e+00 7.657e+00 7.655e+00 7.654e+00 7.652e+00 7.651e+00 7.649e+00 7.647e+00
 7.646e+00 7.644e+00 7.642e+00 7.640e+00 7.638e+00 7.636e+00 7.634e+00 7.632e+00
 7.630e+00 7.628e+00 7.625e+00 7.623e+00 7.621e+00 7.618e+00 7.616e+00 7.613e+00
 7.611e+00 7.608e+00 7.605e+00 7.603e+00 7.600e+00 7.598e+00 7.595e+00 7.592e+00
 7.590e+00 7.587e+00 7.584e+00 7.582e+00 7.579e+00 7.576e+00 7.574e+00 7.571e+00
 7.568e+00 7.566e+00 7.563e+00 7.560e+00 7.557e+00 7.555e+00 7.552e+00 7.549e+00
 7.547e+00 7.544e+00 7.541e+00 7.538e+00 7.536e+00 7.533e+00 7.530e+00 7.527e+00
 7.524e+00 7.522e+00 7.519e+00 7.516e+00 7.513e+00 7.511e+00 7.508e+00 7.505e+00
 7.502e+00 7.499e+00 7.497e+00 7.494e+00 7.491e+00 7.488e+00 7.485e+00 7.482e+00
 7.479e+00 7.477e+00 7.474e+00 7.471e+00 7.468e+00 7.465e+00 7.462e+00 7.459e+00
 7.457e+00 7.454e+00 7.451e+00 7.448e+00 7.445e+00 7.442e+00 7.439e+00 7.436e+00
 7.433e+00 7.430e+00 7.427e+00 7.425e+00 7.422e+00 7.419e+00 7.416e+00 7.413e+00
 7.410e+00 7.407e+00 7.404e+00 7.401e+00 7.398e+00 7.395e+00 7.392e+00 7.389e+00
 7.386e+00 7.383e+00 7.380e+00 7.377e+00 7.374e+00 7.371e+00 7.368e+00 7.365e+00
 7.362e+00 7.359e+00 7.356e+00 7.353e+00 7.350e+00 7.347e+00 7.344e+00 7.341e+00
 7.338e+00 7.335e+00 7.332e+00 7.329e+00 7.326e+00 7.323e+00 7.320e+00 7.316e+00
 7.313e+00 7.310e+00 7.307e+00 7.304e+00 7.301e+00 7.298e+00 7.295e+00 7.292e+00
 7.289e+00 7.286e+00 7.283e+00 7.279e+00 7.276e+00 7.273e+00 7.270e+00 7.267e+00
 7.264e+00 7.261e+00 7.258e+00 7.254e+00 7.251e+00 7.248e+00 7.245e+00 7.242e+00
 7.239e+00 7.236e+00 7.233e+00 7.229e+00 7.226e+00 7.223e+00 7.220e+00 7.217e+00
 7.214e+00 7.210e+00 7.207e+00 7.204e+00 7.201e+00 7.198e+00 7.195e+00 7.191e+00
 7.188e+00 7.185e+00 7.182e+00 7.179e+00 7.175e+00 7.172e+00 7.169e+00 7.166e+00
<Z> for tau[ms]=    1.0
 7.601e-30 4.993e-29 3.182e-28 1.961e-27 1.166e-26 6.668e-26 3.656e-25 1.917e-24
 9.580e-24 4.562e-23 2.072e-22 8.990e-22 3.731e-21 1.483e-20 5.655e-20 2.072e-19
 7.300e-19 2.478e-18 8.117e-18 2.569e-17 7.865e-17 2.334e-16 6.719e-16 1.880e-15
 5.119e-15 1.359e-14 3.520e-14 8.913e-14 2.210e-13 5.371e-13 1.281e-12 2.999e-12
 6.892e-12 1.555e-11 3.446e-11 7.501e-11 1.604e-10 3.368e-10 6.951e-10 1.410e-09
 2.810e-09 5.507e-09 1.061e-08 2.010e-08 3.745e-08 6.866e-08 1.239e-07 2.203e-07
 3.857e-07 6.658e-07 1.133e-06 1.902e-06 3.151e-06 5.154e-06 8.325e-06 1.329e-05
 2.096e-05 3.269e-05 5.045e-05 7.703e-05 1.164e-04 1.741e-04 2.579e-04 3.782e-04
 5.494e-04 7.906e-04 1.127e-03 1.593e-03 2.232e-03 3.099e-03 4.267e-03 5.825e-03
 7.887e-03 1.059e-02 1.410e-02 1.862e-02 2.439e-02 3.168e-02 4.079e-02 5.205e-02
 6.581e-02 8.243e-02 1.022e-01 1.255e-01 1.524e-01 1.831e-01 2.174e-01 2.552e-01
 2.960e-01 3.393e-01 3.843e-01 4.303e-01 4.765e-01 5.221e-01 5.665e-01 6.090e-01
 6.494e-01 6.875e-01 7.231e-01 7.563e-01 7.874e-01 8.166e-01 8.444e-01 8.712e-01
 8.974e-01 9.236e-01 9.502e-01 9.779e-01 1.007e+00 1.038e+00 1.071e+00 1.107e+00
 1.145e+00 1.185e+00 1.228e+00 1.272e+00 1.318e+00 1.364e+00 1.411e+00 1.457e+00
 1.501e+00 1.544e+00 1.586e+00 1.624e+00 1.660e+00 1.694e+00 1.725e+00 1.753e+00
 1.779e+00 1.802e+00 1.824e+00 1.843e+00 1.862e+00 1.879e+00 1.896e+00 1.911e+00
 1.927e+00 1.943e+00 1.960e+00 1.978e+00 1.997e+00 2.018e+00 2.041e+00 2.066e+00
 2.095e+00 2.126e+00 2.160e+00 2.197e+00 2.237e+00 2.279e+00 2.323e+00 2.370e+00
 2.417e+00 2.466e+00 2.515e+00 2.564e+00 2.613e+00 2.662e+00 2.711e+00 2.760e+00
 2.809e+00 2.858e+00 2.908e+00 2.958e+00 3.009e+00 3.061e+00 3.113e+00 3.166e+00
 3.219e+00 3.273e+00 3.328e+00 3.382e+00 3.436e+00 3.491e+00 3.545e+00 3.599e+00
 3.654e+00 3.708e+00 3.762e+00 3.817e+00 3.872e+00 3.928e+00 3.984e+00 4.040e+00
 4.097e+00 4.154e+00 4.211e+00 4.269e+00 4.326e+00 4.383e+00 4.440e+00 4.496e+00
 4.553e+00 4.609e+00 4.665e+00 4.721e+00 4.778e+00 4.835e+00 4.892e+00 4.950e+00
 5.008e+00 5.068e+00 5.128e+00 5.190e+00 5.252e+00 5.315e+00 5.380e+00 5.445e+00
 5.511e+00 5.579e+00 5.647e+00 5.715e+00 5.784e+00 5.854e+00 5.924e+00 5.994e+00
 6.064e+00 6.134e+00 6.203e+00 6.272e+00 6.340e+00 6.407e+00 6.473e+00 6.537e+00
 6.600e+00 6.662e+00 6.722e+00 6.780e+00 6.836e+00 6.890e+00 6.942e+00 6.992e+00
 7.040e+00 7.086e+00 7.130e+00 7.171e+00 7.211e+00 7.249e+00 7.285e+00 7.318e+00
 7.350e+00 7.381e+00 7.409e+00 7.436e+00 7.462e+00 7.486e+00 7.508e+00 7.530e+00
 7.550e+00 7.569e+00 7.587e+00 7.604e+00 7.620e+00 7.635e+00 7.649e+00 7.662e+00
 7.675e+00 7.687e+00 7.698e+00 7.709e+00 7.719e+00 7.728e+00 7.737e+00 7.746e+00
 7.754e+00 7.762e+00 7.770e+00 7.777e+00 7.784e+00 7.791e+00 7.797e+00 7.803e+00
 7.809e+00 7.815e+00 7.821e+00 7.827e+00 7.833e+00 7.839e+00 7.845e+00 7.851e+00
 7.857e+00 7.863e+00 7.870e+00 7.876e+00 7.883e+00 7.890e+00 7.898e+00 7.906e+00
 7.914e+00 7.923e+00 7.932e+00 7.941e+00 7.952e+00 7.962e+00 7.974e+00 7.986e+00
 7.998e+00 8.011e+00 8.025e+00 8.040e+00 8.055e+00 8.071e+00 8.088e+00 8.105e+00
 8.124e+00 8.142e+00 8.162e+00 8.182e+00 8.203e+00 8.224e+00 8.246e+00 8.269e+00
 8.292e+00 8.315e+00 8.339e+00 8.363e+00 8.388e+00 8.412e+00 8.437e+00 8.462e+00
 8.487e+00 8.513e+00 8.538e+00 8.563e+00 8.588e+00 8.612e+00 8.637e+00 8.661e+00
 8.685e+00 8.709e+00 8.732e+00 8.755e+00 8.778e+00 8.800e+00 8.821e+00 8.842e+00
 8.863e+00 8.883e+00 8.903e+00 8.922e+00 8.941e+00 8.959e+00 8.977e+00 8.994e+00
 9.011e+00 9.027e+00 9.043e+00 9.058e+00 9.073e+00 9.087e+00 9.101e+00 9.114e+00
 9.127e+00 9.140e+00 9.152e+00 9.164e+00 9.175e+00 9.186e+00 9.197e+00 9.207e+00
 9.217e+00 9.226e+00 9.235e+00 9.244e+00 9.253e+00 9.261e+00 9.269e+00 9.277e+00
 9.284e+00 9.291e+00 9.298e+00 9.305e+00 9.311e+00 9.317e+00 9.323e+00 9.329e+00
 9.334e+00 9.339e+00 9.344e+00 9.349e+00 9.354e+00 9.358e+00 9.362e+00 9.367e+00
 9.370e+00 9.374e+00 9.378e+00 9.381e+00 9.385e+00 9.388e+00 9.391e+00 9.394e+00
 9.397e+00 9.399e+00 9.402e+00 9.404e+00 9.406e+00 9.409e+00 9.411e+00 9.413e+00
 9.415e+00 9.416e+00 9.418e+00 9.420e+00 9.421e+00 9.423e+00 9.424e+00 9.425e+00
 9.426e+00 9.428e+00 9.429e+00 9.430e+00 9.431e+00 9.431e+00 9.432e+00 9.433e+00
 9.434e+00 9.434e+00 9.435e+00 9.435e+00 9.436e+00 9.436e+00 9.437e+00 9.437e+00
 9.437e+00 9.438e+00 9.438e+00 9.438e+00 9.438e+00 9.438e+00 9.438e+00 9.438e+00
 9.438e+00 9.438e+00 9.438e+00 9.438e+00 9.438e+00 9.437e+00 9.437e+00 9.437e+00
 9.436e+00 9.436e+00 9.435e+00 9.435e+00 9.434e+00 9.433e+00 9.433e+00 9.432e+00
 9.431e+00 9.431e+00 9.430e+00 9.429e+00 9.428e+00 9.428e+00 9.427e+00 9.426e+00
 9.425e+00 9.424e+00 9.424e+00 9.423e+00 9.422e+00 9.421e+00 9.420e+00 9.420e+00
 9.419e+00 9.418e+00 9.417e+00 9.416e+00 9.416e+00 9.415e+00 9.414e+00 9.413e+00
 9.412e+00 9.411e+00 9.410e+00 9.410e+00 9.409e+00 9.408e+00 9.407e+00 9.406e+00
 9.405e+00 9.404e+00 9.404e+00 9.403e+00 9.402e+00 9.401e+00 9.400e+00 9.399e+00
 9.398e+00 9.397e+00 9.396e+00 9.396e+00 9.395e+00 9.394e+00 9.393e+00 9.392e+00
 9.391e+00 9.390e+00 9.389e+00 9.388e+00 9.387e+00 9.386e+00 9.385e+00 9.385e+00
 9.384e+00 9.383e+00 9.382e+00 9.381e+00 9.380e+00 9.379e+00 9.378e+00 9.377e+00
 9.376e+00 9.375e+00 9.374e+00 9.373e+00 9.372e+00 9.371e+00 9.370e+00 9.369e+00
 9.368e+00 9.367e+00 9.366e+00 9.365e+00 9.364e+00 9.363e+00 9.362e+00 9.361e+00
 9.360e+00 9.359e+00 9.358e+00 9.357e+00 9.356e+00 9.355e+00 9.354e+00 9.353e+00
 9.352e+00 9.351e+00 9.350e+00 9.349e+00 9.348e+00 9.347e+00 9.346e+00 9.345e+00
 9.343e+00 9.342e+00 9.341e+00 9.340e+00 9.339e+00 9.338e+00 9.337e+00 9.336e+00
 9.335e+00 9.334e+00 9.333e+00 9.332e+00 9.330e+00 9.329e+00 9.328e+00 9.327e+00
 9.326e+00 9.325e+00 9.324e+00 9.323e+00 9.321e+00 9.320e+00 9.319e+00 9.318e+00
 9.317e+00 9.316e+00 9.315e+00 9.313e+00 9.312e+00 9.311e+00 9.310e+00 9.309e+00
 9.308e+00 9.306e+00 9.305e+00 9.304e+00 9.303e+00 9.302e+00 9.301e+00 9.299e+00
 9.298e+00 9.297e+00 9.296e+00 9.294e+00 9.293e+00 9.292e+00 9.291e+00 9.290e+00
 9.288e+00 9.287e+00 9.286e+00 9.285e+00 9.283e+00 9.282e+00 9.281e+00 9.280e+00
<Z> for tau[ms]=   10.0
 8.850e-30 5.889e-29 3.805e-28 2.380e-27 1.438e-26 8.358e-26 4.665e-25 2.492e-24
 1.270e-23 6.175e-23 2.866e-22 1.272e-21 5.406e-21 2.202e-20 8.617e-20 3.241e-19
 1.174e-18 4.100e-18 1.383e-17 4.509e-17 1.424e-16 4.358e-16 1.296e-15 3.745e-15
 1.054e-14 2.893e-14 7.752e-14 2.031e-13 5.212e-13 1.311e-12 3.238e-12 7.849e-12
 1.868e-11 4.363e-11 1.001e-10 2.254e-10 4.985e-10 1.083e-09 2.311e-09 4.845e-09
 9.978e-09 2.019e-08 4.015e-08 7.847e-08 1.508e-07 2.848e-07 5.294e-07 9.684e-07
 1.744e-06 3.094e-06 5.409e-06 9.322e-06 1.584e-05 2.656e-05 4.395e-05 7.181e-05
 1.159e-04 1.848e-04 2.914e-04 4.542e-04 7.002e-04 1.068e-03 1.611e-03 2.404e-03
 3.551e-03 5.191e-03 7.510e-03 1.075e-02 1.523e-02 2.135e-02 2.960e-02 4.057e-02
 5.494e-02 7.344e-02 9.683e-02 1.258e-01 1.609e-01 2.023e-01 2.498e-01 3.028e-01
 3.601e-01 4.200e-01 4.808e-01 5.407e-01 5.981e-01 6.516e-01 7.005e-01 7.443e-01
 7.831e-01 8.170e-01 8.465e-01 8.723e-01 8.949e-01 9.151e-01 9.336e-01 9.511e-01
 9.685e-01 9.864e-01 1.006e+00 1.027e+00 1.052e+00 1.080e+00 1.113e+00 1.150e+00
 1.193e+00 1.240e+00 1.291e+00 1.346e+00 1.403e+00 1.461e+00 1.517e+00 1.572e+00
 1.623e+00 1.671e+00 1.714e+00 1.752e+00 1.786e+00 1.816e+00 1.842e+00 1.864e+00
 1.883e+00 1.900e+00 1.914e+00 1.927e+00 1.938e+00 1.948e+00 1.956e+00 1.965e+00
 1.973e+00 1.982e+00 1.991e+00 2.001e+00 2.013e+00 2.027e+00 2.043e+00 2.063e+00
 2.086e+00 2.113e+00 2.145e+00 2.182e+00 2.223e+00 2.269e+00 2.318e+00 2.370e+00
 2.424e+00 2.479e+00 2.533e+00 2.587e+00 2.639e+00 2.689e+00 2.737e+00 2.783e+00
 2.827e+00 2.870e+00 2.913e+00 2.955e+00 2.998e+00 3.042e+00 3.087e+00 3.134e+00
 3.183e+00 3.233e+00 3.284e+00 3.337e+00 3.390e+00 3.443e+00 3.497e+00 3.550e+00
 3.603e+00 3.655e+00 3.707e+00 3.758e+00 3.809e+00 3.861e+00 3.912e+00 3.964e+00
 4.017e+00 4.071e+00 4.126e+00 4.182e+00 4.240e+00 4.297e+00 4.356e+00 4.415e+00
 4.474e+00 4.533e+00 4.592e+00 4.652e+00 4.711e+00 4.771e+00 4.831e+00 4.893e+00
 4.955e+00 5.019e+00 5.085e+00 5.154e+00 5.224e+00 5.298e+00 5.375e+00 5.456e+00
 5.539e+00 5.627e+00 5.718e+00 5.812e+00 5.909e+00 6.009e+00 6.111e+00 6.215e+00
 6.319e+00 6.423e+00 6.527e+00 6.628e+00 6.728e+00 6.824e+00 6.915e+00 7.003e+00
 7.085e+00 7.163e+00 7.235e+00 7.301e+00 7.363e+00 7.419e+00 7.471e+00 7.518e+00
 7.560e+00 7.599e+00 7.634e+00 7.665e+00 7.694e+00 7.720e+00 7.743e+00 7.764e+00
 7.783e+00 7.800e+00 7.816e+00 7.830e+00 7.842e+00 7.854e+00 7.864e+00 7.874e+00
 7.882e+00 7.890e+00 7.897e+00 7.904e+00 7.910e+00 7.915e+00 7.920e+00 7.925e+00
 7.929e+00 7.933e+00 7.937e+00 7.940e+00 7.943e+00 7.946e+00 7.949e+00 7.951e+00
 7.954e+00 7.956e+00 7.958e+00 7.960e+00 7.963e+00 7.965e+00 7.967e+00 7.969e+00
 7.972e+00 7.975e+00 7.977e+00 7.980e+00 7.984e+00 7.987e+00 7.992e+00 7.996e+00
 8.001e+00 8.007e+00 8.013e+00 8.021e+00 8.028e+00 8.037e+00 8.047e+00 8.058e+00
 8.070e+00 8.084e+00 8.099e+00 8.115e+00 8.132e+00 8.152e+00 8.172e+00 8.195e+00
 8.220e+00 8.246e+00 8.274e+00 8.304e+00 8.337e+00 8.371e+00 8.407e+00 8.445e+00
 8.485e+00 8.527e+00 8.570e+00 8.615e+00 8.661e+00 8.708e+00 8.755e+00 8.803e+00
 8.851e+00 8.899e+00 8.947e+00 8.994e+00 9.040e+00 9.085e+00 9.129e+00 9.171e+00
 9.212e+00 9.251e+00 9.289e+00 9.324e+00 9.358e+00 9.391e+00 9.421e+00 9.450e+00
 9.477e+00 9.503e+00 9.527e+00 9.550e+00 9.572e+00 9.592e+00 9.611e+00 9.628e+00
 9.645e+00 9.661e+00 9.676e+00 9.689e+00 9.702e+00 9.715e+00 9.726e+00 9.737e+00
 9.747e+00 9.756e+00 9.765e+00 9.774e+00 9.782e+00 9.789e+00 9.796e+00 9.803e+00
 9.810e+00 9.816e+00 9.821e+00 9.827e+00 9.832e+00 9.836e+00 9.841e+00 9.845e+00
 9.849e+00 9.853e+00 9.857e+00 9.860e+00 9.864e+00 9.867e+00 9.870e+00 9.873e+00
 9.875e+00 9.878e+00 9.880e+00 9.883e+00 9.885e+00 9.887e+00 9.889e+00 9.891e+00
 9.893e+00 9.895e+00 9.896e+00 9.898e+00 9.900e+00 9.901e+00 9.903e+00 9.904e+00
 9.905e+00 9.906e+00 9.908e+00 9.909e+00 9.910e+00 9.911e+00 9.912e+00 9.913e+00
 9.914e+00 9.915e+00 9.915e+00 9.916e+00 9.917e+00 9.918e+00 9.918e+00 9.919e+00
 9.920e+00 9.920e+00 9.921e+00 9.922e+00 9.922e+00 9.923e+00 9.923e+00 9.924e+00
 9.924e+00 9.924e+00 9.925e+00 9.925e+00 9.926e+00 9.926e+00 9.926e+00 9.927e+00
 9.927e+00 9.927e+00 9.927e+00 9.928e+00 9.928e+00 9.928e+00 9.928e+00 9.928e+00
 9.929e+00 9.929e+00 9.929e+00 9.929e+00 9.929e+00 9.930e+00 9.930e+00 9.930e+00
 9.930e+00 9.930e+00 9.930e+00 9.930e+00 9.930e+00 9.930e+00 9.930e+00 9.931e+00
 9.931e+00 9.931e+00 9.931e+00 9.931e+00 9.931e+00 9.931e+00 9.931e+00 9.931e+00
 9.931e+00 9.931e+00 9.931e+00 9.931e+00 9.931e+00 9.931e+00 9.930e+00 9.930e+00
 9.930e+00 9.930e+00 9.930e+00 9.930e+00 9.930e+00 9.930e+00 9.930e+00 9.930e+00
 9.930e+00 9.930e+00 9.930e+00 9.930e+00 9.930e+00 9.929e+00 9.929e+00 9.929e+00
 9.929e+00 9.929e+00 9.929e+00 9.929e+00 9.929e+00 9.929e+00 9.929e+00 9.929e+00
 9.929e+00 9.928e+00 9.928e+00 9.928e+00 9.928e+00 9.928e+00 9.928e+00 9.928e+00
 9.928e+00 9.928e+00 9.928e+00 9.928e+00 9.927e+00 9.927e+00 9.927e+00 9.927e+00
 9.927e+00 9.927e+00 9.927e+00 9.927e+00 9.927e+00 9.926e+00 9.926e+00 9.926e+00
 9.926e+00 9.926e+00 9.926e+00 9.926e+00 9.926e+00 9.926e+00 9.925e+00 9.925e+00
 9.925e+00 9.925e+00 9.925e+00 9.925e+00 9.925e+00 9.925e+00 9.925e+00 9.924e+00
 9.924e+00 9.924e+00 9.924e+00 9.924e+00 9.924e+00 9.924e+00 9.924e+00 9.923e+00
 9.923e+00 9.923e+00 9.923e+00 9.923e+00 9.923e+00 9.923e+00 9.923e+00 9.922e+00
 9.922e+00 9.922e+00 9.922e+00 9.922e+00 9.922e+00 9.922e+00 9.921e+00 9.921e+00
 9.921e+00 9.921e+00 9.921e+00 9.921e+00 9.921e+00 9.921e+00 9.920e+00 9.920e+00
 9.920e+00 9.920e+00 9.920e+00 9.920e+00 9.920e+00 9.919e+00 9.919e+00 9.919e+00
 9.919e+00 9.919e+00 9.919e+00 9.919e+00 9.918e+00 9.918e+00 9.918e+00 9.918e+00
 9.918e+00 9.918e+00 9.918e+00 9.917e+00 9.917e+00 9.917e+00 9.917e+00 9.917e+00
 9.917e+00 9.916e+00 9.916e+00 9.916e+00 9.916e+00 9.916e+00 9.916e+00 9.916e+00
 9.915e+00 9.915e+00 9.915e+00 9.915e+00 9.915e+00 9.915e+00 9.914e+00 9.914e+00
 9.914e+00 9.914e+00 9.914e+00 9.914e+00 9.913e+00 9.913e+00 9.913e+00 9.913e+00
 9.913e+00 9.913e+00 9.913e+00 9.912e+00 9.912e+00 9.912e+00 9.912e+00 9.912e+00
<Z> for tau[ms]=  100.0
 8.998e-30 5.996e-29 3.881e-28 2.432e-27 1.472e-26 8.576e-26 4.797e-25 2.569e-24
 1.313e-23 6.401e-23 2.980e-22 1.327e-21 5.660e-21 2.315e-20 9.093e-20 3.435e-19
 1.250e-18 4.388e-18 1.487e-17 4.877e-17 1.549e-16 4.772e-16 1.428e-15 4.158e-15
 1.179e-14 3.261e-14 8.812e-14 2.329e-13 6.032e-13 1.532e-12 3.823e-12 9.364e-12
 2.253e-11 5.324e-11 1.236e-10 2.819e-10 6.318e-10 1.391e-09 3.011e-09 6.406e-09
 1.339e-08 2.753e-08 5.565e-08 1.106e-07 2.161e-07 4.157e-07 7.868e-07 1.466e-06
 2.692e-06 4.871e-06 8.688e-06 1.528e-05 2.652e-05 4.543e-05 7.684e-05 1.284e-04
 2.119e-04 3.457e-04 5.577e-04 8.900e-04 1.405e-03 2.193e-03 3.388e-03 5.179e-03
 7.830e-03 1.171e-02 1.731e-02 2.530e-02 3.650e-02 5.197e-02 7.288e-02 1.005e-01
 1.362e-01 1.806e-01 2.343e-01 2.964e-01 3.653e-01 4.384e-01 5.125e-01 5.843e-01
 6.512e-01 7.113e-01 7.637e-01 8.082e-01 8.453e-01 8.758e-01 9.008e-01 9.212e-01
 9.379e-01 9.518e-01 9.638e-01 9.745e-01 9.847e-01 9.951e-01 1.006e+00 1.019e+00
 1.035e+00 1.054e+00 1.078e+00 1.106e+00 1.141e+00 1.183e+00 1.231e+00 1.285e+00
 1.344e+00 1.406e+00 1.470e+00 1.534e+00 1.594e+00 1.651e+00 1.702e+00 1.748e+00
 1.788e+00 1.822e+00 1.851e+00 1.875e+00 1.896e+00 1.913e+00 1.927e+00 1.939e+00
 1.949e+00 1.958e+00 1.965e+00 1.971e+00 1.977e+00 1.983e+00 1.988e+00 1.994e+00
 2.001e+00 2.009e+00 2.018e+00 2.029e+00 2.043e+00 2.060e+00 2.082e+00 2.107e+00
 2.138e+00 2.174e+00 2.215e+00 2.261e+00 2.311e+00 2.365e+00 2.422e+00 2.479e+00
 2.536e+00 2.592e+00 2.645e+00 2.696e+00 2.743e+00 2.788e+00 2.831e+00 2.871e+00
 2.910e+00 2.949e+00 2.987e+00 3.027e+00 3.068e+00 3.110e+00 3.154e+00 3.201e+00
 3.249e+00 3.299e+00 3.351e+00 3.403e+00 3.456e+00 3.509e+00 3.562e+00 3.614e+00
 3.666e+00 3.716e+00 3.767e+00 3.817e+00 3.867e+00 3.917e+00 3.968e+00 4.020e+00
 4.072e+00 4.126e+00 4.182e+00 4.238e+00 4.295e+00 4.354e+00 4.412e+00 4.472e+00
 4.531e+00 4.591e+00 4.650e+00 4.710e+00 4.770e+00 4.831e+00 4.893e+00 4.957e+00
 5.022e+00 5.089e+00 5.160e+00 5.233e+00 5.310e+00 5.391e+00 5.476e+00 5.566e+00
 5.661e+00 5.761e+00 5.866e+00 5.975e+00 6.089e+00 6.205e+00 6.325e+00 6.445e+00
 6.565e+00 6.683e+00 6.799e+00 6.910e+00 7.015e+00 7.114e+00 7.206e+00 7.291e+00
 7.368e+00 7.437e+00 7.500e+00 7.556e+00 7.606e+00 7.650e+00 7.689e+00 7.723e+00
 7.754e+00 7.780e+00 7.804e+00 7.825e+00 7.843e+00 7.859e+00 7.874e+00 7.886e+00
 7.897e+00 7.907e+00 7.916e+00 7.924e+00 7.931e+00 7.937e+00 7.942e+00 7.947e+00
 7.951e+00 7.955e+00 7.959e+00 7.962e+00 7.965e+00 7.967e+00 7.970e+00 7.972e+00
 7.974e+00 7.976e+00 7.977e+00 7.979e+00 7.980e+00 7.981e+00 7.983e+00 7.984e+00
 7.985e+00 7.986e+00 7.988e+00 7.989e+00 7.991e+00 7.992e+00 7.994e+00 7.996e+00
 7.998e+00 8.001e+00 8.004e+00 8.008e+00 8.012e+00 8.016e+00 8.022e+00 8.028e+00
 8.035e+00 8.043e+00 8.052e+00 8.062e+00 8.074e+00 8.087e+00 8.101e+00 8.117e+00
 8.135e+00 8.155e+00 8.176e+00 8.200e+00 8.226e+00 8.254e+00 8.284e+00 8.317e+00
 8.353e+00 8.391e+00 8.432e+00 8.476e+00 8.522e+00 8.571e+00 8.622e+00 8.676e+00
 8.731e+00 8.788e+00 8.846e+00 8.905e+00 8.964e+00 9.023e+00 9.081e+00 9.138e+00
 9.193e+00 9.247e+00 9.298e+00 9.347e+00 9.393e+00 9.437e+00 9.478e+00 9.516e+00
 9.552e+00 9.585e+00 9.615e+00 9.644e+00 9.670e+00 9.694e+00 9.716e+00 9.736e+00
 9.755e+00 9.772e+00 9.788e+00 9.802e+00 9.815e+00 9.827e+00 9.839e+00 9.849e+00
 9.858e+00 9.867e+00 9.875e+00 9.883e+00 9.889e+00 9.896e+00 9.902e+00 9.907e+00
 9.912e+00 9.917e+00 9.921e+00 9.925e+00 9.929e+00 9.932e+00 9.935e+00 9.939e+00
 9.941e+00 9.944e+00 9.947e+00 9.949e+00 9.951e+00 9.953e+00 9.955e+00 9.957e+00
 9.959e+00 9.960e+00 9.962e+00 9.963e+00 9.964e+00 9.966e+00 9.967e+00 9.968e+00
 9.969e+00 9.970e+00 9.971e+00 9.972e+00 9.973e+00 9.974e+00 9.974e+00 9.975e+00
 9.976e+00 9.977e+00 9.977e+00 9.978e+00 9.978e+00 9.979e+00 9.980e+00 9.980e+00
 9.981e+00 9.981e+00 9.981e+00 9.982e+00 9.982e+00 9.983e+00 9.983e+00 9.983e+00
 9.984e+00 9.984e+00 9.984e+00 9.985e+00 9.985e+00 9.985e+00 9.986e+00 9.986e+00
 9.986e+00 9.986e+00 9.987e+00 9.987e+00 9.987e+00 9.987e+00 9.987e+00 9.988e+00
 9.988e+00 9.988e+00 9.988e+00 9.988e+00 9.988e+00 9.989e+00 9.989e+00 9.989e+00
 9.989e+00 9.989e+00 9.989e+00 9.989e+00 9.989e+00 9.990e+00 9.990e+00 9.990e+00
 9.990e+00 9.990e+00 9.990e+00 9.990e+00 9.990e+00 9.990e+00 9.990e+00 9.990e+00
 9.991e+00 9.991e+00 9.991e+00 9.991e+00 9.991e+00 9.991e+00 9.991e+00 9.991e+00
 9.991e+00 9.991e+00 9.991e+00 9.991e+00 9.991e+00 9.991e+00 9.991e+00 9.991e+00
 9.991e+00 9.991e+00 9.991e+00 9.991e+00 9.991e+00 9.991e+00 9.991e+00 9.992e+00
 9.992e+00 9.992e+00 9.992e+00 9.992e+00 9.992e+00 9.992e+00 9.992e+00 9.992e+00
 9.992e+00 9.992e+00 9.992e+00 9.992e+00 9.992e+00 9.992e+00 9.992e+00 9.992e+00
 9.992e+00 9.992e+00 9.992e+00 9.992e+00 9.992e+00 9.992e+00 9.992e+00 9.992e+00
 9.992e+00 9.992e+00 9.992e+00 9.992e+00 9.992e+00 9.992e+00 9.992e+00 9.992e+00
 9.992e+00 9.992e+00 9.992e+00 9.992e+00 9.992e+00 9.992e+00 9.992e+00 9.992e+00
 9.992e+00 9.992e+00 9.992e+00 9.992e+00 9.992e+00 9.992e+00 9.992e+00 9.992e+00
 9.992e+00 9.992e+00 9.992e+00 9.992e+00 9.992e+00 9.992e+00 9.992e+00 9.992e+00
 9.992e+00 9.992e+00 9.992e+00 9.992e+00 9.992e+00 9.992e+00 9.992e+00 9.992e+00
 9.992e+00 9.992e+00 9.992e+00 9.992e+00 9.992e+00 9.992e+00 9.992e+00 9.992e+00
 9.992e+00 9.992e+00 9.992e+00 9.992e+00 9.992e+00 9.992e+00 9.992e+00 9.992e+00
 9.992e+00 9.992e+00 9.992e+00 9.992e+00 9.992e+00 9.992e+00 9.992e+00 9.992e+00
 9.992e+00 9.992e+00 9.992e+00 9.992e+00 9.992e+00 9.992e+00 9.992e+00 9.992e+00
 9.992e+00 9.992e+00 9.992e+00 9.992e+00 9.992e+00 9.992e+00 9.992e+00 9.992e+00
 9.992e+00 9.992e+00 9.992e+00 9.992e+00 9.992e+00 9.992e+00 9.992e+00 9.992e+00
 9.992e+00 9.992e+00 9.992e+00 9.992e+00 9.992e+00 9.991e+00 9.991e+00 9.991e+00
 9.991e+00 9.991e+00 9.991e+00 9.991e+00 9.991e+00 9.991e+00 9.991e+00 9.991e+00
 9.991e+00 9.991e+00 9.991e+00 9.991e+00 9.991e+00 9.991e+00 9.991e+00 9.991e+00
 9.991e+00 9.991e+00 9.991e+00 9.991e+00 9.991e+00 9.991e+00 9.991e+00 9.991e+00
 9.991e+00 9.991e+00 9.991e+00 9.991e+00 9.991e+00 9.991e+00 9.991e+00 9.991e+00
<Z> for tau[ms]= 1000.0
 9.013e-30 6.007e-29 3.889e-28 2.438e-27 1.475e-26 8.598e-26 4.811e-25 2.577e-24
 1.317e-23 6.425e-23 2.992e-22 1.333e-21 5.686e-21 2.327e-20 9.143e-20 3.456e-19
 1.258e-18 4.419e-18 1.499e-17 4.917e-17 1.563e-16 4.818e-16 1.443e-15 4.204e-15
 1.193e-14 3.303e-14 8.934e-14 2.364e-13 6.129e-13 1.559e-12 3.893e-12 9.548e-12
 2.300e-11 5.444e-11 1.266e-10 2.892e-10 6.492e-10 1.432e-09 3.105e-09 6.619e-09
 1.387e-08 2.857e-08 5.788e-08 1.153e-07 2.259e-07 4.357e-07 8.270e-07 1.546e-06
 2.847e-06 5.168e-06 9.249e-06 1.633e-05 2.844e-05 4.891e-05 8.305e-05 1.393e-04
 2.310e-04 3.786e-04 6.138e-04 9.844e-04 1.562e-03 2.452e-03 3.809e-03 5.854e-03
 8.902e-03 1.339e-02 1.991e-02 2.925e-02 4.243e-02 6.066e-02 8.536e-02 1.180e-01
 1.598e-01 2.115e-01 2.730e-01 3.428e-01 4.185e-01 4.963e-01 5.727e-01 6.442e-01
 7.085e-01 7.643e-01 8.114e-01 8.502e-01 8.817e-01 9.071e-01 9.273e-01 9.436e-01
 9.569e-01 9.679e-01 9.775e-01 9.863e-01 9.950e-01 1.004e+00 1.015e+00 1.028e+00
 1.044e+00 1.064e+00 1.088e+00 1.119e+00 1.156e+00 1.200e+00 1.251e+00 1.307e+00
 1.369e+00 1.434e+00 1.499e+00 1.562e+00 1.623e+00 1.678e+00 1.728e+00 1.771e+00
 1.809e+00 1.840e+00 1.867e+00 1.890e+00 1.908e+00 1.924e+00 1.937e+00 1.947e+00
 1.956e+00 1.964e+00 1.970e+00 1.976e+00 1.981e+00 1.987e+00 1.992e+00 1.998e+00
 2.004e+00 2.012e+00 2.021e+00 2.033e+00 2.047e+00 2.065e+00 2.087e+00 2.113e+00
 2.145e+00 2.182e+00 2.224e+00 2.272e+00 2.324e+00 2.379e+00 2.436e+00 2.493e+00
 2.550e+00 2.606e+00 2.659e+00 2.709e+00 2.756e+00 2.800e+00 2.841e+00 2.881e+00
 2.919e+00 2.958e+00 2.996e+00 3.035e+00 3.075e+00 3.117e+00 3.162e+00 3.208e+00
 3.256e+00 3.306e+00 3.358e+00 3.410e+00 3.463e+00 3.516e+00 3.569e+00 3.621e+00
 3.672e+00 3.723e+00 3.773e+00 3.823e+00 3.873e+00 3.923e+00 3.974e+00 4.025e+00
 4.078e+00 4.132e+00 4.187e+00 4.244e+00 4.301e+00 4.360e+00 4.418e+00 4.478e+00
 4.537e+00 4.597e+00 4.656e+00 4.716e+00 4.777e+00 4.838e+00 4.900e+00 4.964e+00
 5.029e+00 5.097e+00 5.168e+00 5.242e+00 5.320e+00 5.401e+00 5.488e+00 5.579e+00
 5.676e+00 5.778e+00 5.884e+00 5.996e+00 6.112e+00 6.231e+00 6.352e+00 6.475e+00
 6.597e+00 6.718e+00 6.834e+00 6.946e+00 7.052e+00 7.151e+00 7.243e+00 7.327e+00
 7.402e+00 7.471e+00 7.532e+00 7.586e+00 7.634e+00 7.676e+00 7.714e+00 7.747e+00
 7.775e+00 7.801e+00 7.823e+00 7.842e+00 7.859e+00 7.874e+00 7.887e+00 7.899e+00
 7.909e+00 7.918e+00 7.926e+00 7.933e+00 7.940e+00 7.945e+00 7.950e+00 7.955e+00
 7.959e+00 7.962e+00 7.965e+00 7.968e+00 7.971e+00 7.973e+00 7.975e+00 7.977e+00
 7.978e+00 7.980e+00 7.981e+00 7.983e+00 7.984e+00 7.985e+00 7.986e+00 7.987e+00
 7.988e+00 7.990e+00 7.991e+00 7.992e+00 7.994e+00 7.995e+00 7.997e+00 7.999e+00
 8.001e+00 8.004e+00 8.007e+00 8.011e+00 8.015e+00 8.020e+00 8.025e+00 8.032e+00
 8.039e+00 8.048e+00 8.057e+00 8.068e+00 8.080e+00 8.094e+00 8.109e+00 8.126e+00
 8.145e+00 8.165e+00 8.188e+00 8.213e+00 8.240e+00 8.270e+00 8.302e+00 8.336e+00
 8.374e+00 8.414e+00 8.457e+00 8.503e+00 8.551e+00 8.602e+00 8.656e+00 8.712e+00
 8.769e+00 8.828e+00 8.889e+00 8.949e+00 9.010e+00 9.070e+00 9.129e+00 9.187e+00
 9.243e+00 9.297e+00 9.348e+00 9.396e+00 9.442e+00 9.485e+00 9.525e+00 9.562e+00
 9.596e+00 9.628e+00 9.657e+00 9.684e+00 9.709e+00 9.731e+00 9.752e+00 9.771e+00
 9.788e+00 9.804e+00 9.818e+00 9.831e+00 9.844e+00 9.855e+00 9.865e+00 9.874e+00
 9.882e+00 9.890e+00 9.897e+00 9.904e+00 9.910e+00 9.916e+00 9.921e+00 9.926e+00
 9.930e+00 9.934e+00 9.938e+00 9.941e+00 9.945e+00 9.948e+00 9.950e+00 9.953e+00
 9.955e+00 9.958e+00 9.960e+00 9.962e+00 9.964e+00 9.965e+00 9.967e+00 9.969e+00
 9.970e+00 9.971e+00 9.973e+00 9.974e+00 9.975e+00 9.976e+00 9.977e+00 9.978e+00
 9.979e+00 9.980e+00 9.980e+00 9.981e+00 9.982e+00 9.983e+00 9.983e+00 9.984e+00
 9.985e+00 9.985e+00 9.986e+00 9.986e+00 9.987e+00 9.987e+00 9.987e+00 9.988e+00
 9.988e+00 9.989e+00 9.989e+00 9.989e+00 9.990e+00 9.990e+00 9.990e+00 9.991e+00
 9.991e+00 9.991e+00 9.992e+00 9.992e+00 9.992e+00 9.992e+00 9.992e+00 9.993e+00
 9.993e+00 9.993e+00 9.993e+00 9.993e+00 9.994e+00 9.994e+00 9.994e+00 9.994e+00
 9.994e+00 9.994e+00 9.995e+00 9.995e+00 9.995e+00 9.995e+00 9.995e+00 9.995e+00
 9.995e+00 9.995e+00 9.996e+00 9.996e+00 9.996e+00 9.996e+00 9.996e+00 9.996e+00
 9.996e+00 9.996e+00 9.996e+00 9.996e+00 9.996e+00 9.996e+00 9.997e+00 9.997e+00
 9.997e+00 9.997e+00 9.997e+00 9.997e+00 9.997e+00 9.997e+00 9.997e+00 9.997e+00
 9.997e+00 9.997e+00 9.997e+00 9.997e+00 9.997e+00 9.997e+00 9.997e+00 9.998e+00
 9.998e+00 9.998e+00 9.998e+00 9.998e+00 9.998e+00 9.998e+00 9.998e+00 9.998e+00
 9.998e+00 9.998e+00 9.998e+00 9.998e+00 9.998e+00 9.998e+00 9.998e+00 9.998e+00
 9.998e+00 9.998e+00 9.998e+00 9.998e+00 9.998e+00 9.998e+00 9.998e+00 9.998e+00
 9.998e+00 9.998e+00 9.998e+00 9.998e+00 9.999e+00 9.999e+00 9.999e+00 9.999e+00
 9.999e+00 9.999e+00 9.999e+00 9.999e+00 9.999e+00 9.999e+00 9.999e+00 9.999e+00
 9.999e+00 9.999e+00 9.999e+00 9.999e+00 9.999e+00 9.999e+00 9.999e+00 9.999e+00
 9.999e+00 9.999e+00 9.999e+00 9.999e+00 9.999e+00 9.999e+00 9.999e+00 9.999e+00
 9.999e+00 9.999e+00 9.999e+00 9.999e+00 9.999e+00 9.999e+00 9.999e+00 9.999e+00
 9.999e+00 9.999e+00 9.999e+00 9.999e+00 9.999e+00 9.999e+00 9.999e+00 9.999e+00
 9.999e+00 9.999e+00 9.999e+00 9.999e+00 9.999e+00 9.999e+00 9.999e+00 9.999e+00
 9.999e+00 9.999e+00 9.999e+00 9.999e+00 9.999e+00 9.999e+00 9.999e+00 9.999e+00
 9.999e+00 9.999e+00 9.999e+00 9.999e+00 9.999e+00 9.999e+00 9.999e+00 9.999e+00
 9.999e+00 9.999e+00 9.999e+00 9.999e+00 9.999e+00 9.999e+00 9.999e+00 9.999e+00
 9.999e+00 9.999e+00 9.999e+00 9.999e+00 9.999e+00 9.999e+00 9.999e+00 9.999e+00
 9.999e+00 9.999e+00 9.999e+00 9.999e+00 9.999e+00 9.999e+00 9.999e+00 9.999e+00
 9.999e+00 9.999e+00 9.999e+00 9.999e+00 9.999e+00 9.999e+00 9.999e+00 9.999e+00
 9.999e+00 9.999e+00 9.999e+00 9.999e+00 9.999e+00 9.999e+00 9.999e+00 9.999e+00
 9.999e+00 9.999e+00 9.999e+00 9.999e+00 9.999e+00 9.999e+00 9.999e+00 9.999e+00
 9.999e+00 9.999e+00 9.999e+00 9.999e+00 9.999e+00 9.999e+00 9.999e+00 9.999e+00
 9.999e+00 9.999e+00 9.999e+00 9.999e+00 9.999e+00 9.999e+00 9.999e+00 9.999e+00
<Z> in equilibrium - infinite confinement
 9.014e-30 6.008e-29 3.890e-28 2.438e-27 1.476e-26 8.602e-26 4.812e-25 2.577e-24
 1.318e-23 6.428e-23 2.994e-22 1.334e-21 5.690e-21 2.328e-20 9.149e-20 3.459e-19
 1.259e-18 4.422e-18 1.500e-17 4.922e-17 1.564e-16 4.823e-16 1.445e-15 4.209e-15
 1.195e-14 3.308e-14 8.948e-14 2.368e-13 6.139e-13 1.562e-12 3.901e-12 9.569e-12
 2.306e-11 5.458e-11 1.269e-10 2.900e-10 6.511e-10 1.437e-09 3.116e-09 6.644e-09
 1.392e-08 2.869e-08 5.814e-08 1.159e-07 2.271e-07 4.380e-07 8.317e-07 1.555e-06
 2.865e-06 5.203e-06 9.316e-06 1.645e-05 2.867e-05 4.933e-05 8.380e-05 1.407e-04
 2.333e-04 3.827e-04 6.207e-04 9.962e-04 1.582e-03 2.484e-03 3.862e-03 5.940e-03
 9.039e-03 1.361e-02 2.025e-02 2.977e-02 4.320e-02 6.181e-02 8.702e-02 1.203e-01
 1.629e-01 2.156e-01 2.781e-01 3.489e-01 4.253e-01 5.037e-01 5.803e-01 6.516e-01
 7.155e-01 7.707e-01 8.171e-01 8.552e-01 8.860e-01 9.107e-01 9.304e-01 9.462e-01
 9.590e-01 9.697e-01 9.790e-01 9.876e-01 9.962e-01 1.005e+00 1.016e+00 1.029e+00
 1.045e+00 1.065e+00 1.090e+00 1.120e+00 1.158e+00 1.202e+00 1.253e+00 1.310e+00
 1.372e+00 1.437e+00 1.502e+00 1.566e+00 1.626e+00 1.681e+00 1.730e+00 1.774e+00
 1.811e+00 1.843e+00 1.869e+00 1.891e+00 1.910e+00 1.925e+00 1.938e+00 1.948e+00
 1.957e+00 1.964e+00 1.971e+00 1.977e+00 1.982e+00 1.987e+00 1.992e+00 1.998e+00
 2.004e+00 2.012e+00 2.022e+00 2.033e+00 2.048e+00 2.065e+00 2.087e+00 2.114e+00
 2.146e+00 2.183e+00 2.225e+00 2.273e+00 2.325e+00 2.380e+00 2.437e+00 2.495e+00
 2.552e+00 2.607e+00 2.660e+00 2.710e+00 2.757e+00 2.801e+00 2.842e+00 2.882e+00
 2.921e+00 2.958e+00 2.997e+00 3.036e+00 3.076e+00 3.118e+00 3.162e+00 3.209e+00
 3.257e+00 3.307e+00 3.359e+00 3.411e+00 3.464e+00 3.517e+00 3.570e+00 3.622e+00
 3.673e+00 3.724e+00 3.774e+00 3.824e+00 3.873e+00 3.924e+00 3.974e+00 4.026e+00
 4.079e+00 4.133e+00 4.188e+00 4.244e+00 4.302e+00 4.360e+00 4.419e+00 4.478e+00
 4.538e+00 4.597e+00 4.657e+00 4.717e+00 4.778e+00 4.839e+00 4.901e+00 4.965e+00
 5.030e+00 5.098e+00 5.169e+00 5.243e+00 5.321e+00 5.403e+00 5.489e+00 5.581e+00
 5.678e+00 5.779e+00 5.886e+00 5.998e+00 6.114e+00 6.234e+00 6.356e+00 6.478e+00
 6.601e+00 6.721e+00 6.838e+00 6.951e+00 7.057e+00 7.156e+00 7.247e+00 7.331e+00
 7.406e+00 7.474e+00 7.535e+00 7.589e+00 7.637e+00 7.679e+00 7.717e+00 7.749e+00
 7.778e+00 7.803e+00 7.825e+00 7.844e+00 7.861e+00 7.876e+00 7.889e+00 7.901e+00
 7.911e+00 7.920e+00 7.928e+00 7.935e+00 7.941e+00 7.946e+00 7.951e+00 7.956e+00
 7.959e+00 7.963e+00 7.966e+00 7.969e+00 7.971e+00 7.973e+00 7.975e+00 7.977e+00
 7.979e+00 7.980e+00 7.982e+00 7.983e+00 7.984e+00 7.985e+00 7.987e+00 7.988e+00
 7.989e+00 7.990e+00 7.991e+00 7.992e+00 7.994e+00 7.995e+00 7.997e+00 7.999e+00
 8.002e+00 8.004e+00 8.008e+00 8.011e+00 8.015e+00 8.020e+00 8.026e+00 8.032e+00
 8.040e+00 8.048e+00 8.058e+00 8.069e+00 8.081e+00 8.095e+00 8.110e+00 8.127e+00
 8.146e+00 8.166e+00 8.189e+00 8.214e+00 8.242e+00 8.271e+00 8.304e+00 8.338e+00
 8.376e+00 8.416e+00 8.460e+00 8.506e+00 8.554e+00 8.606e+00 8.660e+00 8.716e+00
 8.774e+00 8.833e+00 8.894e+00 8.955e+00 9.015e+00 9.076e+00 9.135e+00 9.193e+00
 9.249e+00 9.302e+00 9.353e+00 9.402e+00 9.447e+00 9.490e+00 9.530e+00 9.567e+00
 9.601e+00 9.633e+00 9.662e+00 9.689e+00 9.713e+00 9.735e+00 9.756e+00 9.775e+00
 9.792e+00 9.807e+00 9.822e+00 9.835e+00 9.847e+00 9.858e+00 9.868e+00 9.877e+00
 9.885e+00 9.893e+00 9.900e+00 9.906e+00 9.912e+00 9.918e+00 9.923e+00 9.928e+00
 9.932e+00 9.936e+00 9.940e+00 9.943e+00 9.946e+00 9.949e+00 9.952e+00 9.955e+00
 9.957e+00 9.959e+00 9.961e+00 9.963e+00 9.965e+00 9.967e+00 9.968e+00 9.970e+00
 9.971e+00 9.973e+00 9.974e+00 9.975e+00 9.976e+00 9.977e+00 9.978e+00 9.979e+00
 9.980e+00 9.981e+00 9.982e+00 9.982e+00 9.983e+00 9.984e+00 9.984e+00 9.985e+00
 9.985e+00 9.986e+00 9.987e+00 9.987e+00 9.987e+00 9.988e+00 9.988e+00 9.989e+00
 9.989e+00 9.990e+00 9.990e+00 9.990e+00 9.991e+00 9.991e+00 9.991e+00 9.992e+00
 9.992e+00 9.992e+00 9.992e+00 9.993e+00 9.993e+00 9.993e+00 9.993e+00 9.993e+00
 9.994e+00 9.994e+00 9.994e+00 9.994e+00 9.994e+00 9.995e+00 9.995e+00 9.995e+00
 9.995e+00 9.995e+00 9.995e+00 9.995e+00 9.996e+00 9.996e+00 9.996e+00 9.996e+00
 9.996e+00 9.996e+00 9.996e+00 9.996e+00 9.996e+00 9.997e+00 9.997e+00 9.997e+00
 9.997e+00 9.997e+00 9.997e+00 9.997e+00 9.997e+00 9.997e+00 9.997e+00 9.997e+00
 9.997e+00 9.997e+00 9.998e+00 9.998e+00 9.998e+00 9.998e+00 9.998e+00 9.998e+00
 9.998e+00 9.998e+00 9.998e+00 9.998e+00 9.998e+00 9.998e+00 9.998e+00 9.998e+00
 9.998e+00 9.998e+00 9.998e+00 9.998e+00 9.998e+00 9.998e+00 9.998e+00 9.999e+00
 9.999e+00 9.999e+00 9.999e+00 9.999e+00 9.999e+00 9.999e+00 9.999e+00 9.999e+00
 9.999e+00 9.999e+00 9.999e+00 9.999e+00 9.999e+00 9.999e+00 9.999e+00 9.999e+00
 9.999e+00 9.999e+00 9.999e+00 9.999e+00 9.999e+00 9.999e+00 9.999e+00 9.999e+00
 9.999e+00 9.999e+00 9.999e+00 9.999e+00 9.999e+00 9.999e+00 9.999e+00 9.999e+00
 9.999e+00 9.999e+00 9.999e+00 9.999e+00 9.999e+00 9.999e+00 9.999e+00 9.999e+00
 9.999e+00 9.999e+00 9.999e+00 9.999e+00 9.999e+00 9.999e+00 1.000e+01 1.000e+01
 1.000e+01 1.000e+01 1.000e+01 1.000e+01 1.000e+01 1.000e+01 1.000e+01 1.000e+01
 1.000e+01 1.000e+01 1.000e+01 1.000e+01 1.000e+01 1.000e+01 1.000e+01 1.000e+01
 1.000e+01 1.000e+01 1.000e+01 1.000e+01 1.000e+01 1.000e+01 1.000e+01 1.000e+01
 1.000e+01 1.000e+01 1.000e+01 1.000e+01 1.000e+01 1.000e+01 1.000e+01 1.000e+01
 1.000e+01 1.000e+01 1.000e+01 1.000e+01 1.000e+01 1.000e+01 1.000e+01 1.000e+01
 1.000e+01 1.000e+01 1.000e+01 1.000e+01 1.000e+01 1.000e+01 1.000e+01 1.000e+01
 1.000e+01 1.000e+01 1.000e+01 1.000e+01 1.000e+01 1.000e+01 1.000e+01 1.000e+01
 1.000e+01 1.000e+01 1.000e+01 1.000e+01 1.000e+01 1.000e+01 1.000e+01 1.000e+01
 1.000e+01 1.000e+01 1.000e+01 1.000e+01 1.000e+01 1.000e+01 1.000e+01 1.000e+01
 1.000e+01 1.000e+01 1.000e+01 1.000e+01 1.000e+01 1.000e+01 1.000e+01 1.000e+01
 1.000e+01 1.000e+01 1.000e+01 1.000e+01 1.000e+01 1.000e+01 1.000e+01 1.000e+01
 1.000e+01 1.000e+01 1.000e+01 1.000e+01 1.000e+01 1.000e+01 1.000e+01 1.000e+01
 1.000e+01 1.000e+01 1.000e+01 1.000e+01 1.000e+01 1.000e+01 1.000e+01 1.000e+01
C-------------------------------------------------------------------------------
C
C  The fractional abundance and radiated power were generated from the
C  ADAS installation at UKAEA with the named adf11 files. The adf11 data
C  files may be updated in a later release of ADAS and publicly
C  available versions may be found at https://open.adas.ac.uk/.
C
C  The equilibrium balance data was produced with run_adas405.py and
C  the balance with a confinement time with adas4xx_ionbal_tau.py
C  which are functions from the ADAS library. Details on these codes
C  may be found at: https://www.adas.ac.uk/python_lib/index.html
C
C  Copyright (C) 2023 UK Atomic Energy Authority
C
C  This file was generated for use in the UKAEA systems code PROCESS
C  using a script written by Martin O'Mullane.
C  If acquired without provenance a user is strongly advised
C  to check its validity by re-generating using the adf11 files from
C  the OPEN-ADAS site.
C
C  Produced by : Timothy Nunn
C  Date        : 29-07-26
C
C-------------------------------------------------------------------------------
