Mean charge as a function dwell time.
Temperature :      0.2 - 500000.0 eV
Density     : 1.00e+20 m-3
   600     5  # Te values, dwell time

Source data:
acd : /home/adas/adas/adf11/acd85/acd85_ni.dat
scd : /home/adas/adas/adf11/scd85/scd85_ni.dat
plt : /home/adas/adas/adf11/plt89/plt89_ni.dat
prb : /home/adas/adas/adf11/prb89/prb89_ni.dat

Te[eV]
 2.500e-01 2.561e-01 2.624e-01 2.688e-01 2.754e-01 2.822e-01 2.891e-01 2.962e-01
 3.035e-01 3.109e-01 3.185e-01 3.263e-01 3.343e-01 3.425e-01 3.509e-01 3.595e-01
 3.683e-01 3.774e-01 3.866e-01 3.961e-01 4.058e-01 4.158e-01 4.260e-01 4.364e-01
 4.471e-01 4.581e-01 4.693e-01 4.808e-01 4.926e-01 5.047e-01 5.170e-01 5.297e-01
 5.427e-01 5.560e-01 5.696e-01 5.836e-01 5.979e-01 6.126e-01 6.276e-01 6.430e-01
 6.587e-01 6.749e-01 6.914e-01 7.084e-01 7.257e-01 7.435e-01 7.618e-01 7.804e-01
 7.996e-01 8.192e-01 8.393e-01 8.598e-01 8.809e-01 9.025e-01 9.247e-01 9.473e-01
 9.706e-01 9.943e-01 1.019e+00 1.044e+00 1.069e+00 1.096e+00 1.122e+00 1.150e+00
 1.178e+00 1.207e+00 1.237e+00 1.267e+00 1.298e+00 1.330e+00 1.362e+00 1.396e+00
 1.430e+00 1.465e+00 1.501e+00 1.538e+00 1.575e+00 1.614e+00 1.654e+00 1.694e+00
 1.736e+00 1.778e+00 1.822e+00 1.867e+00 1.912e+00 1.959e+00 2.007e+00 2.056e+00
 2.107e+00 2.159e+00 2.211e+00 2.266e+00 2.321e+00 2.378e+00 2.436e+00 2.496e+00
 2.557e+00 2.620e+00 2.684e+00 2.750e+00 2.818e+00 2.887e+00 2.957e+00 3.030e+00
 3.104e+00 3.180e+00 3.258e+00 3.338e+00 3.420e+00 3.504e+00 3.590e+00 3.678e+00
 3.768e+00 3.860e+00 3.955e+00 4.052e+00 4.151e+00 4.253e+00 4.357e+00 4.464e+00
 4.574e+00 4.686e+00 4.801e+00 4.918e+00 5.039e+00 5.162e+00 5.289e+00 5.419e+00
 5.551e+00 5.688e+00 5.827e+00 5.970e+00 6.116e+00 6.266e+00 6.420e+00 6.577e+00
 6.738e+00 6.904e+00 7.073e+00 7.246e+00 7.424e+00 7.606e+00 7.792e+00 7.983e+00
 8.179e+00 8.380e+00 8.585e+00 8.796e+00 9.011e+00 9.232e+00 9.459e+00 9.691e+00
 9.928e+00 1.017e+01 1.042e+01 1.068e+01 1.094e+01 1.121e+01 1.148e+01 1.176e+01
 1.205e+01 1.235e+01 1.265e+01 1.296e+01 1.328e+01 1.360e+01 1.394e+01 1.428e+01
 1.463e+01 1.499e+01 1.535e+01 1.573e+01 1.612e+01 1.651e+01 1.692e+01 1.733e+01
 1.776e+01 1.819e+01 1.864e+01 1.909e+01 1.956e+01 2.004e+01 2.053e+01 2.104e+01
 2.155e+01 2.208e+01 2.262e+01 2.318e+01 2.374e+01 2.433e+01 2.492e+01 2.553e+01
 2.616e+01 2.680e+01 2.746e+01 2.813e+01 2.882e+01 2.953e+01 3.025e+01 3.099e+01
 3.175e+01 3.253e+01 3.333e+01 3.415e+01 3.498e+01 3.584e+01 3.672e+01 3.762e+01
 3.854e+01 3.949e+01 4.046e+01 4.145e+01 4.246e+01 4.351e+01 4.457e+01 4.566e+01
 4.678e+01 4.793e+01 4.911e+01 5.031e+01 5.154e+01 5.281e+01 5.410e+01 5.543e+01
 5.679e+01 5.818e+01 5.961e+01 6.107e+01 6.256e+01 6.410e+01 6.567e+01 6.728e+01
 6.893e+01 7.062e+01 7.235e+01 7.412e+01 7.594e+01 7.780e+01 7.971e+01 8.167e+01
 8.367e+01 8.572e+01 8.782e+01 8.997e+01 9.218e+01 9.444e+01 9.676e+01 9.913e+01
 1.016e+02 1.040e+02 1.066e+02 1.092e+02 1.119e+02 1.146e+02 1.174e+02 1.203e+02
 1.233e+02 1.263e+02 1.294e+02 1.326e+02 1.358e+02 1.391e+02 1.426e+02 1.461e+02
 1.496e+02 1.533e+02 1.571e+02 1.609e+02 1.649e+02 1.689e+02 1.730e+02 1.773e+02
 1.816e+02 1.861e+02 1.906e+02 1.953e+02 2.001e+02 2.050e+02 2.100e+02 2.152e+02
 2.205e+02 2.259e+02 2.314e+02 2.371e+02 2.429e+02 2.488e+02 2.549e+02 2.612e+02
 2.676e+02 2.742e+02 2.809e+02 2.878e+02 2.948e+02 3.021e+02 3.095e+02 3.170e+02
 3.248e+02 3.328e+02 3.409e+02 3.493e+02 3.579e+02 3.666e+02 3.756e+02 3.848e+02
 3.943e+02 4.039e+02 4.138e+02 4.240e+02 4.344e+02 4.450e+02 4.559e+02 4.671e+02
 4.786e+02 4.903e+02 5.023e+02 5.146e+02 5.273e+02 5.402e+02 5.534e+02 5.670e+02
 5.809e+02 5.951e+02 6.097e+02 6.247e+02 6.400e+02 6.557e+02 6.718e+02 6.882e+02
 7.051e+02 7.224e+02 7.401e+02 7.582e+02 7.768e+02 7.959e+02 8.154e+02 8.354e+02
 8.559e+02 8.769e+02 8.984e+02 9.204e+02 9.429e+02 9.661e+02 9.897e+02 1.014e+03
 1.039e+03 1.064e+03 1.090e+03 1.117e+03 1.145e+03 1.173e+03 1.201e+03 1.231e+03
 1.261e+03 1.292e+03 1.324e+03 1.356e+03 1.389e+03 1.423e+03 1.458e+03 1.494e+03
 1.531e+03 1.568e+03 1.607e+03 1.646e+03 1.686e+03 1.728e+03 1.770e+03 1.813e+03
 1.858e+03 1.903e+03 1.950e+03 1.998e+03 2.047e+03 2.097e+03 2.149e+03 2.201e+03
 2.255e+03 2.310e+03 2.367e+03 2.425e+03 2.485e+03 2.546e+03 2.608e+03 2.672e+03
 2.737e+03 2.804e+03 2.873e+03 2.944e+03 3.016e+03 3.090e+03 3.166e+03 3.243e+03
 3.323e+03 3.404e+03 3.488e+03 3.573e+03 3.661e+03 3.750e+03 3.842e+03 3.937e+03
 4.033e+03 4.132e+03 4.233e+03 4.337e+03 4.443e+03 4.552e+03 4.664e+03 4.778e+03
 4.895e+03 5.015e+03 5.138e+03 5.264e+03 5.393e+03 5.526e+03 5.661e+03 5.800e+03
 5.942e+03 6.088e+03 6.237e+03 6.390e+03 6.547e+03 6.707e+03 6.872e+03 7.040e+03
 7.213e+03 7.390e+03 7.571e+03 7.756e+03 7.947e+03 8.141e+03 8.341e+03 8.545e+03
 8.755e+03 8.970e+03 9.190e+03 9.415e+03 9.646e+03 9.882e+03 1.012e+04 1.037e+04
 1.063e+04 1.089e+04 1.115e+04 1.143e+04 1.171e+04 1.200e+04 1.229e+04 1.259e+04
 1.290e+04 1.322e+04 1.354e+04 1.387e+04 1.421e+04 1.456e+04 1.492e+04 1.528e+04
 1.566e+04 1.604e+04 1.643e+04 1.684e+04 1.725e+04 1.767e+04 1.811e+04 1.855e+04
 1.901e+04 1.947e+04 1.995e+04 2.044e+04 2.094e+04 2.145e+04 2.198e+04 2.252e+04
 2.307e+04 2.363e+04 2.421e+04 2.481e+04 2.542e+04 2.604e+04 2.668e+04 2.733e+04
 2.800e+04 2.869e+04 2.939e+04 3.011e+04 3.085e+04 3.161e+04 3.238e+04 3.318e+04
 3.399e+04 3.482e+04 3.568e+04 3.655e+04 3.745e+04 3.836e+04 3.931e+04 4.027e+04
 4.126e+04 4.227e+04 4.330e+04 4.437e+04 4.545e+04 4.657e+04 4.771e+04 4.888e+04
 5.008e+04 5.131e+04 5.256e+04 5.385e+04 5.517e+04 5.652e+04 5.791e+04 5.933e+04
 6.078e+04 6.228e+04 6.380e+04 6.537e+04 6.697e+04 6.861e+04 7.029e+04 7.202e+04
 7.378e+04 7.559e+04 7.744e+04 7.934e+04 8.129e+04 8.328e+04 8.532e+04 8.741e+04
 8.956e+04 9.175e+04 9.400e+04 9.631e+04 9.867e+04 1.011e+05 1.036e+05 1.061e+05
 1.087e+05 1.114e+05 1.141e+05 1.169e+05 1.198e+05 1.227e+05 1.257e+05 1.288e+05
 1.320e+05 1.352e+05 1.385e+05 1.419e+05 1.454e+05 1.489e+05 1.526e+05 1.563e+05
 1.602e+05 1.641e+05 1.681e+05 1.722e+05 1.765e+05 1.808e+05 1.852e+05 1.898e+05
 1.944e+05 1.992e+05 2.041e+05 2.091e+05 2.142e+05 2.194e+05 2.248e+05 2.303e+05
 2.360e+05 2.418e+05 2.477e+05 2.538e+05 2.600e+05 2.664e+05 2.729e+05 2.796e+05
 2.864e+05 2.935e+05 3.007e+05 3.080e+05 3.156e+05 3.233e+05 3.312e+05 3.394e+05
 3.477e+05 3.562e+05 3.649e+05 3.739e+05 3.831e+05 3.924e+05 4.021e+05 4.119e+05
 4.220e+05 4.324e+05 4.430e+05 4.538e+05 4.650e+05 4.764e+05 4.880e+05 5.000e+05
<Z> for tau[ms]=    0.1
 1.981e-08 2.547e-08 3.276e-08 4.213e-08 5.419e-08 6.969e-08 8.964e-08 1.153e-07
 1.483e-07 1.907e-07 2.452e-07 3.154e-07 4.056e-07 5.216e-07 6.709e-07 8.628e-07
 1.110e-06 1.427e-06 1.835e-06 2.360e-06 3.035e-06 3.903e-06 5.019e-06 6.455e-06
 8.301e-06 1.067e-05 1.373e-05 1.765e-05 2.270e-05 2.919e-05 3.754e-05 4.827e-05
 6.207e-05 7.981e-05 1.026e-04 1.320e-04 1.697e-04 2.182e-04 2.805e-04 3.607e-04
 4.637e-04 5.961e-04 7.664e-04 9.851e-04 1.266e-03 1.627e-03 2.091e-03 2.687e-03
 3.452e-03 4.434e-03 5.693e-03 7.308e-03 9.374e-03 1.201e-02 1.536e-02 1.958e-02
 2.487e-02 3.144e-02 3.953e-02 4.936e-02 6.118e-02 7.518e-02 9.154e-02 1.104e-01
 1.319e-01 1.562e-01 1.831e-01 2.125e-01 2.444e-01 2.784e-01 3.142e-01 3.514e-01
 3.896e-01 4.283e-01 4.671e-01 5.055e-01 5.432e-01 5.800e-01 6.155e-01 6.498e-01
 6.827e-01 7.142e-01 7.444e-01 7.732e-01 8.009e-01 8.276e-01 8.537e-01 8.793e-01
 9.047e-01 9.301e-01 9.557e-01 9.818e-01 1.009e+00 1.036e+00 1.065e+00 1.096e+00
 1.127e+00 1.161e+00 1.197e+00 1.234e+00 1.274e+00 1.315e+00 1.358e+00 1.401e+00
 1.443e+00 1.485e+00 1.526e+00 1.565e+00 1.602e+00 1.636e+00 1.669e+00 1.699e+00
 1.728e+00 1.755e+00 1.780e+00 1.805e+00 1.829e+00 1.852e+00 1.876e+00 1.900e+00
 1.924e+00 1.949e+00 1.975e+00 2.002e+00 2.031e+00 2.061e+00 2.093e+00 2.126e+00
 2.161e+00 2.197e+00 2.234e+00 2.272e+00 2.310e+00 2.349e+00 2.389e+00 2.428e+00
 2.467e+00 2.506e+00 2.545e+00 2.584e+00 2.622e+00 2.660e+00 2.698e+00 2.736e+00
 2.775e+00 2.813e+00 2.853e+00 2.892e+00 2.933e+00 2.974e+00 3.016e+00 3.059e+00
 3.102e+00 3.146e+00 3.191e+00 3.236e+00 3.282e+00 3.328e+00 3.375e+00 3.422e+00
 3.469e+00 3.517e+00 3.565e+00 3.613e+00 3.662e+00 3.710e+00 3.760e+00 3.809e+00
 3.859e+00 3.908e+00 3.958e+00 4.008e+00 4.057e+00 4.107e+00 4.157e+00 4.206e+00
 4.255e+00 4.304e+00 4.353e+00 4.401e+00 4.450e+00 4.499e+00 4.547e+00 4.596e+00
 4.645e+00 4.694e+00 4.743e+00 4.793e+00 4.843e+00 4.894e+00 4.944e+00 4.996e+00
 5.048e+00 5.100e+00 5.152e+00 5.205e+00 5.259e+00 5.312e+00 5.366e+00 5.421e+00
 5.475e+00 5.530e+00 5.586e+00 5.641e+00 5.697e+00 5.752e+00 5.808e+00 5.865e+00
 5.921e+00 5.977e+00 6.034e+00 6.091e+00 6.148e+00 6.205e+00 6.263e+00 6.320e+00
 6.378e+00 6.436e+00 6.494e+00 6.553e+00 6.611e+00 6.670e+00 6.729e+00 6.788e+00
 6.847e+00 6.907e+00 6.966e+00 7.026e+00 7.086e+00 7.145e+00 7.205e+00 7.265e+00
 7.324e+00 7.384e+00 7.444e+00 7.503e+00 7.563e+00 7.622e+00 7.682e+00 7.741e+00
 7.800e+00 7.860e+00 7.919e+00 7.978e+00 8.038e+00 8.098e+00 8.158e+00 8.219e+00
 8.281e+00 8.343e+00 8.406e+00 8.470e+00 8.535e+00 8.601e+00 8.668e+00 8.737e+00
 8.806e+00 8.877e+00 8.950e+00 9.023e+00 9.098e+00 9.174e+00 9.251e+00 9.329e+00
 9.409e+00 9.489e+00 9.570e+00 9.652e+00 9.735e+00 9.818e+00 9.902e+00 9.986e+00
 1.007e+01 1.016e+01 1.024e+01 1.033e+01 1.041e+01 1.050e+01 1.059e+01 1.067e+01
 1.076e+01 1.085e+01 1.093e+01 1.102e+01 1.111e+01 1.119e+01 1.128e+01 1.136e+01
 1.145e+01 1.153e+01 1.162e+01 1.170e+01 1.179e+01 1.187e+01 1.195e+01 1.203e+01
 1.211e+01 1.219e+01 1.227e+01 1.234e+01 1.242e+01 1.249e+01 1.257e+01 1.264e+01
 1.271e+01 1.278e+01 1.284e+01 1.291e+01 1.297e+01 1.304e+01 1.310e+01 1.316e+01
 1.322e+01 1.328e+01 1.333e+01 1.339e+01 1.344e+01 1.349e+01 1.354e+01 1.359e+01
 1.364e+01 1.369e+01 1.374e+01 1.378e+01 1.382e+01 1.387e+01 1.391e+01 1.395e+01
 1.399e+01 1.402e+01 1.406e+01 1.410e+01 1.413e+01 1.417e+01 1.420e+01 1.423e+01
 1.427e+01 1.430e+01 1.433e+01 1.436e+01 1.439e+01 1.442e+01 1.444e+01 1.447e+01
 1.450e+01 1.452e+01 1.455e+01 1.457e+01 1.459e+01 1.462e+01 1.464e+01 1.466e+01
 1.468e+01 1.470e+01 1.472e+01 1.474e+01 1.475e+01 1.477e+01 1.479e+01 1.480e+01
 1.482e+01 1.483e+01 1.485e+01 1.486e+01 1.487e+01 1.489e+01 1.490e+01 1.491e+01
 1.492e+01 1.493e+01 1.495e+01 1.496e+01 1.496e+01 1.497e+01 1.498e+01 1.499e+01
 1.500e+01 1.500e+01 1.501e+01 1.501e+01 1.502e+01 1.502e+01 1.503e+01 1.503e+01
 1.503e+01 1.503e+01 1.503e+01 1.503e+01 1.504e+01 1.503e+01 1.503e+01 1.503e+01
 1.503e+01 1.503e+01 1.503e+01 1.502e+01 1.502e+01 1.502e+01 1.501e+01 1.501e+01
 1.500e+01 1.500e+01 1.499e+01 1.498e+01 1.498e+01 1.497e+01 1.496e+01 1.495e+01
 1.494e+01 1.493e+01 1.492e+01 1.491e+01 1.490e+01 1.489e+01 1.488e+01 1.486e+01
 1.485e+01 1.484e+01 1.483e+01 1.481e+01 1.480e+01 1.478e+01 1.477e+01 1.475e+01
 1.474e+01 1.472e+01 1.471e+01 1.469e+01 1.467e+01 1.465e+01 1.463e+01 1.462e+01
 1.460e+01 1.458e+01 1.456e+01 1.454e+01 1.452e+01 1.450e+01 1.448e+01 1.446e+01
 1.444e+01 1.441e+01 1.439e+01 1.437e+01 1.435e+01 1.432e+01 1.430e+01 1.427e+01
 1.425e+01 1.422e+01 1.420e+01 1.417e+01 1.415e+01 1.412e+01 1.410e+01 1.407e+01
 1.405e+01 1.402e+01 1.399e+01 1.397e+01 1.394e+01 1.391e+01 1.388e+01 1.385e+01
 1.382e+01 1.380e+01 1.377e+01 1.374e+01 1.371e+01 1.368e+01 1.365e+01 1.362e+01
 1.358e+01 1.355e+01 1.352e+01 1.349e+01 1.346e+01 1.343e+01 1.339e+01 1.336e+01
 1.333e+01 1.330e+01 1.326e+01 1.323e+01 1.320e+01 1.317e+01 1.313e+01 1.310e+01
 1.306e+01 1.303e+01 1.300e+01 1.296e+01 1.293e+01 1.289e+01 1.286e+01 1.282e+01
 1.278e+01 1.275e+01 1.271e+01 1.268e+01 1.264e+01 1.260e+01 1.257e+01 1.253e+01
 1.250e+01 1.246e+01 1.242e+01 1.239e+01 1.235e+01 1.231e+01 1.227e+01 1.224e+01
 1.220e+01 1.216e+01 1.212e+01 1.209e+01 1.205e+01 1.201e+01 1.197e+01 1.193e+01
 1.190e+01 1.186e+01 1.182e+01 1.178e+01 1.174e+01 1.170e+01 1.166e+01 1.162e+01
 1.158e+01 1.154e+01 1.150e+01 1.146e+01 1.142e+01 1.138e+01 1.134e+01 1.130e+01
 1.126e+01 1.122e+01 1.118e+01 1.114e+01 1.110e+01 1.106e+01 1.102e+01 1.098e+01
 1.094e+01 1.090e+01 1.086e+01 1.082e+01 1.078e+01 1.074e+01 1.070e+01 1.066e+01
 1.062e+01 1.058e+01 1.054e+01 1.050e+01 1.046e+01 1.042e+01 1.038e+01 1.034e+01
 1.030e+01 1.026e+01 1.022e+01 1.018e+01 1.014e+01 1.010e+01 1.006e+01 1.002e+01
 9.985e+00 9.945e+00 9.905e+00 9.865e+00 9.825e+00 9.785e+00 9.746e+00 9.706e+00
 9.666e+00 9.626e+00 9.586e+00 9.547e+00 9.507e+00 9.467e+00 9.428e+00 9.388e+00
 9.348e+00 9.309e+00 9.269e+00 9.230e+00 9.190e+00 9.151e+00 9.111e+00 9.072e+00
 9.033e+00 8.994e+00 8.954e+00 8.915e+00 8.876e+00 8.837e+00 8.798e+00 8.759e+00
<Z> for tau[ms]=    1.0
 1.934e-07 2.486e-07 3.194e-07 4.105e-07 5.275e-07 6.777e-07 8.708e-07 1.119e-06
 1.437e-06 1.847e-06 2.373e-06 3.048e-06 3.915e-06 5.029e-06 6.460e-06 8.297e-06
 1.066e-05 1.369e-05 1.757e-05 2.257e-05 2.898e-05 3.721e-05 4.777e-05 6.133e-05
 7.874e-05 1.011e-04 1.297e-04 1.665e-04 2.137e-04 2.742e-04 3.519e-04 4.515e-04
 5.792e-04 7.429e-04 9.528e-04 1.222e-03 1.567e-03 2.008e-03 2.574e-03 3.298e-03
 4.225e-03 5.410e-03 6.924e-03 8.858e-03 1.132e-02 1.446e-02 1.846e-02 2.353e-02
 2.994e-02 3.803e-02 4.819e-02 6.088e-02 7.663e-02 9.597e-02 1.194e-01 1.473e-01
 1.799e-01 2.172e-01 2.589e-01 3.042e-01 3.522e-01 4.015e-01 4.509e-01 4.994e-01
 5.460e-01 5.900e-01 6.311e-01 6.690e-01 7.037e-01 7.353e-01 7.641e-01 7.905e-01
 8.148e-01 8.375e-01 8.591e-01 8.800e-01 9.008e-01 9.222e-01 9.448e-01 9.692e-01
 9.962e-01 1.026e+00 1.060e+00 1.098e+00 1.139e+00 1.184e+00 1.232e+00 1.282e+00
 1.333e+00 1.383e+00 1.432e+00 1.479e+00 1.523e+00 1.564e+00 1.602e+00 1.638e+00
 1.672e+00 1.703e+00 1.732e+00 1.759e+00 1.786e+00 1.810e+00 1.833e+00 1.855e+00
 1.875e+00 1.895e+00 1.915e+00 1.934e+00 1.954e+00 1.975e+00 1.997e+00 2.021e+00
 2.047e+00 2.076e+00 2.107e+00 2.140e+00 2.176e+00 2.215e+00 2.255e+00 2.298e+00
 2.342e+00 2.386e+00 2.431e+00 2.476e+00 2.520e+00 2.563e+00 2.606e+00 2.647e+00
 2.687e+00 2.726e+00 2.765e+00 2.803e+00 2.842e+00 2.881e+00 2.920e+00 2.961e+00
 3.002e+00 3.045e+00 3.089e+00 3.134e+00 3.180e+00 3.227e+00 3.275e+00 3.323e+00
 3.372e+00 3.421e+00 3.471e+00 3.521e+00 3.571e+00 3.621e+00 3.672e+00 3.723e+00
 3.774e+00 3.826e+00 3.878e+00 3.930e+00 3.983e+00 4.035e+00 4.088e+00 4.141e+00
 4.194e+00 4.246e+00 4.298e+00 4.349e+00 4.400e+00 4.451e+00 4.501e+00 4.551e+00
 4.600e+00 4.649e+00 4.698e+00 4.747e+00 4.796e+00 4.845e+00 4.895e+00 4.945e+00
 4.996e+00 5.047e+00 5.099e+00 5.152e+00 5.206e+00 5.261e+00 5.316e+00 5.372e+00
 5.429e+00 5.487e+00 5.545e+00 5.604e+00 5.663e+00 5.722e+00 5.782e+00 5.842e+00
 5.903e+00 5.963e+00 6.023e+00 6.083e+00 6.143e+00 6.203e+00 6.263e+00 6.322e+00
 6.382e+00 6.441e+00 6.500e+00 6.559e+00 6.618e+00 6.678e+00 6.738e+00 6.798e+00
 6.858e+00 6.919e+00 6.981e+00 7.043e+00 7.106e+00 7.170e+00 7.234e+00 7.299e+00
 7.365e+00 7.430e+00 7.496e+00 7.562e+00 7.629e+00 7.695e+00 7.761e+00 7.826e+00
 7.891e+00 7.955e+00 8.019e+00 8.082e+00 8.144e+00 8.205e+00 8.266e+00 8.326e+00
 8.386e+00 8.445e+00 8.505e+00 8.563e+00 8.622e+00 8.681e+00 8.741e+00 8.801e+00
 8.862e+00 8.924e+00 8.987e+00 9.053e+00 9.120e+00 9.190e+00 9.263e+00 9.340e+00
 9.420e+00 9.504e+00 9.593e+00 9.687e+00 9.787e+00 9.891e+00 1.000e+01 1.012e+01
 1.024e+01 1.037e+01 1.050e+01 1.064e+01 1.078e+01 1.093e+01 1.108e+01 1.123e+01
 1.139e+01 1.155e+01 1.171e+01 1.188e+01 1.204e+01 1.222e+01 1.240e+01 1.258e+01
 1.277e+01 1.297e+01 1.318e+01 1.340e+01 1.362e+01 1.384e+01 1.406e+01 1.428e+01
 1.449e+01 1.469e+01 1.488e+01 1.507e+01 1.524e+01 1.540e+01 1.555e+01 1.568e+01
 1.581e+01 1.593e+01 1.603e+01 1.614e+01 1.623e+01 1.632e+01 1.640e+01 1.648e+01
 1.655e+01 1.662e+01 1.668e+01 1.674e+01 1.680e+01 1.686e+01 1.691e+01 1.697e+01
 1.702e+01 1.707e+01 1.712e+01 1.717e+01 1.722e+01 1.727e+01 1.731e+01 1.736e+01
 1.741e+01 1.746e+01 1.751e+01 1.756e+01 1.761e+01 1.766e+01 1.772e+01 1.777e+01
 1.782e+01 1.788e+01 1.794e+01 1.799e+01 1.805e+01 1.811e+01 1.817e+01 1.823e+01
 1.829e+01 1.835e+01 1.842e+01 1.848e+01 1.854e+01 1.861e+01 1.867e+01 1.874e+01
 1.880e+01 1.887e+01 1.894e+01 1.900e+01 1.907e+01 1.914e+01 1.920e+01 1.927e+01
 1.934e+01 1.941e+01 1.947e+01 1.954e+01 1.960e+01 1.967e+01 1.974e+01 1.980e+01
 1.987e+01 1.993e+01 1.999e+01 2.005e+01 2.012e+01 2.018e+01 2.024e+01 2.030e+01
 2.035e+01 2.041e+01 2.047e+01 2.052e+01 2.058e+01 2.063e+01 2.068e+01 2.073e+01
 2.078e+01 2.083e+01 2.088e+01 2.092e+01 2.097e+01 2.101e+01 2.106e+01 2.110e+01
 2.114e+01 2.118e+01 2.122e+01 2.126e+01 2.129e+01 2.133e+01 2.136e+01 2.140e+01
 2.143e+01 2.146e+01 2.149e+01 2.152e+01 2.155e+01 2.158e+01 2.160e+01 2.163e+01
 2.165e+01 2.168e+01 2.170e+01 2.172e+01 2.175e+01 2.177e+01 2.179e+01 2.181e+01
 2.183e+01 2.184e+01 2.186e+01 2.188e+01 2.189e+01 2.191e+01 2.192e+01 2.194e+01
 2.195e+01 2.196e+01 2.197e+01 2.199e+01 2.200e+01 2.201e+01 2.202e+01 2.203e+01
 2.204e+01 2.204e+01 2.205e+01 2.206e+01 2.207e+01 2.207e+01 2.208e+01 2.208e+01
 2.209e+01 2.209e+01 2.210e+01 2.210e+01 2.210e+01 2.210e+01 2.211e+01 2.211e+01
 2.211e+01 2.211e+01 2.211e+01 2.211e+01 2.211e+01 2.211e+01 2.211e+01 2.211e+01
 2.210e+01 2.210e+01 2.210e+01 2.210e+01 2.209e+01 2.209e+01 2.208e+01 2.208e+01
 2.207e+01 2.207e+01 2.206e+01 2.205e+01 2.205e+01 2.204e+01 2.203e+01 2.203e+01
 2.202e+01 2.201e+01 2.200e+01 2.199e+01 2.198e+01 2.197e+01 2.196e+01 2.195e+01
 2.194e+01 2.193e+01 2.192e+01 2.191e+01 2.190e+01 2.189e+01 2.187e+01 2.186e+01
 2.185e+01 2.183e+01 2.182e+01 2.181e+01 2.179e+01 2.178e+01 2.176e+01 2.175e+01
 2.173e+01 2.172e+01 2.170e+01 2.169e+01 2.167e+01 2.165e+01 2.164e+01 2.162e+01
 2.161e+01 2.159e+01 2.157e+01 2.155e+01 2.154e+01 2.152e+01 2.150e+01 2.148e+01
 2.146e+01 2.145e+01 2.143e+01 2.141e+01 2.139e+01 2.137e+01 2.135e+01 2.133e+01
 2.131e+01 2.129e+01 2.127e+01 2.125e+01 2.123e+01 2.121e+01 2.118e+01 2.116e+01
 2.114e+01 2.112e+01 2.109e+01 2.107e+01 2.105e+01 2.102e+01 2.100e+01 2.098e+01
 2.095e+01 2.093e+01 2.090e+01 2.088e+01 2.085e+01 2.083e+01 2.080e+01 2.078e+01
 2.075e+01 2.073e+01 2.070e+01 2.068e+01 2.065e+01 2.062e+01 2.060e+01 2.057e+01
 2.055e+01 2.052e+01 2.049e+01 2.047e+01 2.044e+01 2.041e+01 2.039e+01 2.036e+01
 2.033e+01 2.031e+01 2.028e+01 2.025e+01 2.023e+01 2.020e+01 2.017e+01 2.014e+01
 2.012e+01 2.009e+01 2.006e+01 2.003e+01 2.000e+01 1.998e+01 1.995e+01 1.992e+01
 1.989e+01 1.986e+01 1.984e+01 1.981e+01 1.978e+01 1.975e+01 1.972e+01 1.969e+01
 1.966e+01 1.963e+01 1.960e+01 1.957e+01 1.955e+01 1.952e+01 1.949e+01 1.946e+01
 1.943e+01 1.940e+01 1.937e+01 1.934e+01 1.931e+01 1.928e+01 1.925e+01 1.922e+01
 1.918e+01 1.915e+01 1.912e+01 1.909e+01 1.906e+01 1.903e+01 1.900e+01 1.897e+01
 1.894e+01 1.891e+01 1.887e+01 1.884e+01 1.881e+01 1.878e+01 1.875e+01 1.872e+01
<Z> for tau[ms]=   10.0
 1.568e-06 2.003e-06 2.557e-06 3.263e-06 4.164e-06 5.313e-06 6.777e-06 8.643e-06
 1.102e-05 1.405e-05 1.790e-05 2.281e-05 2.906e-05 3.700e-05 4.711e-05 5.997e-05
 7.631e-05 9.709e-05 1.235e-04 1.570e-04 1.996e-04 2.537e-04 3.223e-04 4.093e-04
 5.198e-04 6.598e-04 8.372e-04 1.062e-03 1.347e-03 1.707e-03 2.163e-03 2.740e-03
 3.469e-03 4.390e-03 5.553e-03 7.019e-03 8.867e-03 1.119e-02 1.411e-02 1.778e-02
 2.237e-02 2.810e-02 3.524e-02 4.410e-02 5.504e-02 6.848e-02 8.489e-02 1.048e-01
 1.286e-01 1.569e-01 1.900e-01 2.281e-01 2.712e-01 3.189e-01 3.701e-01 4.235e-01
 4.777e-01 5.309e-01 5.817e-01 6.289e-01 6.717e-01 7.096e-01 7.427e-01 7.716e-01
 7.967e-01 8.187e-01 8.381e-01 8.557e-01 8.720e-01 8.876e-01 9.032e-01 9.195e-01
 9.371e-01 9.569e-01 9.797e-01 1.006e+00 1.038e+00 1.075e+00 1.117e+00 1.166e+00
 1.220e+00 1.278e+00 1.340e+00 1.402e+00 1.463e+00 1.521e+00 1.576e+00 1.625e+00
 1.669e+00 1.707e+00 1.740e+00 1.768e+00 1.792e+00 1.813e+00 1.832e+00 1.849e+00
 1.865e+00 1.880e+00 1.894e+00 1.909e+00 1.924e+00 1.940e+00 1.957e+00 1.976e+00
 1.997e+00 2.020e+00 2.046e+00 2.075e+00 2.107e+00 2.143e+00 2.180e+00 2.220e+00
 2.262e+00 2.306e+00 2.350e+00 2.394e+00 2.438e+00 2.482e+00 2.525e+00 2.568e+00
 2.610e+00 2.651e+00 2.692e+00 2.731e+00 2.771e+00 2.810e+00 2.849e+00 2.889e+00
 2.929e+00 2.970e+00 3.011e+00 3.054e+00 3.097e+00 3.141e+00 3.185e+00 3.230e+00
 3.276e+00 3.322e+00 3.369e+00 3.415e+00 3.463e+00 3.510e+00 3.557e+00 3.605e+00
 3.653e+00 3.701e+00 3.749e+00 3.798e+00 3.847e+00 3.895e+00 3.944e+00 3.994e+00
 4.043e+00 4.092e+00 4.141e+00 4.190e+00 4.239e+00 4.288e+00 4.336e+00 4.384e+00
 4.432e+00 4.479e+00 4.525e+00 4.572e+00 4.618e+00 4.664e+00 4.709e+00 4.755e+00
 4.801e+00 4.847e+00 4.894e+00 4.940e+00 4.988e+00 5.036e+00 5.085e+00 5.135e+00
 5.186e+00 5.238e+00 5.291e+00 5.345e+00 5.400e+00 5.455e+00 5.511e+00 5.568e+00
 5.626e+00 5.684e+00 5.743e+00 5.802e+00 5.861e+00 5.921e+00 5.980e+00 6.040e+00
 6.099e+00 6.159e+00 6.218e+00 6.277e+00 6.335e+00 6.393e+00 6.452e+00 6.509e+00
 6.567e+00 6.625e+00 6.682e+00 6.740e+00 6.798e+00 6.856e+00 6.915e+00 6.975e+00
 7.035e+00 7.096e+00 7.158e+00 7.221e+00 7.285e+00 7.349e+00 7.414e+00 7.480e+00
 7.546e+00 7.613e+00 7.679e+00 7.746e+00 7.813e+00 7.879e+00 7.944e+00 8.009e+00
 8.074e+00 8.137e+00 8.199e+00 8.261e+00 8.321e+00 8.381e+00 8.440e+00 8.498e+00
 8.556e+00 8.614e+00 8.671e+00 8.728e+00 8.785e+00 8.843e+00 8.901e+00 8.960e+00
 9.021e+00 9.083e+00 9.146e+00 9.213e+00 9.282e+00 9.354e+00 9.430e+00 9.510e+00
 9.596e+00 9.686e+00 9.782e+00 9.885e+00 9.995e+00 1.011e+01 1.024e+01 1.037e+01
 1.051e+01 1.065e+01 1.080e+01 1.096e+01 1.113e+01 1.130e+01 1.147e+01 1.165e+01
 1.184e+01 1.203e+01 1.223e+01 1.243e+01 1.266e+01 1.290e+01 1.316e+01 1.346e+01
 1.379e+01 1.414e+01 1.452e+01 1.491e+01 1.530e+01 1.566e+01 1.598e+01 1.627e+01
 1.652e+01 1.672e+01 1.689e+01 1.704e+01 1.715e+01 1.725e+01 1.734e+01 1.741e+01
 1.747e+01 1.753e+01 1.757e+01 1.762e+01 1.766e+01 1.770e+01 1.773e+01 1.777e+01
 1.780e+01 1.784e+01 1.787e+01 1.791e+01 1.794e+01 1.798e+01 1.801e+01 1.805e+01
 1.809e+01 1.814e+01 1.818e+01 1.823e+01 1.828e+01 1.833e+01 1.839e+01 1.845e+01
 1.851e+01 1.858e+01 1.865e+01 1.872e+01 1.880e+01 1.888e+01 1.896e+01 1.904e+01
 1.913e+01 1.922e+01 1.932e+01 1.941e+01 1.951e+01 1.961e+01 1.971e+01 1.982e+01
 1.992e+01 2.003e+01 2.014e+01 2.025e+01 2.036e+01 2.048e+01 2.060e+01 2.072e+01
 2.084e+01 2.097e+01 2.110e+01 2.124e+01 2.137e+01 2.151e+01 2.165e+01 2.180e+01
 2.194e+01 2.209e+01 2.223e+01 2.237e+01 2.252e+01 2.265e+01 2.279e+01 2.292e+01
 2.304e+01 2.316e+01 2.327e+01 2.338e+01 2.349e+01 2.358e+01 2.368e+01 2.376e+01
 2.385e+01 2.392e+01 2.400e+01 2.407e+01 2.413e+01 2.419e+01 2.425e+01 2.431e+01
 2.436e+01 2.441e+01 2.445e+01 2.450e+01 2.454e+01 2.458e+01 2.462e+01 2.465e+01
 2.469e+01 2.472e+01 2.475e+01 2.478e+01 2.481e+01 2.483e+01 2.486e+01 2.488e+01
 2.491e+01 2.493e+01 2.495e+01 2.497e+01 2.499e+01 2.501e+01 2.503e+01 2.505e+01
 2.507e+01 2.509e+01 2.510e+01 2.512e+01 2.514e+01 2.515e+01 2.517e+01 2.518e+01
 2.520e+01 2.521e+01 2.523e+01 2.524e+01 2.526e+01 2.527e+01 2.528e+01 2.530e+01
 2.531e+01 2.533e+01 2.534e+01 2.535e+01 2.537e+01 2.538e+01 2.539e+01 2.541e+01
 2.542e+01 2.543e+01 2.545e+01 2.546e+01 2.547e+01 2.549e+01 2.550e+01 2.552e+01
 2.553e+01 2.554e+01 2.556e+01 2.557e+01 2.559e+01 2.560e+01 2.561e+01 2.563e+01
 2.564e+01 2.566e+01 2.567e+01 2.568e+01 2.570e+01 2.571e+01 2.573e+01 2.574e+01
 2.575e+01 2.577e+01 2.578e+01 2.579e+01 2.581e+01 2.582e+01 2.583e+01 2.584e+01
 2.586e+01 2.587e+01 2.588e+01 2.589e+01 2.590e+01 2.591e+01 2.593e+01 2.594e+01
 2.595e+01 2.596e+01 2.597e+01 2.598e+01 2.599e+01 2.600e+01 2.601e+01 2.602e+01
 2.602e+01 2.603e+01 2.604e+01 2.605e+01 2.606e+01 2.606e+01 2.607e+01 2.608e+01
 2.608e+01 2.609e+01 2.610e+01 2.610e+01 2.611e+01 2.611e+01 2.612e+01 2.612e+01
 2.612e+01 2.613e+01 2.613e+01 2.614e+01 2.614e+01 2.614e+01 2.615e+01 2.615e+01
 2.615e+01 2.615e+01 2.615e+01 2.616e+01 2.616e+01 2.616e+01 2.616e+01 2.616e+01
 2.616e+01 2.616e+01 2.616e+01 2.616e+01 2.616e+01 2.616e+01 2.616e+01 2.616e+01
 2.616e+01 2.616e+01 2.615e+01 2.615e+01 2.615e+01 2.615e+01 2.615e+01 2.614e+01
 2.614e+01 2.614e+01 2.613e+01 2.613e+01 2.613e+01 2.612e+01 2.612e+01 2.611e+01
 2.611e+01 2.610e+01 2.610e+01 2.609e+01 2.609e+01 2.608e+01 2.608e+01 2.607e+01
 2.607e+01 2.606e+01 2.606e+01 2.605e+01 2.605e+01 2.604e+01 2.604e+01 2.603e+01
 2.603e+01 2.602e+01 2.601e+01 2.601e+01 2.600e+01 2.600e+01 2.599e+01 2.598e+01
 2.598e+01 2.597e+01 2.596e+01 2.596e+01 2.595e+01 2.594e+01 2.594e+01 2.593e+01
 2.592e+01 2.591e+01 2.591e+01 2.590e+01 2.589e+01 2.589e+01 2.588e+01 2.587e+01
 2.586e+01 2.585e+01 2.585e+01 2.584e+01 2.583e+01 2.582e+01 2.581e+01 2.581e+01
 2.580e+01 2.579e+01 2.578e+01 2.577e+01 2.576e+01 2.576e+01 2.575e+01 2.574e+01
 2.573e+01 2.572e+01 2.571e+01 2.570e+01 2.569e+01 2.568e+01 2.568e+01 2.567e+01
 2.566e+01 2.565e+01 2.564e+01 2.563e+01 2.562e+01 2.561e+01 2.560e+01 2.559e+01
 2.558e+01 2.557e+01 2.556e+01 2.555e+01 2.554e+01 2.553e+01 2.552e+01 2.551e+01
<Z> for tau[ms]=  100.0
 5.424e-06 6.805e-06 8.534e-06 1.070e-05 1.341e-05 1.681e-05 2.107e-05 2.639e-05
 3.306e-05 4.139e-05 5.183e-05 6.487e-05 8.119e-05 1.016e-04 1.271e-04 1.590e-04
 1.988e-04 2.486e-04 3.108e-04 3.884e-04 4.854e-04 6.065e-04 7.576e-04 9.462e-04
 1.182e-03 1.475e-03 1.841e-03 2.298e-03 2.867e-03 3.576e-03 4.459e-03 5.558e-03
 6.926e-03 8.625e-03 1.074e-02 1.336e-02 1.660e-02 2.062e-02 2.558e-02 3.169e-02
 3.921e-02 4.840e-02 5.962e-02 7.323e-02 8.965e-02 1.093e-01 1.326e-01 1.600e-01
 1.918e-01 2.282e-01 2.692e-01 3.145e-01 3.636e-01 4.154e-01 4.685e-01 5.213e-01
 5.724e-01 6.205e-01 6.645e-01 7.040e-01 7.387e-01 7.687e-01 7.943e-01 8.163e-01
 8.355e-01 8.524e-01 8.676e-01 8.819e-01 8.957e-01 9.098e-01 9.249e-01 9.418e-01
 9.612e-01 9.843e-01 1.012e+00 1.045e+00 1.084e+00 1.130e+00 1.182e+00 1.240e+00
 1.302e+00 1.367e+00 1.431e+00 1.494e+00 1.553e+00 1.607e+00 1.656e+00 1.698e+00
 1.735e+00 1.766e+00 1.792e+00 1.814e+00 1.833e+00 1.850e+00 1.865e+00 1.879e+00
 1.892e+00 1.905e+00 1.918e+00 1.933e+00 1.948e+00 1.965e+00 1.984e+00 2.006e+00
 2.030e+00 2.058e+00 2.089e+00 2.123e+00 2.160e+00 2.199e+00 2.240e+00 2.283e+00
 2.326e+00 2.370e+00 2.414e+00 2.457e+00 2.500e+00 2.543e+00 2.585e+00 2.626e+00
 2.667e+00 2.707e+00 2.748e+00 2.788e+00 2.828e+00 2.868e+00 2.908e+00 2.948e+00
 2.990e+00 3.031e+00 3.073e+00 3.116e+00 3.159e+00 3.203e+00 3.247e+00 3.291e+00
 3.336e+00 3.381e+00 3.427e+00 3.473e+00 3.519e+00 3.566e+00 3.612e+00 3.659e+00
 3.706e+00 3.753e+00 3.800e+00 3.847e+00 3.895e+00 3.943e+00 3.990e+00 4.038e+00
 4.086e+00 4.134e+00 4.182e+00 4.230e+00 4.277e+00 4.324e+00 4.371e+00 4.418e+00
 4.464e+00 4.510e+00 4.556e+00 4.601e+00 4.647e+00 4.692e+00 4.737e+00 4.782e+00
 4.827e+00 4.872e+00 4.919e+00 4.965e+00 5.012e+00 5.061e+00 5.109e+00 5.159e+00
 5.210e+00 5.262e+00 5.315e+00 5.369e+00 5.424e+00 5.479e+00 5.535e+00 5.592e+00
 5.650e+00 5.708e+00 5.767e+00 5.826e+00 5.885e+00 5.944e+00 6.004e+00 6.063e+00
 6.122e+00 6.181e+00 6.240e+00 6.299e+00 6.357e+00 6.415e+00 6.473e+00 6.531e+00
 6.588e+00 6.645e+00 6.703e+00 6.760e+00 6.818e+00 6.876e+00 6.935e+00 6.994e+00
 7.055e+00 7.116e+00 7.178e+00 7.241e+00 7.304e+00 7.369e+00 7.434e+00 7.500e+00
 7.566e+00 7.633e+00 7.699e+00 7.766e+00 7.833e+00 7.899e+00 7.965e+00 8.029e+00
 8.094e+00 8.157e+00 8.219e+00 8.280e+00 8.341e+00 8.400e+00 8.459e+00 8.517e+00
 8.574e+00 8.631e+00 8.688e+00 8.745e+00 8.802e+00 8.860e+00 8.918e+00 8.977e+00
 9.037e+00 9.099e+00 9.163e+00 9.230e+00 9.299e+00 9.371e+00 9.448e+00 9.529e+00
 9.614e+00 9.706e+00 9.803e+00 9.906e+00 1.002e+01 1.014e+01 1.026e+01 1.039e+01
 1.053e+01 1.068e+01 1.084e+01 1.100e+01 1.117e+01 1.134e+01 1.152e+01 1.170e+01
 1.189e+01 1.209e+01 1.229e+01 1.251e+01 1.274e+01 1.300e+01 1.329e+01 1.362e+01
 1.399e+01 1.440e+01 1.483e+01 1.526e+01 1.568e+01 1.607e+01 1.640e+01 1.668e+01
 1.691e+01 1.710e+01 1.725e+01 1.737e+01 1.746e+01 1.754e+01 1.760e+01 1.766e+01
 1.770e+01 1.774e+01 1.778e+01 1.781e+01 1.785e+01 1.787e+01 1.790e+01 1.793e+01
 1.796e+01 1.799e+01 1.802e+01 1.805e+01 1.808e+01 1.812e+01 1.815e+01 1.819e+01
 1.823e+01 1.828e+01 1.832e+01 1.837e+01 1.843e+01 1.848e+01 1.854e+01 1.861e+01
 1.868e+01 1.875e+01 1.882e+01 1.890e+01 1.899e+01 1.907e+01 1.916e+01 1.926e+01
 1.936e+01 1.946e+01 1.956e+01 1.967e+01 1.977e+01 1.988e+01 2.000e+01 2.011e+01
 2.023e+01 2.035e+01 2.047e+01 2.059e+01 2.072e+01 2.085e+01 2.099e+01 2.113e+01
 2.128e+01 2.143e+01 2.159e+01 2.175e+01 2.193e+01 2.210e+01 2.228e+01 2.247e+01
 2.265e+01 2.284e+01 2.303e+01 2.321e+01 2.338e+01 2.355e+01 2.371e+01 2.386e+01
 2.401e+01 2.414e+01 2.426e+01 2.438e+01 2.448e+01 2.458e+01 2.466e+01 2.474e+01
 2.482e+01 2.489e+01 2.495e+01 2.501e+01 2.506e+01 2.511e+01 2.515e+01 2.519e+01
 2.523e+01 2.527e+01 2.530e+01 2.533e+01 2.536e+01 2.539e+01 2.541e+01 2.544e+01
 2.546e+01 2.548e+01 2.550e+01 2.552e+01 2.554e+01 2.556e+01 2.557e+01 2.559e+01
 2.561e+01 2.562e+01 2.564e+01 2.565e+01 2.566e+01 2.568e+01 2.569e+01 2.570e+01
 2.572e+01 2.573e+01 2.574e+01 2.575e+01 2.577e+01 2.578e+01 2.579e+01 2.580e+01
 2.582e+01 2.583e+01 2.584e+01 2.586e+01 2.587e+01 2.588e+01 2.590e+01 2.591e+01
 2.593e+01 2.594e+01 2.596e+01 2.597e+01 2.599e+01 2.600e+01 2.602e+01 2.604e+01
 2.605e+01 2.607e+01 2.609e+01 2.611e+01 2.613e+01 2.615e+01 2.617e+01 2.619e+01
 2.621e+01 2.623e+01 2.626e+01 2.628e+01 2.630e+01 2.632e+01 2.635e+01 2.637e+01
 2.640e+01 2.642e+01 2.645e+01 2.647e+01 2.650e+01 2.652e+01 2.655e+01 2.657e+01
 2.660e+01 2.662e+01 2.665e+01 2.667e+01 2.670e+01 2.672e+01 2.674e+01 2.677e+01
 2.679e+01 2.682e+01 2.684e+01 2.686e+01 2.689e+01 2.691e+01 2.693e+01 2.696e+01
 2.698e+01 2.700e+01 2.702e+01 2.704e+01 2.706e+01 2.708e+01 2.710e+01 2.712e+01
 2.714e+01 2.715e+01 2.717e+01 2.719e+01 2.721e+01 2.722e+01 2.724e+01 2.725e+01
 2.727e+01 2.728e+01 2.730e+01 2.731e+01 2.732e+01 2.734e+01 2.735e+01 2.736e+01
 2.737e+01 2.738e+01 2.739e+01 2.740e+01 2.741e+01 2.742e+01 2.743e+01 2.744e+01
 2.745e+01 2.746e+01 2.747e+01 2.748e+01 2.749e+01 2.750e+01 2.750e+01 2.751e+01
 2.752e+01 2.752e+01 2.753e+01 2.754e+01 2.754e+01 2.755e+01 2.755e+01 2.756e+01
 2.756e+01 2.757e+01 2.757e+01 2.758e+01 2.758e+01 2.759e+01 2.759e+01 2.759e+01
 2.760e+01 2.760e+01 2.761e+01 2.761e+01 2.761e+01 2.761e+01 2.762e+01 2.762e+01
 2.762e+01 2.762e+01 2.763e+01 2.763e+01 2.763e+01 2.763e+01 2.764e+01 2.764e+01
 2.764e+01 2.764e+01 2.765e+01 2.765e+01 2.765e+01 2.765e+01 2.766e+01 2.766e+01
 2.766e+01 2.766e+01 2.766e+01 2.767e+01 2.767e+01 2.767e+01 2.767e+01 2.767e+01
 2.767e+01 2.767e+01 2.767e+01 2.767e+01 2.768e+01 2.768e+01 2.768e+01 2.768e+01
 2.768e+01 2.768e+01 2.768e+01 2.768e+01 2.768e+01 2.768e+01 2.768e+01 2.768e+01
 2.768e+01 2.768e+01 2.768e+01 2.768e+01 2.768e+01 2.768e+01 2.768e+01 2.768e+01
 2.768e+01 2.768e+01 2.768e+01 2.768e+01 2.768e+01 2.768e+01 2.768e+01 2.768e+01
 2.768e+01 2.768e+01 2.767e+01 2.767e+01 2.767e+01 2.767e+01 2.767e+01 2.767e+01
 2.767e+01 2.767e+01 2.767e+01 2.767e+01 2.767e+01 2.767e+01 2.767e+01 2.766e+01
 2.766e+01 2.766e+01 2.766e+01 2.766e+01 2.766e+01 2.766e+01 2.766e+01 2.766e+01
<Z> for tau[ms]= 1000.0
 7.193e-06 8.951e-06 1.114e-05 1.386e-05 1.724e-05 2.146e-05 2.669e-05 3.321e-05
 4.132e-05 5.140e-05 6.394e-05 7.954e-05 9.894e-05 1.231e-04 1.531e-04 1.904e-04
 2.368e-04 2.945e-04 3.663e-04 4.555e-04 5.665e-04 7.044e-04 8.759e-04 1.089e-03
 1.354e-03 1.683e-03 2.092e-03 2.601e-03 3.232e-03 4.016e-03 4.988e-03 6.195e-03
 7.692e-03 9.546e-03 1.184e-02 1.468e-02 1.819e-02 2.252e-02 2.784e-02 3.439e-02
 4.240e-02 5.217e-02 6.405e-02 7.841e-02 9.566e-02 1.162e-01 1.405e-01 1.689e-01
 2.017e-01 2.391e-01 2.809e-01 3.268e-01 3.764e-01 4.283e-01 4.812e-01 5.336e-01
 5.840e-01 6.311e-01 6.742e-01 7.126e-01 7.462e-01 7.751e-01 7.999e-01 8.211e-01
 8.396e-01 8.559e-01 8.707e-01 8.846e-01 8.983e-01 9.123e-01 9.274e-01 9.444e-01
 9.642e-01 9.878e-01 1.016e+00 1.050e+00 1.090e+00 1.137e+00 1.191e+00 1.250e+00
 1.313e+00 1.378e+00 1.443e+00 1.506e+00 1.564e+00 1.617e+00 1.665e+00 1.706e+00
 1.742e+00 1.772e+00 1.798e+00 1.819e+00 1.838e+00 1.854e+00 1.868e+00 1.882e+00
 1.895e+00 1.908e+00 1.921e+00 1.935e+00 1.951e+00 1.968e+00 1.988e+00 2.010e+00
 2.035e+00 2.063e+00 2.095e+00 2.129e+00 2.167e+00 2.206e+00 2.248e+00 2.291e+00
 2.334e+00 2.378e+00 2.422e+00 2.465e+00 2.508e+00 2.550e+00 2.592e+00 2.633e+00
 2.674e+00 2.714e+00 2.755e+00 2.795e+00 2.835e+00 2.875e+00 2.915e+00 2.956e+00
 2.997e+00 3.039e+00 3.081e+00 3.123e+00 3.166e+00 3.210e+00 3.254e+00 3.298e+00
 3.343e+00 3.388e+00 3.434e+00 3.480e+00 3.526e+00 3.572e+00 3.618e+00 3.665e+00
 3.712e+00 3.759e+00 3.806e+00 3.853e+00 3.900e+00 3.948e+00 3.995e+00 4.043e+00
 4.091e+00 4.139e+00 4.186e+00 4.234e+00 4.281e+00 4.328e+00 4.375e+00 4.422e+00
 4.468e+00 4.514e+00 4.559e+00 4.604e+00 4.649e+00 4.694e+00 4.739e+00 4.784e+00
 4.830e+00 4.875e+00 4.921e+00 4.968e+00 5.015e+00 5.063e+00 5.112e+00 5.162e+00
 5.213e+00 5.265e+00 5.317e+00 5.371e+00 5.426e+00 5.482e+00 5.538e+00 5.595e+00
 5.653e+00 5.711e+00 5.769e+00 5.828e+00 5.887e+00 5.947e+00 6.006e+00 6.065e+00
 6.125e+00 6.184e+00 6.243e+00 6.301e+00 6.359e+00 6.417e+00 6.475e+00 6.533e+00
 6.590e+00 6.647e+00 6.705e+00 6.762e+00 6.820e+00 6.878e+00 6.937e+00 6.996e+00
 7.057e+00 7.118e+00 7.180e+00 7.243e+00 7.306e+00 7.371e+00 7.436e+00 7.502e+00
 7.568e+00 7.635e+00 7.702e+00 7.768e+00 7.835e+00 7.901e+00 7.967e+00 8.031e+00
 8.096e+00 8.159e+00 8.221e+00 8.282e+00 8.343e+00 8.402e+00 8.461e+00 8.519e+00
 8.576e+00 8.633e+00 8.690e+00 8.747e+00 8.804e+00 8.862e+00 8.920e+00 8.979e+00
 9.039e+00 9.101e+00 9.165e+00 9.231e+00 9.300e+00 9.373e+00 9.450e+00 9.530e+00
 9.616e+00 9.707e+00 9.805e+00 9.909e+00 1.002e+01 1.014e+01 1.026e+01 1.040e+01
 1.054e+01 1.069e+01 1.084e+01 1.100e+01 1.117e+01 1.135e+01 1.152e+01 1.171e+01
 1.190e+01 1.209e+01 1.230e+01 1.251e+01 1.275e+01 1.301e+01 1.331e+01 1.364e+01
 1.401e+01 1.443e+01 1.486e+01 1.531e+01 1.573e+01 1.611e+01 1.645e+01 1.673e+01
 1.696e+01 1.714e+01 1.729e+01 1.740e+01 1.749e+01 1.757e+01 1.763e+01 1.768e+01
 1.773e+01 1.777e+01 1.780e+01 1.783e+01 1.786e+01 1.789e+01 1.792e+01 1.795e+01
 1.798e+01 1.801e+01 1.804e+01 1.807e+01 1.810e+01 1.813e+01 1.817e+01 1.821e+01
 1.825e+01 1.829e+01 1.834e+01 1.839e+01 1.844e+01 1.850e+01 1.856e+01 1.862e+01
 1.869e+01 1.877e+01 1.884e+01 1.892e+01 1.901e+01 1.909e+01 1.919e+01 1.928e+01
 1.938e+01 1.948e+01 1.959e+01 1.969e+01 1.980e+01 1.991e+01 2.003e+01 2.014e+01
 2.026e+01 2.038e+01 2.051e+01 2.063e+01 2.076e+01 2.090e+01 2.104e+01 2.118e+01
 2.133e+01 2.149e+01 2.165e+01 2.182e+01 2.199e+01 2.217e+01 2.236e+01 2.255e+01
 2.275e+01 2.294e+01 2.313e+01 2.332e+01 2.350e+01 2.367e+01 2.384e+01 2.399e+01
 2.413e+01 2.427e+01 2.439e+01 2.450e+01 2.461e+01 2.470e+01 2.479e+01 2.487e+01
 2.494e+01 2.500e+01 2.506e+01 2.512e+01 2.517e+01 2.522e+01 2.526e+01 2.530e+01
 2.533e+01 2.537e+01 2.540e+01 2.543e+01 2.546e+01 2.548e+01 2.551e+01 2.553e+01
 2.555e+01 2.557e+01 2.559e+01 2.561e+01 2.562e+01 2.564e+01 2.566e+01 2.567e+01
 2.568e+01 2.570e+01 2.571e+01 2.573e+01 2.574e+01 2.575e+01 2.576e+01 2.578e+01
 2.579e+01 2.580e+01 2.581e+01 2.582e+01 2.584e+01 2.585e+01 2.586e+01 2.587e+01
 2.589e+01 2.590e+01 2.591e+01 2.592e+01 2.594e+01 2.595e+01 2.597e+01 2.598e+01
 2.599e+01 2.601e+01 2.603e+01 2.604e+01 2.606e+01 2.607e+01 2.609e+01 2.611e+01
 2.613e+01 2.615e+01 2.617e+01 2.619e+01 2.621e+01 2.623e+01 2.625e+01 2.627e+01
 2.629e+01 2.632e+01 2.634e+01 2.636e+01 2.639e+01 2.641e+01 2.644e+01 2.647e+01
 2.649e+01 2.652e+01 2.654e+01 2.657e+01 2.660e+01 2.663e+01 2.665e+01 2.668e+01
 2.671e+01 2.673e+01 2.676e+01 2.679e+01 2.682e+01 2.684e+01 2.687e+01 2.690e+01
 2.692e+01 2.695e+01 2.697e+01 2.700e+01 2.703e+01 2.705e+01 2.707e+01 2.710e+01
 2.712e+01 2.715e+01 2.717e+01 2.719e+01 2.721e+01 2.724e+01 2.726e+01 2.728e+01
 2.730e+01 2.732e+01 2.733e+01 2.735e+01 2.737e+01 2.739e+01 2.740e+01 2.742e+01
 2.744e+01 2.745e+01 2.747e+01 2.748e+01 2.750e+01 2.751e+01 2.752e+01 2.754e+01
 2.755e+01 2.756e+01 2.757e+01 2.759e+01 2.760e+01 2.761e+01 2.762e+01 2.763e+01
 2.764e+01 2.765e+01 2.766e+01 2.767e+01 2.768e+01 2.769e+01 2.769e+01 2.770e+01
 2.771e+01 2.772e+01 2.772e+01 2.773e+01 2.774e+01 2.774e+01 2.775e+01 2.776e+01
 2.776e+01 2.777e+01 2.777e+01 2.778e+01 2.778e+01 2.779e+01 2.779e+01 2.780e+01
 2.780e+01 2.781e+01 2.781e+01 2.782e+01 2.782e+01 2.783e+01 2.783e+01 2.783e+01
 2.783e+01 2.784e+01 2.784e+01 2.784e+01 2.785e+01 2.785e+01 2.785e+01 2.786e+01
 2.786e+01 2.787e+01 2.787e+01 2.787e+01 2.788e+01 2.788e+01 2.788e+01 2.789e+01
 2.789e+01 2.789e+01 2.790e+01 2.790e+01 2.790e+01 2.790e+01 2.791e+01 2.791e+01
 2.791e+01 2.791e+01 2.792e+01 2.792e+01 2.792e+01 2.792e+01 2.792e+01 2.792e+01
 2.793e+01 2.793e+01 2.793e+01 2.793e+01 2.793e+01 2.793e+01 2.793e+01 2.794e+01
 2.794e+01 2.794e+01 2.794e+01 2.794e+01 2.794e+01 2.794e+01 2.794e+01 2.794e+01
 2.794e+01 2.794e+01 2.795e+01 2.795e+01 2.795e+01 2.795e+01 2.795e+01 2.795e+01
 2.795e+01 2.795e+01 2.795e+01 2.795e+01 2.795e+01 2.795e+01 2.795e+01 2.795e+01
 2.795e+01 2.795e+01 2.795e+01 2.795e+01 2.795e+01 2.795e+01 2.796e+01 2.796e+01
 2.796e+01 2.796e+01 2.796e+01 2.796e+01 2.796e+01 2.796e+01 2.796e+01 2.796e+01
<Z> in equilibrium - infinite confinement
 7.463e-06 9.275e-06 1.153e-05 1.433e-05 1.781e-05 2.213e-05 2.751e-05 3.419e-05
 4.250e-05 5.282e-05 6.565e-05 8.159e-05 1.014e-04 1.260e-04 1.566e-04 1.947e-04
 2.420e-04 3.007e-04 3.737e-04 4.645e-04 5.772e-04 7.173e-04 8.914e-04 1.108e-03
 1.376e-03 1.710e-03 2.125e-03 2.639e-03 3.278e-03 4.071e-03 5.055e-03 6.275e-03
 7.788e-03 9.661e-03 1.198e-02 1.485e-02 1.839e-02 2.275e-02 2.812e-02 3.471e-02
 4.278e-02 5.263e-02 6.459e-02 7.903e-02 9.638e-02 1.171e-01 1.415e-01 1.700e-01
 2.029e-01 2.403e-01 2.822e-01 3.283e-01 3.778e-01 4.298e-01 4.827e-01 5.350e-01
 5.853e-01 6.323e-01 6.752e-01 7.135e-01 7.470e-01 7.759e-01 8.005e-01 8.217e-01
 8.400e-01 8.563e-01 8.711e-01 8.850e-01 8.986e-01 9.126e-01 9.277e-01 9.447e-01
 9.646e-01 9.882e-01 1.017e+00 1.051e+00 1.091e+00 1.138e+00 1.192e+00 1.251e+00
 1.314e+00 1.379e+00 1.444e+00 1.507e+00 1.565e+00 1.619e+00 1.666e+00 1.707e+00
 1.743e+00 1.773e+00 1.798e+00 1.820e+00 1.838e+00 1.854e+00 1.869e+00 1.882e+00
 1.895e+00 1.908e+00 1.921e+00 1.936e+00 1.951e+00 1.969e+00 1.988e+00 2.010e+00
 2.035e+00 2.064e+00 2.095e+00 2.130e+00 2.167e+00 2.207e+00 2.249e+00 2.292e+00
 2.335e+00 2.379e+00 2.423e+00 2.466e+00 2.509e+00 2.551e+00 2.593e+00 2.634e+00
 2.675e+00 2.715e+00 2.756e+00 2.796e+00 2.836e+00 2.876e+00 2.916e+00 2.957e+00
 2.998e+00 3.040e+00 3.082e+00 3.124e+00 3.167e+00 3.211e+00 3.255e+00 3.299e+00
 3.344e+00 3.389e+00 3.435e+00 3.480e+00 3.526e+00 3.573e+00 3.619e+00 3.666e+00
 3.712e+00 3.759e+00 3.806e+00 3.853e+00 3.901e+00 3.948e+00 3.996e+00 4.044e+00
 4.091e+00 4.139e+00 4.187e+00 4.234e+00 4.282e+00 4.329e+00 4.375e+00 4.422e+00
 4.468e+00 4.514e+00 4.560e+00 4.605e+00 4.650e+00 4.695e+00 4.740e+00 4.785e+00
 4.830e+00 4.875e+00 4.921e+00 4.968e+00 5.015e+00 5.063e+00 5.112e+00 5.162e+00
 5.213e+00 5.265e+00 5.318e+00 5.372e+00 5.426e+00 5.482e+00 5.538e+00 5.595e+00
 5.653e+00 5.711e+00 5.770e+00 5.828e+00 5.888e+00 5.947e+00 6.006e+00 6.066e+00
 6.125e+00 6.184e+00 6.243e+00 6.301e+00 6.360e+00 6.418e+00 6.475e+00 6.533e+00
 6.590e+00 6.648e+00 6.705e+00 6.762e+00 6.820e+00 6.878e+00 6.937e+00 6.997e+00
 7.057e+00 7.118e+00 7.180e+00 7.243e+00 7.306e+00 7.371e+00 7.436e+00 7.502e+00
 7.568e+00 7.635e+00 7.702e+00 7.768e+00 7.835e+00 7.901e+00 7.967e+00 8.032e+00
 8.096e+00 8.159e+00 8.221e+00 8.282e+00 8.343e+00 8.402e+00 8.461e+00 8.519e+00
 8.576e+00 8.633e+00 8.690e+00 8.747e+00 8.804e+00 8.862e+00 8.920e+00 8.979e+00
 9.039e+00 9.101e+00 9.165e+00 9.231e+00 9.301e+00 9.373e+00 9.450e+00 9.531e+00
 9.616e+00 9.708e+00 9.805e+00 9.909e+00 1.002e+01 1.014e+01 1.026e+01 1.040e+01
 1.054e+01 1.069e+01 1.084e+01 1.100e+01 1.117e+01 1.135e+01 1.152e+01 1.171e+01
 1.190e+01 1.209e+01 1.230e+01 1.252e+01 1.275e+01 1.301e+01 1.331e+01 1.364e+01
 1.402e+01 1.443e+01 1.487e+01 1.531e+01 1.573e+01 1.612e+01 1.645e+01 1.673e+01
 1.696e+01 1.714e+01 1.729e+01 1.741e+01 1.750e+01 1.757e+01 1.764e+01 1.769e+01
 1.773e+01 1.777e+01 1.781e+01 1.784e+01 1.787e+01 1.790e+01 1.792e+01 1.795e+01
 1.798e+01 1.801e+01 1.804e+01 1.807e+01 1.810e+01 1.813e+01 1.817e+01 1.821e+01
 1.825e+01 1.829e+01 1.834e+01 1.839e+01 1.844e+01 1.850e+01 1.856e+01 1.863e+01
 1.870e+01 1.877e+01 1.884e+01 1.892e+01 1.901e+01 1.910e+01 1.919e+01 1.928e+01
 1.938e+01 1.948e+01 1.959e+01 1.970e+01 1.981e+01 1.992e+01 2.003e+01 2.015e+01
 2.027e+01 2.039e+01 2.051e+01 2.064e+01 2.077e+01 2.090e+01 2.104e+01 2.119e+01
 2.134e+01 2.149e+01 2.165e+01 2.182e+01 2.200e+01 2.218e+01 2.237e+01 2.256e+01
 2.276e+01 2.295e+01 2.314e+01 2.333e+01 2.351e+01 2.368e+01 2.385e+01 2.400e+01
 2.415e+01 2.428e+01 2.440e+01 2.452e+01 2.462e+01 2.472e+01 2.480e+01 2.488e+01
 2.495e+01 2.502e+01 2.508e+01 2.513e+01 2.518e+01 2.523e+01 2.527e+01 2.531e+01
 2.535e+01 2.538e+01 2.541e+01 2.544e+01 2.547e+01 2.549e+01 2.552e+01 2.554e+01
 2.556e+01 2.558e+01 2.560e+01 2.562e+01 2.563e+01 2.565e+01 2.566e+01 2.568e+01
 2.569e+01 2.571e+01 2.572e+01 2.573e+01 2.575e+01 2.576e+01 2.577e+01 2.578e+01
 2.580e+01 2.581e+01 2.582e+01 2.583e+01 2.584e+01 2.586e+01 2.587e+01 2.588e+01
 2.589e+01 2.591e+01 2.592e+01 2.593e+01 2.595e+01 2.596e+01 2.597e+01 2.599e+01
 2.600e+01 2.602e+01 2.603e+01 2.605e+01 2.607e+01 2.608e+01 2.610e+01 2.612e+01
 2.614e+01 2.615e+01 2.617e+01 2.619e+01 2.621e+01 2.624e+01 2.626e+01 2.628e+01
 2.630e+01 2.633e+01 2.635e+01 2.637e+01 2.640e+01 2.642e+01 2.645e+01 2.648e+01
 2.650e+01 2.653e+01 2.656e+01 2.658e+01 2.661e+01 2.664e+01 2.667e+01 2.669e+01
 2.672e+01 2.675e+01 2.678e+01 2.680e+01 2.683e+01 2.686e+01 2.688e+01 2.691e+01
 2.694e+01 2.696e+01 2.699e+01 2.702e+01 2.704e+01 2.707e+01 2.709e+01 2.712e+01
 2.714e+01 2.716e+01 2.719e+01 2.721e+01 2.723e+01 2.725e+01 2.727e+01 2.729e+01
 2.731e+01 2.733e+01 2.735e+01 2.737e+01 2.739e+01 2.741e+01 2.742e+01 2.744e+01
 2.746e+01 2.747e+01 2.749e+01 2.750e+01 2.752e+01 2.753e+01 2.755e+01 2.756e+01
 2.757e+01 2.758e+01 2.760e+01 2.761e+01 2.762e+01 2.763e+01 2.764e+01 2.765e+01
 2.766e+01 2.767e+01 2.768e+01 2.769e+01 2.770e+01 2.771e+01 2.772e+01 2.772e+01
 2.773e+01 2.774e+01 2.775e+01 2.775e+01 2.776e+01 2.777e+01 2.777e+01 2.778e+01
 2.779e+01 2.779e+01 2.780e+01 2.780e+01 2.781e+01 2.781e+01 2.782e+01 2.782e+01
 2.783e+01 2.783e+01 2.784e+01 2.784e+01 2.785e+01 2.785e+01 2.785e+01 2.786e+01
 2.786e+01 2.786e+01 2.787e+01 2.787e+01 2.787e+01 2.788e+01 2.788e+01 2.788e+01
 2.789e+01 2.789e+01 2.789e+01 2.790e+01 2.790e+01 2.790e+01 2.790e+01 2.791e+01
 2.791e+01 2.791e+01 2.791e+01 2.791e+01 2.792e+01 2.792e+01 2.792e+01 2.792e+01
 2.792e+01 2.793e+01 2.793e+01 2.793e+01 2.793e+01 2.793e+01 2.794e+01 2.794e+01
 2.794e+01 2.794e+01 2.794e+01 2.794e+01 2.794e+01 2.795e+01 2.795e+01 2.795e+01
 2.795e+01 2.795e+01 2.795e+01 2.795e+01 2.796e+01 2.796e+01 2.796e+01 2.796e+01
 2.796e+01 2.796e+01 2.796e+01 2.796e+01 2.796e+01 2.796e+01 2.797e+01 2.797e+01
 2.797e+01 2.797e+01 2.797e+01 2.797e+01 2.797e+01 2.797e+01 2.797e+01 2.797e+01
 2.797e+01 2.797e+01 2.797e+01 2.798e+01 2.798e+01 2.798e+01 2.798e+01 2.798e+01
 2.798e+01 2.798e+01 2.798e+01 2.798e+01 2.798e+01 2.798e+01 2.798e+01 2.798e+01
C-------------------------------------------------------------------------------
C
C  The fractional abundance and radiated power were generated from the
C  ADAS installation at UKAEA with the named adf11 files. The adf11 data
C  files may be updated in a later release of ADAS and publicly
C  available versions may be found at https://open.adas.ac.uk/.
C
C  The equilibrium balance data was produced with run_adas405.py and
C  the balance with a confinement time with adas4xx_ionbal_tau.py
C  which are functions from the ADAS library. Details on these codes
C  may be found at: https://www.adas.ac.uk/python_lib/index.html
C
C  Copyright (C) 2023 UK Atomic Energy Authority
C
C  This file was generated for use in the UKAEA systems code PROCESS
C  using a script written by Martin O'Mullane.
C  If acquired without provenance a user is strongly advised
C  to check its validity by re-generating using the adf11 files from
C  the OPEN-ADAS site.
C
C  Produced by : Timothy Nunn
C  Date        : 29-07-26
C
C-------------------------------------------------------------------------------
