Mean quadratic charge as a function dwell time.
Temperature :      0.2 - 500000.0 eV
Density     : 1.00e+20 m-3
   600     5  # Te values, dwell time

Source data:
acd : /home/adas/adas/adf11/acd85/acd85_ni.dat
scd : /home/adas/adas/adf11/scd85/scd85_ni.dat
plt : /home/adas/adas/adf11/plt89/plt89_ni.dat
prb : /home/adas/adas/adf11/prb89/prb89_ni.dat

Te[eV]
 2.500e-01 2.561e-01 2.624e-01 2.688e-01 2.754e-01 2.822e-01 2.891e-01 2.962e-01
 3.035e-01 3.109e-01 3.185e-01 3.263e-01 3.343e-01 3.425e-01 3.509e-01 3.595e-01
 3.683e-01 3.774e-01 3.866e-01 3.961e-01 4.058e-01 4.158e-01 4.260e-01 4.364e-01
 4.471e-01 4.581e-01 4.693e-01 4.808e-01 4.926e-01 5.047e-01 5.170e-01 5.297e-01
 5.427e-01 5.560e-01 5.696e-01 5.836e-01 5.979e-01 6.126e-01 6.276e-01 6.430e-01
 6.587e-01 6.749e-01 6.914e-01 7.084e-01 7.257e-01 7.435e-01 7.618e-01 7.804e-01
 7.996e-01 8.192e-01 8.393e-01 8.598e-01 8.809e-01 9.025e-01 9.247e-01 9.473e-01
 9.706e-01 9.943e-01 1.019e+00 1.044e+00 1.069e+00 1.096e+00 1.122e+00 1.150e+00
 1.178e+00 1.207e+00 1.237e+00 1.267e+00 1.298e+00 1.330e+00 1.362e+00 1.396e+00
 1.430e+00 1.465e+00 1.501e+00 1.538e+00 1.575e+00 1.614e+00 1.654e+00 1.694e+00
 1.736e+00 1.778e+00 1.822e+00 1.867e+00 1.912e+00 1.959e+00 2.007e+00 2.056e+00
 2.107e+00 2.159e+00 2.211e+00 2.266e+00 2.321e+00 2.378e+00 2.436e+00 2.496e+00
 2.557e+00 2.620e+00 2.684e+00 2.750e+00 2.818e+00 2.887e+00 2.957e+00 3.030e+00
 3.104e+00 3.180e+00 3.258e+00 3.338e+00 3.420e+00 3.504e+00 3.590e+00 3.678e+00
 3.768e+00 3.860e+00 3.955e+00 4.052e+00 4.151e+00 4.253e+00 4.357e+00 4.464e+00
 4.574e+00 4.686e+00 4.801e+00 4.918e+00 5.039e+00 5.162e+00 5.289e+00 5.419e+00
 5.551e+00 5.688e+00 5.827e+00 5.970e+00 6.116e+00 6.266e+00 6.420e+00 6.577e+00
 6.738e+00 6.904e+00 7.073e+00 7.246e+00 7.424e+00 7.606e+00 7.792e+00 7.983e+00
 8.179e+00 8.380e+00 8.585e+00 8.796e+00 9.011e+00 9.232e+00 9.459e+00 9.691e+00
 9.928e+00 1.017e+01 1.042e+01 1.068e+01 1.094e+01 1.121e+01 1.148e+01 1.176e+01
 1.205e+01 1.235e+01 1.265e+01 1.296e+01 1.328e+01 1.360e+01 1.394e+01 1.428e+01
 1.463e+01 1.499e+01 1.535e+01 1.573e+01 1.612e+01 1.651e+01 1.692e+01 1.733e+01
 1.776e+01 1.819e+01 1.864e+01 1.909e+01 1.956e+01 2.004e+01 2.053e+01 2.104e+01
 2.155e+01 2.208e+01 2.262e+01 2.318e+01 2.374e+01 2.433e+01 2.492e+01 2.553e+01
 2.616e+01 2.680e+01 2.746e+01 2.813e+01 2.882e+01 2.953e+01 3.025e+01 3.099e+01
 3.175e+01 3.253e+01 3.333e+01 3.415e+01 3.498e+01 3.584e+01 3.672e+01 3.762e+01
 3.854e+01 3.949e+01 4.046e+01 4.145e+01 4.246e+01 4.351e+01 4.457e+01 4.566e+01
 4.678e+01 4.793e+01 4.911e+01 5.031e+01 5.154e+01 5.281e+01 5.410e+01 5.543e+01
 5.679e+01 5.818e+01 5.961e+01 6.107e+01 6.256e+01 6.410e+01 6.567e+01 6.728e+01
 6.893e+01 7.062e+01 7.235e+01 7.412e+01 7.594e+01 7.780e+01 7.971e+01 8.167e+01
 8.367e+01 8.572e+01 8.782e+01 8.997e+01 9.218e+01 9.444e+01 9.676e+01 9.913e+01
 1.016e+02 1.040e+02 1.066e+02 1.092e+02 1.119e+02 1.146e+02 1.174e+02 1.203e+02
 1.233e+02 1.263e+02 1.294e+02 1.326e+02 1.358e+02 1.391e+02 1.426e+02 1.461e+02
 1.496e+02 1.533e+02 1.571e+02 1.609e+02 1.649e+02 1.689e+02 1.730e+02 1.773e+02
 1.816e+02 1.861e+02 1.906e+02 1.953e+02 2.001e+02 2.050e+02 2.100e+02 2.152e+02
 2.205e+02 2.259e+02 2.314e+02 2.371e+02 2.429e+02 2.488e+02 2.549e+02 2.612e+02
 2.676e+02 2.742e+02 2.809e+02 2.878e+02 2.948e+02 3.021e+02 3.095e+02 3.170e+02
 3.248e+02 3.328e+02 3.409e+02 3.493e+02 3.579e+02 3.666e+02 3.756e+02 3.848e+02
 3.943e+02 4.039e+02 4.138e+02 4.240e+02 4.344e+02 4.450e+02 4.559e+02 4.671e+02
 4.786e+02 4.903e+02 5.023e+02 5.146e+02 5.273e+02 5.402e+02 5.534e+02 5.670e+02
 5.809e+02 5.951e+02 6.097e+02 6.247e+02 6.400e+02 6.557e+02 6.718e+02 6.882e+02
 7.051e+02 7.224e+02 7.401e+02 7.582e+02 7.768e+02 7.959e+02 8.154e+02 8.354e+02
 8.559e+02 8.769e+02 8.984e+02 9.204e+02 9.429e+02 9.661e+02 9.897e+02 1.014e+03
 1.039e+03 1.064e+03 1.090e+03 1.117e+03 1.145e+03 1.173e+03 1.201e+03 1.231e+03
 1.261e+03 1.292e+03 1.324e+03 1.356e+03 1.389e+03 1.423e+03 1.458e+03 1.494e+03
 1.531e+03 1.568e+03 1.607e+03 1.646e+03 1.686e+03 1.728e+03 1.770e+03 1.813e+03
 1.858e+03 1.903e+03 1.950e+03 1.998e+03 2.047e+03 2.097e+03 2.149e+03 2.201e+03
 2.255e+03 2.310e+03 2.367e+03 2.425e+03 2.485e+03 2.546e+03 2.608e+03 2.672e+03
 2.737e+03 2.804e+03 2.873e+03 2.944e+03 3.016e+03 3.090e+03 3.166e+03 3.243e+03
 3.323e+03 3.404e+03 3.488e+03 3.573e+03 3.661e+03 3.750e+03 3.842e+03 3.937e+03
 4.033e+03 4.132e+03 4.233e+03 4.337e+03 4.443e+03 4.552e+03 4.664e+03 4.778e+03
 4.895e+03 5.015e+03 5.138e+03 5.264e+03 5.393e+03 5.526e+03 5.661e+03 5.800e+03
 5.942e+03 6.088e+03 6.237e+03 6.390e+03 6.547e+03 6.707e+03 6.872e+03 7.040e+03
 7.213e+03 7.390e+03 7.571e+03 7.756e+03 7.947e+03 8.141e+03 8.341e+03 8.545e+03
 8.755e+03 8.970e+03 9.190e+03 9.415e+03 9.646e+03 9.882e+03 1.012e+04 1.037e+04
 1.063e+04 1.089e+04 1.115e+04 1.143e+04 1.171e+04 1.200e+04 1.229e+04 1.259e+04
 1.290e+04 1.322e+04 1.354e+04 1.387e+04 1.421e+04 1.456e+04 1.492e+04 1.528e+04
 1.566e+04 1.604e+04 1.643e+04 1.684e+04 1.725e+04 1.767e+04 1.811e+04 1.855e+04
 1.901e+04 1.947e+04 1.995e+04 2.044e+04 2.094e+04 2.145e+04 2.198e+04 2.252e+04
 2.307e+04 2.363e+04 2.421e+04 2.481e+04 2.542e+04 2.604e+04 2.668e+04 2.733e+04
 2.800e+04 2.869e+04 2.939e+04 3.011e+04 3.085e+04 3.161e+04 3.238e+04 3.318e+04
 3.399e+04 3.482e+04 3.568e+04 3.655e+04 3.745e+04 3.836e+04 3.931e+04 4.027e+04
 4.126e+04 4.227e+04 4.330e+04 4.437e+04 4.545e+04 4.657e+04 4.771e+04 4.888e+04
 5.008e+04 5.131e+04 5.256e+04 5.385e+04 5.517e+04 5.652e+04 5.791e+04 5.933e+04
 6.078e+04 6.228e+04 6.380e+04 6.537e+04 6.697e+04 6.861e+04 7.029e+04 7.202e+04
 7.378e+04 7.559e+04 7.744e+04 7.934e+04 8.129e+04 8.328e+04 8.532e+04 8.741e+04
 8.956e+04 9.175e+04 9.400e+04 9.631e+04 9.867e+04 1.011e+05 1.036e+05 1.061e+05
 1.087e+05 1.114e+05 1.141e+05 1.169e+05 1.198e+05 1.227e+05 1.257e+05 1.288e+05
 1.320e+05 1.352e+05 1.385e+05 1.419e+05 1.454e+05 1.489e+05 1.526e+05 1.563e+05
 1.602e+05 1.641e+05 1.681e+05 1.722e+05 1.765e+05 1.808e+05 1.852e+05 1.898e+05
 1.944e+05 1.992e+05 2.041e+05 2.091e+05 2.142e+05 2.194e+05 2.248e+05 2.303e+05
 2.360e+05 2.418e+05 2.477e+05 2.538e+05 2.600e+05 2.664e+05 2.729e+05 2.796e+05
 2.864e+05 2.935e+05 3.007e+05 3.080e+05 3.156e+05 3.233e+05 3.312e+05 3.394e+05
 3.477e+05 3.562e+05 3.649e+05 3.739e+05 3.831e+05 3.924e+05 4.021e+05 4.119e+05
 4.220e+05 4.324e+05 4.430e+05 4.538e+05 4.650e+05 4.764e+05 4.880e+05 5.000e+05
sqrt(<Z^2>) for tau[ms]=    0.1
 1.407e-04 1.596e-04 1.810e-04 2.053e-04 2.328e-04 2.640e-04 2.994e-04 3.395e-04
 3.850e-04 4.367e-04 4.952e-04 5.616e-04 6.369e-04 7.222e-04 8.191e-04 9.289e-04
 1.053e-03 1.195e-03 1.355e-03 1.536e-03 1.742e-03 1.976e-03 2.240e-03 2.541e-03
 2.881e-03 3.267e-03 3.705e-03 4.202e-03 4.765e-03 5.403e-03 6.127e-03 6.948e-03
 7.878e-03 8.934e-03 1.013e-02 1.149e-02 1.303e-02 1.477e-02 1.675e-02 1.899e-02
 2.153e-02 2.442e-02 2.768e-02 3.139e-02 3.558e-02 4.034e-02 4.573e-02 5.184e-02
 5.876e-02 6.659e-02 7.545e-02 8.548e-02 9.682e-02 1.096e-01 1.239e-01 1.399e-01
 1.577e-01 1.773e-01 1.988e-01 2.222e-01 2.474e-01 2.742e-01 3.026e-01 3.323e-01
 3.633e-01 3.952e-01 4.279e-01 4.611e-01 4.945e-01 5.279e-01 5.609e-01 5.933e-01
 6.249e-01 6.554e-01 6.848e-01 7.129e-01 7.396e-01 7.651e-01 7.894e-01 8.126e-01
 8.350e-01 8.566e-01 8.778e-01 8.988e-01 9.199e-01 9.413e-01 9.634e-01 9.864e-01
 1.010e+00 1.036e+00 1.062e+00 1.089e+00 1.118e+00 1.148e+00 1.179e+00 1.212e+00
 1.246e+00 1.281e+00 1.318e+00 1.356e+00 1.396e+00 1.436e+00 1.477e+00 1.517e+00
 1.556e+00 1.593e+00 1.629e+00 1.663e+00 1.695e+00 1.725e+00 1.753e+00 1.779e+00
 1.803e+00 1.826e+00 1.849e+00 1.870e+00 1.892e+00 1.914e+00 1.936e+00 1.959e+00
 1.983e+00 2.008e+00 2.035e+00 2.064e+00 2.094e+00 2.126e+00 2.159e+00 2.194e+00
 2.231e+00 2.268e+00 2.307e+00 2.346e+00 2.385e+00 2.425e+00 2.465e+00 2.504e+00
 2.543e+00 2.582e+00 2.620e+00 2.658e+00 2.696e+00 2.734e+00 2.772e+00 2.810e+00
 2.848e+00 2.887e+00 2.927e+00 2.967e+00 3.009e+00 3.051e+00 3.094e+00 3.137e+00
 3.181e+00 3.226e+00 3.272e+00 3.318e+00 3.365e+00 3.411e+00 3.459e+00 3.506e+00
 3.554e+00 3.603e+00 3.651e+00 3.700e+00 3.749e+00 3.799e+00 3.849e+00 3.898e+00
 3.948e+00 3.999e+00 4.049e+00 4.099e+00 4.149e+00 4.198e+00 4.248e+00 4.297e+00
 4.346e+00 4.395e+00 4.444e+00 4.493e+00 4.542e+00 4.590e+00 4.639e+00 4.688e+00
 4.738e+00 4.787e+00 4.837e+00 4.888e+00 4.939e+00 4.990e+00 5.042e+00 5.094e+00
 5.147e+00 5.200e+00 5.253e+00 5.307e+00 5.362e+00 5.417e+00 5.472e+00 5.528e+00
 5.583e+00 5.639e+00 5.696e+00 5.752e+00 5.809e+00 5.866e+00 5.923e+00 5.980e+00
 6.038e+00 6.095e+00 6.153e+00 6.211e+00 6.269e+00 6.328e+00 6.386e+00 6.445e+00
 6.504e+00 6.563e+00 6.623e+00 6.682e+00 6.742e+00 6.802e+00 6.862e+00 6.923e+00
 6.983e+00 7.044e+00 7.105e+00 7.166e+00 7.227e+00 7.288e+00 7.349e+00 7.409e+00
 7.470e+00 7.531e+00 7.592e+00 7.652e+00 7.713e+00 7.773e+00 7.834e+00 7.894e+00
 7.955e+00 8.015e+00 8.076e+00 8.136e+00 8.198e+00 8.259e+00 8.321e+00 8.384e+00
 8.448e+00 8.512e+00 8.578e+00 8.644e+00 8.712e+00 8.781e+00 8.851e+00 8.923e+00
 8.997e+00 9.071e+00 9.148e+00 9.225e+00 9.305e+00 9.385e+00 9.467e+00 9.550e+00
 9.635e+00 9.720e+00 9.806e+00 9.894e+00 9.982e+00 1.007e+01 1.016e+01 1.025e+01
 1.034e+01 1.043e+01 1.052e+01 1.061e+01 1.071e+01 1.080e+01 1.089e+01 1.098e+01
 1.108e+01 1.117e+01 1.126e+01 1.136e+01 1.145e+01 1.154e+01 1.164e+01 1.173e+01
 1.182e+01 1.191e+01 1.201e+01 1.210e+01 1.219e+01 1.227e+01 1.236e+01 1.245e+01
 1.253e+01 1.262e+01 1.270e+01 1.278e+01 1.286e+01 1.294e+01 1.302e+01 1.310e+01
 1.317e+01 1.324e+01 1.332e+01 1.339e+01 1.345e+01 1.352e+01 1.359e+01 1.365e+01
 1.371e+01 1.377e+01 1.383e+01 1.389e+01 1.394e+01 1.400e+01 1.405e+01 1.410e+01
 1.416e+01 1.420e+01 1.425e+01 1.430e+01 1.435e+01 1.439e+01 1.443e+01 1.448e+01
 1.452e+01 1.456e+01 1.460e+01 1.463e+01 1.467e+01 1.471e+01 1.474e+01 1.478e+01
 1.481e+01 1.485e+01 1.488e+01 1.491e+01 1.494e+01 1.497e+01 1.500e+01 1.503e+01
 1.506e+01 1.509e+01 1.511e+01 1.514e+01 1.517e+01 1.519e+01 1.522e+01 1.524e+01
 1.526e+01 1.528e+01 1.531e+01 1.533e+01 1.535e+01 1.537e+01 1.539e+01 1.541e+01
 1.542e+01 1.544e+01 1.546e+01 1.548e+01 1.549e+01 1.551e+01 1.553e+01 1.554e+01
 1.556e+01 1.557e+01 1.558e+01 1.560e+01 1.561e+01 1.562e+01 1.563e+01 1.564e+01
 1.565e+01 1.566e+01 1.567e+01 1.568e+01 1.569e+01 1.570e+01 1.570e+01 1.571e+01
 1.572e+01 1.572e+01 1.573e+01 1.573e+01 1.574e+01 1.574e+01 1.574e+01 1.574e+01
 1.575e+01 1.575e+01 1.575e+01 1.575e+01 1.575e+01 1.575e+01 1.575e+01 1.575e+01
 1.575e+01 1.575e+01 1.574e+01 1.574e+01 1.574e+01 1.573e+01 1.573e+01 1.572e+01
 1.571e+01 1.571e+01 1.570e+01 1.569e+01 1.569e+01 1.568e+01 1.567e+01 1.566e+01
 1.565e+01 1.564e+01 1.563e+01 1.562e+01 1.561e+01 1.560e+01 1.559e+01 1.558e+01
 1.557e+01 1.556e+01 1.554e+01 1.553e+01 1.552e+01 1.550e+01 1.549e+01 1.547e+01
 1.546e+01 1.544e+01 1.543e+01 1.541e+01 1.539e+01 1.538e+01 1.536e+01 1.534e+01
 1.532e+01 1.531e+01 1.529e+01 1.527e+01 1.525e+01 1.523e+01 1.521e+01 1.519e+01
 1.516e+01 1.514e+01 1.512e+01 1.510e+01 1.508e+01 1.506e+01 1.503e+01 1.501e+01
 1.499e+01 1.496e+01 1.494e+01 1.492e+01 1.489e+01 1.487e+01 1.484e+01 1.482e+01
 1.479e+01 1.477e+01 1.474e+01 1.471e+01 1.469e+01 1.466e+01 1.463e+01 1.461e+01
 1.458e+01 1.455e+01 1.452e+01 1.449e+01 1.446e+01 1.444e+01 1.441e+01 1.438e+01
 1.435e+01 1.432e+01 1.429e+01 1.426e+01 1.423e+01 1.420e+01 1.417e+01 1.414e+01
 1.411e+01 1.408e+01 1.404e+01 1.401e+01 1.398e+01 1.395e+01 1.392e+01 1.388e+01
 1.385e+01 1.382e+01 1.378e+01 1.375e+01 1.372e+01 1.368e+01 1.365e+01 1.362e+01
 1.358e+01 1.355e+01 1.351e+01 1.348e+01 1.345e+01 1.341e+01 1.338e+01 1.334e+01
 1.331e+01 1.327e+01 1.324e+01 1.320e+01 1.317e+01 1.313e+01 1.309e+01 1.306e+01
 1.302e+01 1.298e+01 1.295e+01 1.291e+01 1.287e+01 1.284e+01 1.280e+01 1.276e+01
 1.272e+01 1.269e+01 1.265e+01 1.261e+01 1.257e+01 1.254e+01 1.250e+01 1.246e+01
 1.242e+01 1.238e+01 1.235e+01 1.231e+01 1.227e+01 1.223e+01 1.219e+01 1.216e+01
 1.212e+01 1.208e+01 1.204e+01 1.200e+01 1.196e+01 1.192e+01 1.189e+01 1.185e+01
 1.181e+01 1.177e+01 1.173e+01 1.169e+01 1.165e+01 1.162e+01 1.158e+01 1.154e+01
 1.150e+01 1.146e+01 1.142e+01 1.138e+01 1.134e+01 1.130e+01 1.127e+01 1.123e+01
 1.119e+01 1.115e+01 1.111e+01 1.107e+01 1.103e+01 1.099e+01 1.095e+01 1.091e+01
 1.087e+01 1.084e+01 1.080e+01 1.076e+01 1.072e+01 1.068e+01 1.064e+01 1.060e+01
 1.056e+01 1.052e+01 1.048e+01 1.044e+01 1.040e+01 1.036e+01 1.033e+01 1.029e+01
 1.025e+01 1.021e+01 1.017e+01 1.013e+01 1.009e+01 1.005e+01 1.001e+01 9.972e+00
sqrt(<Z^2>) for tau[ms]=    1.0
 4.398e-04 4.986e-04 5.652e-04 6.407e-04 7.263e-04 8.233e-04 9.332e-04 1.058e-03
 1.199e-03 1.359e-03 1.540e-03 1.746e-03 1.979e-03 2.243e-03 2.542e-03 2.880e-03
 3.264e-03 3.699e-03 4.192e-03 4.751e-03 5.383e-03 6.100e-03 6.912e-03 7.832e-03
 8.873e-03 1.005e-02 1.139e-02 1.290e-02 1.462e-02 1.656e-02 1.876e-02 2.125e-02
 2.407e-02 2.726e-02 3.087e-02 3.496e-02 3.958e-02 4.482e-02 5.074e-02 5.743e-02
 6.500e-02 7.355e-02 8.321e-02 9.412e-02 1.064e-01 1.203e-01 1.359e-01 1.534e-01
 1.730e-01 1.950e-01 2.195e-01 2.467e-01 2.768e-01 3.098e-01 3.455e-01 3.838e-01
 4.242e-01 4.661e-01 5.088e-01 5.516e-01 5.935e-01 6.337e-01 6.717e-01 7.069e-01
 7.393e-01 7.688e-01 7.954e-01 8.193e-01 8.409e-01 8.604e-01 8.782e-01 8.949e-01
 9.107e-01 9.261e-01 9.418e-01 9.582e-01 9.759e-01 9.956e-01 1.018e+00 1.044e+00
 1.073e+00 1.107e+00 1.145e+00 1.187e+00 1.234e+00 1.283e+00 1.334e+00 1.386e+00
 1.437e+00 1.486e+00 1.532e+00 1.576e+00 1.615e+00 1.652e+00 1.686e+00 1.716e+00
 1.745e+00 1.771e+00 1.795e+00 1.818e+00 1.839e+00 1.859e+00 1.878e+00 1.896e+00
 1.914e+00 1.932e+00 1.950e+00 1.968e+00 1.988e+00 2.009e+00 2.033e+00 2.058e+00
 2.086e+00 2.117e+00 2.151e+00 2.187e+00 2.226e+00 2.268e+00 2.311e+00 2.355e+00
 2.400e+00 2.446e+00 2.491e+00 2.535e+00 2.579e+00 2.621e+00 2.662e+00 2.702e+00
 2.740e+00 2.779e+00 2.817e+00 2.854e+00 2.893e+00 2.932e+00 2.972e+00 3.013e+00
 3.055e+00 3.099e+00 3.144e+00 3.190e+00 3.237e+00 3.285e+00 3.333e+00 3.382e+00
 3.431e+00 3.481e+00 3.531e+00 3.581e+00 3.631e+00 3.682e+00 3.732e+00 3.783e+00
 3.835e+00 3.887e+00 3.939e+00 3.991e+00 4.044e+00 4.096e+00 4.149e+00 4.201e+00
 4.253e+00 4.305e+00 4.356e+00 4.407e+00 4.457e+00 4.507e+00 4.557e+00 4.605e+00
 4.654e+00 4.703e+00 4.751e+00 4.799e+00 4.848e+00 4.897e+00 4.947e+00 4.997e+00
 5.048e+00 5.100e+00 5.153e+00 5.206e+00 5.260e+00 5.316e+00 5.372e+00 5.428e+00
 5.486e+00 5.544e+00 5.602e+00 5.661e+00 5.721e+00 5.781e+00 5.841e+00 5.901e+00
 5.961e+00 6.021e+00 6.082e+00 6.142e+00 6.202e+00 6.262e+00 6.321e+00 6.381e+00
 6.440e+00 6.499e+00 6.558e+00 6.617e+00 6.676e+00 6.736e+00 6.796e+00 6.856e+00
 6.917e+00 6.979e+00 7.041e+00 7.104e+00 7.167e+00 7.231e+00 7.296e+00 7.361e+00
 7.427e+00 7.493e+00 7.559e+00 7.626e+00 7.692e+00 7.758e+00 7.824e+00 7.889e+00
 7.954e+00 8.017e+00 8.081e+00 8.143e+00 8.205e+00 8.265e+00 8.326e+00 8.385e+00
 8.445e+00 8.503e+00 8.562e+00 8.621e+00 8.679e+00 8.738e+00 8.798e+00 8.858e+00
 8.919e+00 8.982e+00 9.046e+00 9.113e+00 9.181e+00 9.253e+00 9.328e+00 9.406e+00
 9.489e+00 9.576e+00 9.668e+00 9.765e+00 9.867e+00 9.976e+00 1.009e+01 1.021e+01
 1.034e+01 1.047e+01 1.060e+01 1.075e+01 1.089e+01 1.104e+01 1.120e+01 1.135e+01
 1.151e+01 1.167e+01 1.184e+01 1.201e+01 1.218e+01 1.236e+01 1.254e+01 1.273e+01
 1.293e+01 1.314e+01 1.336e+01 1.358e+01 1.380e+01 1.403e+01 1.426e+01 1.448e+01
 1.470e+01 1.490e+01 1.510e+01 1.528e+01 1.545e+01 1.561e+01 1.575e+01 1.588e+01
 1.601e+01 1.612e+01 1.623e+01 1.632e+01 1.641e+01 1.650e+01 1.658e+01 1.665e+01
 1.672e+01 1.678e+01 1.684e+01 1.690e+01 1.696e+01 1.701e+01 1.707e+01 1.712e+01
 1.717e+01 1.722e+01 1.727e+01 1.731e+01 1.736e+01 1.741e+01 1.746e+01 1.751e+01
 1.755e+01 1.760e+01 1.765e+01 1.770e+01 1.775e+01 1.781e+01 1.786e+01 1.791e+01
 1.797e+01 1.803e+01 1.808e+01 1.814e+01 1.820e+01 1.826e+01 1.832e+01 1.838e+01
 1.845e+01 1.851e+01 1.858e+01 1.864e+01 1.871e+01 1.877e+01 1.884e+01 1.891e+01
 1.898e+01 1.905e+01 1.911e+01 1.918e+01 1.925e+01 1.932e+01 1.939e+01 1.946e+01
 1.953e+01 1.960e+01 1.967e+01 1.974e+01 1.981e+01 1.988e+01 1.995e+01 2.002e+01
 2.008e+01 2.015e+01 2.022e+01 2.028e+01 2.035e+01 2.041e+01 2.047e+01 2.054e+01
 2.060e+01 2.066e+01 2.071e+01 2.077e+01 2.083e+01 2.088e+01 2.094e+01 2.099e+01
 2.104e+01 2.110e+01 2.115e+01 2.119e+01 2.124e+01 2.129e+01 2.133e+01 2.138e+01
 2.142e+01 2.146e+01 2.150e+01 2.154e+01 2.158e+01 2.162e+01 2.165e+01 2.169e+01
 2.172e+01 2.175e+01 2.179e+01 2.182e+01 2.185e+01 2.188e+01 2.191e+01 2.193e+01
 2.196e+01 2.199e+01 2.201e+01 2.203e+01 2.206e+01 2.208e+01 2.210e+01 2.212e+01
 2.214e+01 2.216e+01 2.218e+01 2.220e+01 2.222e+01 2.223e+01 2.225e+01 2.226e+01
 2.228e+01 2.229e+01 2.231e+01 2.232e+01 2.233e+01 2.234e+01 2.235e+01 2.237e+01
 2.238e+01 2.239e+01 2.240e+01 2.240e+01 2.241e+01 2.242e+01 2.243e+01 2.244e+01
 2.244e+01 2.245e+01 2.245e+01 2.246e+01 2.246e+01 2.247e+01 2.247e+01 2.247e+01
 2.248e+01 2.248e+01 2.248e+01 2.248e+01 2.248e+01 2.248e+01 2.248e+01 2.248e+01
 2.248e+01 2.248e+01 2.248e+01 2.248e+01 2.248e+01 2.248e+01 2.247e+01 2.247e+01
 2.247e+01 2.246e+01 2.246e+01 2.245e+01 2.245e+01 2.244e+01 2.244e+01 2.243e+01
 2.243e+01 2.242e+01 2.241e+01 2.241e+01 2.240e+01 2.239e+01 2.239e+01 2.238e+01
 2.237e+01 2.236e+01 2.235e+01 2.234e+01 2.233e+01 2.232e+01 2.231e+01 2.230e+01
 2.229e+01 2.228e+01 2.227e+01 2.226e+01 2.224e+01 2.223e+01 2.222e+01 2.221e+01
 2.219e+01 2.218e+01 2.217e+01 2.215e+01 2.214e+01 2.213e+01 2.211e+01 2.210e+01
 2.209e+01 2.207e+01 2.206e+01 2.204e+01 2.203e+01 2.201e+01 2.199e+01 2.198e+01
 2.196e+01 2.195e+01 2.193e+01 2.191e+01 2.190e+01 2.188e+01 2.186e+01 2.185e+01
 2.183e+01 2.181e+01 2.179e+01 2.177e+01 2.176e+01 2.174e+01 2.172e+01 2.170e+01
 2.168e+01 2.166e+01 2.164e+01 2.162e+01 2.160e+01 2.158e+01 2.156e+01 2.153e+01
 2.151e+01 2.149e+01 2.147e+01 2.145e+01 2.142e+01 2.140e+01 2.138e+01 2.136e+01
 2.133e+01 2.131e+01 2.129e+01 2.127e+01 2.124e+01 2.122e+01 2.120e+01 2.117e+01
 2.115e+01 2.113e+01 2.110e+01 2.108e+01 2.106e+01 2.103e+01 2.101e+01 2.098e+01
 2.096e+01 2.094e+01 2.091e+01 2.089e+01 2.086e+01 2.084e+01 2.081e+01 2.079e+01
 2.077e+01 2.074e+01 2.072e+01 2.069e+01 2.067e+01 2.064e+01 2.062e+01 2.059e+01
 2.057e+01 2.054e+01 2.051e+01 2.049e+01 2.046e+01 2.044e+01 2.041e+01 2.039e+01
 2.036e+01 2.033e+01 2.031e+01 2.028e+01 2.026e+01 2.023e+01 2.020e+01 2.018e+01
 2.015e+01 2.012e+01 2.010e+01 2.007e+01 2.004e+01 2.002e+01 1.999e+01 1.996e+01
 1.993e+01 1.991e+01 1.988e+01 1.985e+01 1.982e+01 1.980e+01 1.977e+01 1.974e+01
 1.971e+01 1.968e+01 1.966e+01 1.963e+01 1.960e+01 1.957e+01 1.954e+01 1.952e+01
sqrt(<Z^2>) for tau[ms]=   10.0
 1.252e-03 1.415e-03 1.599e-03 1.806e-03 2.041e-03 2.305e-03 2.603e-03 2.940e-03
 3.320e-03 3.748e-03 4.231e-03 4.776e-03 5.390e-03 6.083e-03 6.864e-03 7.744e-03
 8.736e-03 9.853e-03 1.111e-02 1.253e-02 1.413e-02 1.593e-02 1.795e-02 2.023e-02
 2.280e-02 2.569e-02 2.893e-02 3.259e-02 3.670e-02 4.132e-02 4.651e-02 5.235e-02
 5.890e-02 6.626e-02 7.452e-02 8.378e-02 9.416e-02 1.058e-01 1.188e-01 1.333e-01
 1.496e-01 1.676e-01 1.877e-01 2.100e-01 2.346e-01 2.617e-01 2.914e-01 3.237e-01
 3.586e-01 3.961e-01 4.358e-01 4.776e-01 5.208e-01 5.647e-01 6.084e-01 6.508e-01
 6.912e-01 7.287e-01 7.628e-01 7.932e-01 8.198e-01 8.428e-01 8.626e-01 8.795e-01
 8.943e-01 9.074e-01 9.194e-01 9.307e-01 9.419e-01 9.537e-01 9.666e-01 9.814e-01
 9.990e-01 1.020e+00 1.046e+00 1.077e+00 1.113e+00 1.156e+00 1.205e+00 1.260e+00
 1.318e+00 1.379e+00 1.441e+00 1.502e+00 1.559e+00 1.612e+00 1.660e+00 1.703e+00
 1.740e+00 1.772e+00 1.799e+00 1.822e+00 1.841e+00 1.858e+00 1.874e+00 1.888e+00
 1.900e+00 1.913e+00 1.926e+00 1.939e+00 1.953e+00 1.968e+00 1.985e+00 2.005e+00
 2.027e+00 2.052e+00 2.080e+00 2.112e+00 2.148e+00 2.186e+00 2.227e+00 2.270e+00
 2.315e+00 2.360e+00 2.405e+00 2.450e+00 2.495e+00 2.538e+00 2.581e+00 2.623e+00
 2.663e+00 2.703e+00 2.743e+00 2.781e+00 2.820e+00 2.859e+00 2.898e+00 2.938e+00
 2.978e+00 3.019e+00 3.061e+00 3.105e+00 3.148e+00 3.193e+00 3.238e+00 3.284e+00
 3.330e+00 3.377e+00 3.424e+00 3.471e+00 3.518e+00 3.566e+00 3.613e+00 3.661e+00
 3.709e+00 3.757e+00 3.805e+00 3.853e+00 3.902e+00 3.951e+00 4.000e+00 4.048e+00
 4.097e+00 4.146e+00 4.195e+00 4.243e+00 4.291e+00 4.339e+00 4.387e+00 4.434e+00
 4.480e+00 4.527e+00 4.572e+00 4.618e+00 4.663e+00 4.708e+00 4.753e+00 4.799e+00
 4.844e+00 4.890e+00 4.936e+00 4.983e+00 5.031e+00 5.079e+00 5.128e+00 5.179e+00
 5.230e+00 5.282e+00 5.336e+00 5.390e+00 5.445e+00 5.501e+00 5.558e+00 5.615e+00
 5.673e+00 5.731e+00 5.790e+00 5.849e+00 5.908e+00 5.968e+00 6.027e+00 6.086e+00
 6.146e+00 6.205e+00 6.264e+00 6.322e+00 6.381e+00 6.439e+00 6.496e+00 6.554e+00
 6.611e+00 6.669e+00 6.726e+00 6.784e+00 6.842e+00 6.900e+00 6.959e+00 7.019e+00
 7.080e+00 7.142e+00 7.204e+00 7.267e+00 7.331e+00 7.396e+00 7.462e+00 7.528e+00
 7.594e+00 7.661e+00 7.728e+00 7.794e+00 7.861e+00 7.927e+00 7.992e+00 8.056e+00
 8.120e+00 8.182e+00 8.244e+00 8.305e+00 8.365e+00 8.424e+00 8.482e+00 8.539e+00
 8.597e+00 8.653e+00 8.710e+00 8.767e+00 8.824e+00 8.882e+00 8.940e+00 8.999e+00
 9.060e+00 9.123e+00 9.188e+00 9.255e+00 9.325e+00 9.399e+00 9.477e+00 9.560e+00
 9.647e+00 9.740e+00 9.840e+00 9.945e+00 1.006e+01 1.018e+01 1.030e+01 1.044e+01
 1.058e+01 1.073e+01 1.089e+01 1.105e+01 1.121e+01 1.139e+01 1.156e+01 1.174e+01
 1.193e+01 1.212e+01 1.232e+01 1.253e+01 1.276e+01 1.301e+01 1.328e+01 1.359e+01
 1.393e+01 1.429e+01 1.468e+01 1.507e+01 1.544e+01 1.580e+01 1.611e+01 1.639e+01
 1.662e+01 1.681e+01 1.697e+01 1.711e+01 1.722e+01 1.731e+01 1.739e+01 1.746e+01
 1.752e+01 1.757e+01 1.761e+01 1.766e+01 1.769e+01 1.773e+01 1.777e+01 1.780e+01
 1.783e+01 1.787e+01 1.790e+01 1.793e+01 1.797e+01 1.800e+01 1.804e+01 1.808e+01
 1.812e+01 1.817e+01 1.821e+01 1.826e+01 1.831e+01 1.837e+01 1.842e+01 1.848e+01
 1.855e+01 1.862e+01 1.869e+01 1.876e+01 1.884e+01 1.892e+01 1.900e+01 1.909e+01
 1.918e+01 1.927e+01 1.936e+01 1.946e+01 1.956e+01 1.966e+01 1.976e+01 1.987e+01
 1.998e+01 2.009e+01 2.020e+01 2.031e+01 2.042e+01 2.054e+01 2.066e+01 2.079e+01
 2.091e+01 2.104e+01 2.118e+01 2.131e+01 2.145e+01 2.159e+01 2.174e+01 2.188e+01
 2.203e+01 2.218e+01 2.232e+01 2.247e+01 2.261e+01 2.275e+01 2.288e+01 2.301e+01
 2.314e+01 2.326e+01 2.337e+01 2.348e+01 2.358e+01 2.368e+01 2.377e+01 2.386e+01
 2.394e+01 2.402e+01 2.409e+01 2.416e+01 2.422e+01 2.428e+01 2.434e+01 2.439e+01
 2.444e+01 2.449e+01 2.454e+01 2.458e+01 2.462e+01 2.466e+01 2.470e+01 2.473e+01
 2.477e+01 2.480e+01 2.483e+01 2.486e+01 2.488e+01 2.491e+01 2.494e+01 2.496e+01
 2.498e+01 2.501e+01 2.503e+01 2.505e+01 2.507e+01 2.509e+01 2.511e+01 2.512e+01
 2.514e+01 2.516e+01 2.518e+01 2.519e+01 2.521e+01 2.522e+01 2.524e+01 2.525e+01
 2.527e+01 2.528e+01 2.530e+01 2.531e+01 2.533e+01 2.534e+01 2.535e+01 2.537e+01
 2.538e+01 2.540e+01 2.541e+01 2.542e+01 2.544e+01 2.545e+01 2.546e+01 2.548e+01
 2.549e+01 2.551e+01 2.552e+01 2.553e+01 2.555e+01 2.556e+01 2.558e+01 2.559e+01
 2.560e+01 2.562e+01 2.563e+01 2.565e+01 2.566e+01 2.568e+01 2.569e+01 2.571e+01
 2.572e+01 2.573e+01 2.575e+01 2.576e+01 2.578e+01 2.579e+01 2.581e+01 2.582e+01
 2.584e+01 2.585e+01 2.586e+01 2.588e+01 2.589e+01 2.591e+01 2.592e+01 2.593e+01
 2.594e+01 2.596e+01 2.597e+01 2.598e+01 2.599e+01 2.601e+01 2.602e+01 2.603e+01
 2.604e+01 2.605e+01 2.606e+01 2.607e+01 2.608e+01 2.610e+01 2.611e+01 2.611e+01
 2.612e+01 2.613e+01 2.614e+01 2.615e+01 2.616e+01 2.617e+01 2.617e+01 2.618e+01
 2.619e+01 2.620e+01 2.620e+01 2.621e+01 2.621e+01 2.622e+01 2.623e+01 2.623e+01
 2.624e+01 2.624e+01 2.625e+01 2.625e+01 2.625e+01 2.626e+01 2.626e+01 2.626e+01
 2.627e+01 2.627e+01 2.627e+01 2.628e+01 2.628e+01 2.628e+01 2.628e+01 2.629e+01
 2.629e+01 2.629e+01 2.629e+01 2.629e+01 2.629e+01 2.629e+01 2.629e+01 2.629e+01
 2.629e+01 2.629e+01 2.629e+01 2.629e+01 2.629e+01 2.628e+01 2.628e+01 2.628e+01
 2.628e+01 2.628e+01 2.627e+01 2.627e+01 2.627e+01 2.627e+01 2.626e+01 2.626e+01
 2.625e+01 2.625e+01 2.625e+01 2.624e+01 2.624e+01 2.623e+01 2.623e+01 2.623e+01
 2.622e+01 2.622e+01 2.621e+01 2.621e+01 2.621e+01 2.620e+01 2.620e+01 2.619e+01
 2.619e+01 2.618e+01 2.618e+01 2.617e+01 2.617e+01 2.616e+01 2.616e+01 2.615e+01
 2.615e+01 2.614e+01 2.614e+01 2.613e+01 2.613e+01 2.612e+01 2.611e+01 2.611e+01
 2.610e+01 2.610e+01 2.609e+01 2.608e+01 2.608e+01 2.607e+01 2.607e+01 2.606e+01
 2.605e+01 2.605e+01 2.604e+01 2.603e+01 2.603e+01 2.602e+01 2.601e+01 2.601e+01
 2.600e+01 2.599e+01 2.598e+01 2.598e+01 2.597e+01 2.596e+01 2.596e+01 2.595e+01
 2.594e+01 2.593e+01 2.593e+01 2.592e+01 2.591e+01 2.590e+01 2.589e+01 2.589e+01
 2.588e+01 2.587e+01 2.586e+01 2.585e+01 2.585e+01 2.584e+01 2.583e+01 2.582e+01
 2.581e+01 2.580e+01 2.580e+01 2.579e+01 2.578e+01 2.577e+01 2.576e+01 2.575e+01
sqrt(<Z^2>) for tau[ms]=  100.0
 2.329e-03 2.609e-03 2.921e-03 3.271e-03 3.663e-03 4.100e-03 4.590e-03 5.137e-03
 5.749e-03 6.434e-03 7.199e-03 8.054e-03 9.011e-03 1.008e-02 1.127e-02 1.261e-02
 1.410e-02 1.577e-02 1.763e-02 1.971e-02 2.203e-02 2.463e-02 2.752e-02 3.076e-02
 3.437e-02 3.841e-02 4.291e-02 4.794e-02 5.354e-02 5.980e-02 6.678e-02 7.455e-02
 8.322e-02 9.287e-02 1.036e-01 1.156e-01 1.289e-01 1.436e-01 1.599e-01 1.780e-01
 1.980e-01 2.200e-01 2.442e-01 2.706e-01 2.994e-01 3.306e-01 3.642e-01 4.000e-01
 4.380e-01 4.777e-01 5.188e-01 5.608e-01 6.030e-01 6.445e-01 6.845e-01 7.220e-01
 7.566e-01 7.878e-01 8.153e-01 8.393e-01 8.599e-01 8.774e-01 8.923e-01 9.051e-01
 9.164e-01 9.268e-01 9.367e-01 9.468e-01 9.575e-01 9.697e-01 9.840e-01 1.001e+00
 1.023e+00 1.049e+00 1.082e+00 1.121e+00 1.167e+00 1.219e+00 1.277e+00 1.339e+00
 1.404e+00 1.468e+00 1.530e+00 1.588e+00 1.641e+00 1.688e+00 1.729e+00 1.764e+00
 1.794e+00 1.820e+00 1.841e+00 1.859e+00 1.874e+00 1.887e+00 1.900e+00 1.911e+00
 1.923e+00 1.934e+00 1.946e+00 1.960e+00 1.975e+00 1.993e+00 2.013e+00 2.036e+00
 2.063e+00 2.093e+00 2.127e+00 2.165e+00 2.205e+00 2.247e+00 2.291e+00 2.336e+00
 2.381e+00 2.426e+00 2.470e+00 2.514e+00 2.556e+00 2.598e+00 2.639e+00 2.679e+00
 2.719e+00 2.759e+00 2.798e+00 2.838e+00 2.877e+00 2.917e+00 2.958e+00 2.998e+00
 3.040e+00 3.082e+00 3.125e+00 3.168e+00 3.212e+00 3.256e+00 3.301e+00 3.346e+00
 3.391e+00 3.437e+00 3.482e+00 3.529e+00 3.575e+00 3.621e+00 3.668e+00 3.714e+00
 3.761e+00 3.808e+00 3.855e+00 3.902e+00 3.950e+00 3.997e+00 4.045e+00 4.092e+00
 4.139e+00 4.187e+00 4.234e+00 4.281e+00 4.328e+00 4.374e+00 4.420e+00 4.466e+00
 4.511e+00 4.556e+00 4.601e+00 4.646e+00 4.690e+00 4.735e+00 4.779e+00 4.824e+00
 4.869e+00 4.914e+00 4.960e+00 5.006e+00 5.054e+00 5.102e+00 5.151e+00 5.202e+00
 5.253e+00 5.305e+00 5.358e+00 5.413e+00 5.468e+00 5.524e+00 5.580e+00 5.638e+00
 5.696e+00 5.754e+00 5.812e+00 5.871e+00 5.931e+00 5.990e+00 6.049e+00 6.108e+00
 6.167e+00 6.226e+00 6.285e+00 6.343e+00 6.401e+00 6.459e+00 6.516e+00 6.573e+00
 6.630e+00 6.688e+00 6.745e+00 6.802e+00 6.860e+00 6.919e+00 6.978e+00 7.037e+00
 7.098e+00 7.160e+00 7.222e+00 7.285e+00 7.349e+00 7.414e+00 7.480e+00 7.546e+00
 7.613e+00 7.679e+00 7.746e+00 7.813e+00 7.879e+00 7.945e+00 8.010e+00 8.074e+00
 8.138e+00 8.200e+00 8.262e+00 8.322e+00 8.382e+00 8.440e+00 8.498e+00 8.556e+00
 8.613e+00 8.669e+00 8.726e+00 8.782e+00 8.839e+00 8.897e+00 8.955e+00 9.014e+00
 9.075e+00 9.138e+00 9.203e+00 9.270e+00 9.341e+00 9.415e+00 9.493e+00 9.576e+00
 9.664e+00 9.758e+00 9.858e+00 9.965e+00 1.008e+01 1.020e+01 1.033e+01 1.046e+01
 1.061e+01 1.076e+01 1.092e+01 1.108e+01 1.125e+01 1.142e+01 1.160e+01 1.179e+01
 1.198e+01 1.217e+01 1.238e+01 1.260e+01 1.284e+01 1.311e+01 1.341e+01 1.375e+01
 1.413e+01 1.454e+01 1.498e+01 1.541e+01 1.582e+01 1.618e+01 1.650e+01 1.676e+01
 1.698e+01 1.715e+01 1.729e+01 1.740e+01 1.749e+01 1.757e+01 1.763e+01 1.768e+01
 1.772e+01 1.776e+01 1.779e+01 1.783e+01 1.786e+01 1.789e+01 1.791e+01 1.794e+01
 1.797e+01 1.800e+01 1.803e+01 1.806e+01 1.809e+01 1.813e+01 1.817e+01 1.821e+01
 1.825e+01 1.829e+01 1.834e+01 1.839e+01 1.844e+01 1.850e+01 1.856e+01 1.863e+01
 1.870e+01 1.877e+01 1.885e+01 1.893e+01 1.901e+01 1.910e+01 1.919e+01 1.929e+01
 1.939e+01 1.949e+01 1.959e+01 1.970e+01 1.981e+01 1.992e+01 2.003e+01 2.015e+01
 2.027e+01 2.039e+01 2.051e+01 2.063e+01 2.076e+01 2.090e+01 2.103e+01 2.118e+01
 2.133e+01 2.148e+01 2.164e+01 2.181e+01 2.198e+01 2.216e+01 2.234e+01 2.253e+01
 2.271e+01 2.290e+01 2.308e+01 2.327e+01 2.344e+01 2.361e+01 2.377e+01 2.392e+01
 2.406e+01 2.419e+01 2.431e+01 2.442e+01 2.452e+01 2.461e+01 2.470e+01 2.478e+01
 2.485e+01 2.492e+01 2.498e+01 2.503e+01 2.508e+01 2.513e+01 2.518e+01 2.522e+01
 2.525e+01 2.529e+01 2.532e+01 2.535e+01 2.538e+01 2.541e+01 2.543e+01 2.546e+01
 2.548e+01 2.550e+01 2.552e+01 2.554e+01 2.556e+01 2.557e+01 2.559e+01 2.561e+01
 2.562e+01 2.564e+01 2.565e+01 2.566e+01 2.568e+01 2.569e+01 2.570e+01 2.572e+01
 2.573e+01 2.574e+01 2.575e+01 2.577e+01 2.578e+01 2.579e+01 2.580e+01 2.582e+01
 2.583e+01 2.584e+01 2.586e+01 2.587e+01 2.588e+01 2.590e+01 2.591e+01 2.592e+01
 2.594e+01 2.595e+01 2.597e+01 2.598e+01 2.600e+01 2.602e+01 2.603e+01 2.605e+01
 2.607e+01 2.609e+01 2.611e+01 2.612e+01 2.614e+01 2.616e+01 2.618e+01 2.621e+01
 2.623e+01 2.625e+01 2.627e+01 2.629e+01 2.632e+01 2.634e+01 2.637e+01 2.639e+01
 2.641e+01 2.644e+01 2.646e+01 2.649e+01 2.651e+01 2.654e+01 2.656e+01 2.659e+01
 2.662e+01 2.664e+01 2.667e+01 2.669e+01 2.672e+01 2.674e+01 2.677e+01 2.679e+01
 2.681e+01 2.684e+01 2.686e+01 2.689e+01 2.691e+01 2.693e+01 2.695e+01 2.698e+01
 2.700e+01 2.702e+01 2.704e+01 2.706e+01 2.708e+01 2.710e+01 2.712e+01 2.714e+01
 2.716e+01 2.718e+01 2.719e+01 2.721e+01 2.723e+01 2.724e+01 2.726e+01 2.727e+01
 2.729e+01 2.730e+01 2.732e+01 2.733e+01 2.734e+01 2.736e+01 2.737e+01 2.738e+01
 2.739e+01 2.740e+01 2.742e+01 2.743e+01 2.744e+01 2.745e+01 2.746e+01 2.747e+01
 2.747e+01 2.748e+01 2.749e+01 2.750e+01 2.751e+01 2.752e+01 2.752e+01 2.753e+01
 2.754e+01 2.755e+01 2.755e+01 2.756e+01 2.756e+01 2.757e+01 2.757e+01 2.758e+01
 2.758e+01 2.759e+01 2.759e+01 2.760e+01 2.760e+01 2.761e+01 2.761e+01 2.762e+01
 2.762e+01 2.762e+01 2.763e+01 2.763e+01 2.763e+01 2.764e+01 2.764e+01 2.764e+01
 2.764e+01 2.765e+01 2.765e+01 2.765e+01 2.765e+01 2.766e+01 2.766e+01 2.766e+01
 2.766e+01 2.767e+01 2.767e+01 2.767e+01 2.768e+01 2.768e+01 2.768e+01 2.768e+01
 2.768e+01 2.769e+01 2.769e+01 2.769e+01 2.769e+01 2.769e+01 2.769e+01 2.770e+01
 2.770e+01 2.770e+01 2.770e+01 2.770e+01 2.770e+01 2.770e+01 2.770e+01 2.770e+01
 2.770e+01 2.771e+01 2.771e+01 2.771e+01 2.771e+01 2.771e+01 2.771e+01 2.771e+01
 2.771e+01 2.771e+01 2.771e+01 2.771e+01 2.771e+01 2.771e+01 2.771e+01 2.771e+01
 2.771e+01 2.771e+01 2.771e+01 2.771e+01 2.771e+01 2.771e+01 2.771e+01 2.771e+01
 2.771e+01 2.771e+01 2.771e+01 2.771e+01 2.770e+01 2.770e+01 2.770e+01 2.770e+01
 2.770e+01 2.770e+01 2.770e+01 2.770e+01 2.770e+01 2.770e+01 2.770e+01 2.770e+01
 2.770e+01 2.770e+01 2.770e+01 2.769e+01 2.769e+01 2.769e+01 2.769e+01 2.769e+01
sqrt(<Z^2>) for tau[ms]= 1000.0
 2.682e-03 2.992e-03 3.337e-03 3.723e-03 4.153e-03 4.632e-03 5.167e-03 5.763e-03
 6.428e-03 7.169e-03 7.996e-03 8.919e-03 9.947e-03 1.109e-02 1.237e-02 1.380e-02
 1.539e-02 1.716e-02 1.914e-02 2.134e-02 2.380e-02 2.654e-02 2.960e-02 3.300e-02
 3.680e-02 4.103e-02 4.574e-02 5.100e-02 5.685e-02 6.337e-02 7.063e-02 7.871e-02
 8.770e-02 9.771e-02 1.088e-01 1.212e-01 1.349e-01 1.501e-01 1.669e-01 1.854e-01
 2.059e-01 2.284e-01 2.531e-01 2.800e-01 3.093e-01 3.409e-01 3.749e-01 4.110e-01
 4.491e-01 4.889e-01 5.300e-01 5.717e-01 6.135e-01 6.545e-01 6.937e-01 7.305e-01
 7.642e-01 7.945e-01 8.212e-01 8.444e-01 8.642e-01 8.811e-01 8.954e-01 9.078e-01
 9.188e-01 9.289e-01 9.386e-01 9.486e-01 9.593e-01 9.716e-01 9.862e-01 1.004e+00
 1.026e+00 1.053e+00 1.087e+00 1.127e+00 1.174e+00 1.227e+00 1.287e+00 1.350e+00
 1.414e+00 1.479e+00 1.540e+00 1.598e+00 1.650e+00 1.696e+00 1.737e+00 1.771e+00
 1.800e+00 1.825e+00 1.845e+00 1.862e+00 1.877e+00 1.890e+00 1.902e+00 1.914e+00
 1.925e+00 1.937e+00 1.949e+00 1.963e+00 1.978e+00 1.996e+00 2.017e+00 2.041e+00
 2.068e+00 2.099e+00 2.134e+00 2.172e+00 2.212e+00 2.255e+00 2.299e+00 2.344e+00
 2.389e+00 2.434e+00 2.478e+00 2.521e+00 2.564e+00 2.605e+00 2.646e+00 2.686e+00
 2.726e+00 2.766e+00 2.805e+00 2.845e+00 2.885e+00 2.925e+00 2.965e+00 3.006e+00
 3.048e+00 3.090e+00 3.133e+00 3.176e+00 3.219e+00 3.264e+00 3.308e+00 3.353e+00
 3.398e+00 3.444e+00 3.489e+00 3.535e+00 3.581e+00 3.628e+00 3.674e+00 3.721e+00
 3.767e+00 3.814e+00 3.861e+00 3.908e+00 3.955e+00 4.002e+00 4.049e+00 4.097e+00
 4.144e+00 4.191e+00 4.238e+00 4.285e+00 4.332e+00 4.378e+00 4.424e+00 4.469e+00
 4.515e+00 4.560e+00 4.604e+00 4.649e+00 4.693e+00 4.737e+00 4.782e+00 4.826e+00
 4.871e+00 4.916e+00 4.962e+00 5.009e+00 5.056e+00 5.105e+00 5.154e+00 5.204e+00
 5.255e+00 5.308e+00 5.361e+00 5.415e+00 5.470e+00 5.526e+00 5.583e+00 5.640e+00
 5.698e+00 5.756e+00 5.815e+00 5.874e+00 5.933e+00 5.992e+00 6.051e+00 6.110e+00
 6.169e+00 6.228e+00 6.287e+00 6.345e+00 6.403e+00 6.461e+00 6.518e+00 6.575e+00
 6.632e+00 6.689e+00 6.747e+00 6.804e+00 6.862e+00 6.920e+00 6.979e+00 7.039e+00
 7.100e+00 7.161e+00 7.224e+00 7.287e+00 7.351e+00 7.416e+00 7.482e+00 7.548e+00
 7.615e+00 7.681e+00 7.748e+00 7.815e+00 7.881e+00 7.947e+00 8.012e+00 8.076e+00
 8.140e+00 8.202e+00 8.264e+00 8.324e+00 8.384e+00 8.442e+00 8.500e+00 8.557e+00
 8.614e+00 8.671e+00 8.727e+00 8.784e+00 8.841e+00 8.898e+00 8.956e+00 9.016e+00
 9.077e+00 9.139e+00 9.204e+00 9.272e+00 9.342e+00 9.416e+00 9.495e+00 9.578e+00
 9.666e+00 9.760e+00 9.860e+00 9.967e+00 1.008e+01 1.020e+01 1.033e+01 1.047e+01
 1.061e+01 1.076e+01 1.092e+01 1.108e+01 1.125e+01 1.143e+01 1.161e+01 1.179e+01
 1.198e+01 1.218e+01 1.239e+01 1.261e+01 1.285e+01 1.312e+01 1.342e+01 1.377e+01
 1.415e+01 1.457e+01 1.501e+01 1.545e+01 1.586e+01 1.623e+01 1.654e+01 1.681e+01
 1.702e+01 1.719e+01 1.733e+01 1.743e+01 1.752e+01 1.759e+01 1.765e+01 1.770e+01
 1.774e+01 1.778e+01 1.781e+01 1.784e+01 1.787e+01 1.790e+01 1.793e+01 1.796e+01
 1.799e+01 1.801e+01 1.804e+01 1.808e+01 1.811e+01 1.814e+01 1.818e+01 1.822e+01
 1.826e+01 1.830e+01 1.835e+01 1.840e+01 1.846e+01 1.852e+01 1.858e+01 1.864e+01
 1.871e+01 1.879e+01 1.886e+01 1.895e+01 1.903e+01 1.912e+01 1.921e+01 1.931e+01
 1.941e+01 1.951e+01 1.962e+01 1.972e+01 1.983e+01 1.995e+01 2.006e+01 2.018e+01
 2.030e+01 2.042e+01 2.054e+01 2.067e+01 2.080e+01 2.094e+01 2.108e+01 2.122e+01
 2.137e+01 2.153e+01 2.170e+01 2.187e+01 2.204e+01 2.223e+01 2.242e+01 2.261e+01
 2.280e+01 2.299e+01 2.318e+01 2.337e+01 2.355e+01 2.372e+01 2.388e+01 2.403e+01
 2.418e+01 2.431e+01 2.443e+01 2.454e+01 2.464e+01 2.473e+01 2.481e+01 2.489e+01
 2.496e+01 2.503e+01 2.508e+01 2.514e+01 2.519e+01 2.523e+01 2.527e+01 2.531e+01
 2.535e+01 2.538e+01 2.541e+01 2.544e+01 2.547e+01 2.549e+01 2.552e+01 2.554e+01
 2.556e+01 2.558e+01 2.560e+01 2.561e+01 2.563e+01 2.565e+01 2.566e+01 2.568e+01
 2.569e+01 2.571e+01 2.572e+01 2.573e+01 2.574e+01 2.576e+01 2.577e+01 2.578e+01
 2.579e+01 2.581e+01 2.582e+01 2.583e+01 2.584e+01 2.585e+01 2.587e+01 2.588e+01
 2.589e+01 2.590e+01 2.592e+01 2.593e+01 2.594e+01 2.596e+01 2.597e+01 2.599e+01
 2.600e+01 2.602e+01 2.603e+01 2.605e+01 2.606e+01 2.608e+01 2.610e+01 2.612e+01
 2.614e+01 2.615e+01 2.617e+01 2.619e+01 2.621e+01 2.624e+01 2.626e+01 2.628e+01
 2.630e+01 2.633e+01 2.635e+01 2.637e+01 2.640e+01 2.642e+01 2.645e+01 2.648e+01
 2.650e+01 2.653e+01 2.656e+01 2.658e+01 2.661e+01 2.664e+01 2.666e+01 2.669e+01
 2.672e+01 2.675e+01 2.677e+01 2.680e+01 2.683e+01 2.686e+01 2.688e+01 2.691e+01
 2.693e+01 2.696e+01 2.699e+01 2.701e+01 2.704e+01 2.706e+01 2.709e+01 2.711e+01
 2.714e+01 2.716e+01 2.718e+01 2.720e+01 2.723e+01 2.725e+01 2.727e+01 2.729e+01
 2.731e+01 2.733e+01 2.735e+01 2.736e+01 2.738e+01 2.740e+01 2.741e+01 2.743e+01
 2.745e+01 2.746e+01 2.748e+01 2.749e+01 2.751e+01 2.752e+01 2.753e+01 2.755e+01
 2.756e+01 2.757e+01 2.758e+01 2.759e+01 2.761e+01 2.762e+01 2.763e+01 2.764e+01
 2.765e+01 2.766e+01 2.767e+01 2.767e+01 2.768e+01 2.769e+01 2.770e+01 2.771e+01
 2.772e+01 2.772e+01 2.773e+01 2.774e+01 2.774e+01 2.775e+01 2.776e+01 2.776e+01
 2.777e+01 2.777e+01 2.778e+01 2.778e+01 2.779e+01 2.779e+01 2.780e+01 2.780e+01
 2.781e+01 2.781e+01 2.782e+01 2.782e+01 2.783e+01 2.783e+01 2.783e+01 2.784e+01
 2.784e+01 2.784e+01 2.785e+01 2.785e+01 2.785e+01 2.786e+01 2.786e+01 2.786e+01
 2.787e+01 2.787e+01 2.787e+01 2.788e+01 2.788e+01 2.789e+01 2.789e+01 2.789e+01
 2.789e+01 2.790e+01 2.790e+01 2.790e+01 2.791e+01 2.791e+01 2.791e+01 2.791e+01
 2.791e+01 2.792e+01 2.792e+01 2.792e+01 2.792e+01 2.792e+01 2.793e+01 2.793e+01
 2.793e+01 2.793e+01 2.793e+01 2.793e+01 2.793e+01 2.794e+01 2.794e+01 2.794e+01
 2.794e+01 2.794e+01 2.794e+01 2.794e+01 2.794e+01 2.794e+01 2.795e+01 2.795e+01
 2.795e+01 2.795e+01 2.795e+01 2.795e+01 2.795e+01 2.795e+01 2.795e+01 2.795e+01
 2.795e+01 2.795e+01 2.795e+01 2.795e+01 2.795e+01 2.796e+01 2.796e+01 2.796e+01
 2.796e+01 2.796e+01 2.796e+01 2.796e+01 2.796e+01 2.796e+01 2.796e+01 2.796e+01
 2.796e+01 2.796e+01 2.796e+01 2.796e+01 2.796e+01 2.796e+01 2.796e+01 2.796e+01
sqrt(<Z^2>) in equilibrium - infinite confinement
 2.732e-03 3.046e-03 3.395e-03 3.785e-03 4.220e-03 4.705e-03 5.245e-03 5.847e-03
 6.519e-03 7.268e-03 8.102e-03 9.033e-03 1.007e-02 1.123e-02 1.252e-02 1.395e-02
 1.556e-02 1.734e-02 1.933e-02 2.155e-02 2.403e-02 2.678e-02 2.986e-02 3.328e-02
 3.710e-02 4.135e-02 4.609e-02 5.137e-02 5.726e-02 6.381e-02 7.110e-02 7.922e-02
 8.825e-02 9.829e-02 1.095e-01 1.218e-01 1.356e-01 1.508e-01 1.677e-01 1.863e-01
 2.068e-01 2.294e-01 2.541e-01 2.811e-01 3.105e-01 3.421e-01 3.761e-01 4.123e-01
 4.504e-01 4.902e-01 5.313e-01 5.730e-01 6.147e-01 6.556e-01 6.948e-01 7.315e-01
 7.651e-01 7.953e-01 8.219e-01 8.450e-01 8.647e-01 8.815e-01 8.958e-01 9.081e-01
 9.190e-01 9.291e-01 9.388e-01 9.488e-01 9.595e-01 9.718e-01 9.864e-01 1.004e+00
 1.026e+00 1.054e+00 1.087e+00 1.127e+00 1.175e+00 1.228e+00 1.288e+00 1.351e+00
 1.416e+00 1.480e+00 1.542e+00 1.599e+00 1.651e+00 1.697e+00 1.737e+00 1.772e+00
 1.801e+00 1.825e+00 1.846e+00 1.863e+00 1.878e+00 1.891e+00 1.903e+00 1.914e+00
 1.925e+00 1.937e+00 1.949e+00 1.963e+00 1.979e+00 1.997e+00 2.017e+00 2.041e+00
 2.069e+00 2.100e+00 2.134e+00 2.172e+00 2.213e+00 2.256e+00 2.300e+00 2.345e+00
 2.390e+00 2.435e+00 2.479e+00 2.522e+00 2.564e+00 2.606e+00 2.647e+00 2.687e+00
 2.727e+00 2.767e+00 2.806e+00 2.846e+00 2.886e+00 2.926e+00 2.966e+00 3.007e+00
 3.049e+00 3.091e+00 3.133e+00 3.177e+00 3.220e+00 3.264e+00 3.309e+00 3.354e+00
 3.399e+00 3.444e+00 3.490e+00 3.536e+00 3.582e+00 3.628e+00 3.675e+00 3.721e+00
 3.768e+00 3.814e+00 3.861e+00 3.908e+00 3.955e+00 4.003e+00 4.050e+00 4.097e+00
 4.145e+00 4.192e+00 4.239e+00 4.285e+00 4.332e+00 4.378e+00 4.424e+00 4.470e+00
 4.515e+00 4.560e+00 4.605e+00 4.649e+00 4.693e+00 4.738e+00 4.782e+00 4.826e+00
 4.871e+00 4.917e+00 4.963e+00 5.009e+00 5.057e+00 5.105e+00 5.154e+00 5.204e+00
 5.256e+00 5.308e+00 5.361e+00 5.415e+00 5.470e+00 5.526e+00 5.583e+00 5.640e+00
 5.698e+00 5.756e+00 5.815e+00 5.874e+00 5.933e+00 5.992e+00 6.051e+00 6.111e+00
 6.170e+00 6.228e+00 6.287e+00 6.345e+00 6.403e+00 6.461e+00 6.518e+00 6.576e+00
 6.633e+00 6.690e+00 6.747e+00 6.804e+00 6.862e+00 6.921e+00 6.980e+00 7.039e+00
 7.100e+00 7.162e+00 7.224e+00 7.287e+00 7.351e+00 7.416e+00 7.482e+00 7.548e+00
 7.615e+00 7.681e+00 7.748e+00 7.815e+00 7.881e+00 7.947e+00 8.012e+00 8.076e+00
 8.140e+00 8.202e+00 8.264e+00 8.324e+00 8.384e+00 8.442e+00 8.500e+00 8.558e+00
 8.614e+00 8.671e+00 8.728e+00 8.784e+00 8.841e+00 8.898e+00 8.957e+00 9.016e+00
 9.077e+00 9.139e+00 9.204e+00 9.272e+00 9.342e+00 9.417e+00 9.495e+00 9.578e+00
 9.666e+00 9.760e+00 9.860e+00 9.967e+00 1.008e+01 1.020e+01 1.033e+01 1.047e+01
 1.061e+01 1.076e+01 1.092e+01 1.108e+01 1.125e+01 1.143e+01 1.161e+01 1.179e+01
 1.198e+01 1.218e+01 1.239e+01 1.261e+01 1.285e+01 1.312e+01 1.342e+01 1.377e+01
 1.415e+01 1.457e+01 1.501e+01 1.545e+01 1.586e+01 1.623e+01 1.655e+01 1.681e+01
 1.702e+01 1.719e+01 1.733e+01 1.744e+01 1.752e+01 1.759e+01 1.765e+01 1.770e+01
 1.774e+01 1.778e+01 1.782e+01 1.785e+01 1.788e+01 1.790e+01 1.793e+01 1.796e+01
 1.799e+01 1.802e+01 1.805e+01 1.808e+01 1.811e+01 1.814e+01 1.818e+01 1.822e+01
 1.826e+01 1.831e+01 1.835e+01 1.840e+01 1.846e+01 1.852e+01 1.858e+01 1.864e+01
 1.871e+01 1.879e+01 1.887e+01 1.895e+01 1.903e+01 1.912e+01 1.922e+01 1.931e+01
 1.941e+01 1.951e+01 1.962e+01 1.973e+01 1.984e+01 1.995e+01 2.006e+01 2.018e+01
 2.030e+01 2.042e+01 2.055e+01 2.067e+01 2.081e+01 2.094e+01 2.108e+01 2.123e+01
 2.138e+01 2.154e+01 2.170e+01 2.187e+01 2.205e+01 2.224e+01 2.242e+01 2.262e+01
 2.281e+01 2.300e+01 2.320e+01 2.338e+01 2.356e+01 2.373e+01 2.390e+01 2.405e+01
 2.419e+01 2.432e+01 2.444e+01 2.455e+01 2.465e+01 2.474e+01 2.483e+01 2.490e+01
 2.497e+01 2.504e+01 2.510e+01 2.515e+01 2.520e+01 2.524e+01 2.529e+01 2.532e+01
 2.536e+01 2.539e+01 2.542e+01 2.545e+01 2.548e+01 2.550e+01 2.553e+01 2.555e+01
 2.557e+01 2.559e+01 2.561e+01 2.562e+01 2.564e+01 2.566e+01 2.567e+01 2.569e+01
 2.570e+01 2.571e+01 2.573e+01 2.574e+01 2.575e+01 2.576e+01 2.578e+01 2.579e+01
 2.580e+01 2.581e+01 2.582e+01 2.584e+01 2.585e+01 2.586e+01 2.587e+01 2.589e+01
 2.590e+01 2.591e+01 2.592e+01 2.594e+01 2.595e+01 2.596e+01 2.598e+01 2.599e+01
 2.601e+01 2.602e+01 2.604e+01 2.605e+01 2.607e+01 2.609e+01 2.611e+01 2.612e+01
 2.614e+01 2.616e+01 2.618e+01 2.620e+01 2.622e+01 2.624e+01 2.627e+01 2.629e+01
 2.631e+01 2.633e+01 2.636e+01 2.638e+01 2.641e+01 2.643e+01 2.646e+01 2.649e+01
 2.651e+01 2.654e+01 2.657e+01 2.659e+01 2.662e+01 2.665e+01 2.668e+01 2.670e+01
 2.673e+01 2.676e+01 2.679e+01 2.681e+01 2.684e+01 2.687e+01 2.690e+01 2.692e+01
 2.695e+01 2.697e+01 2.700e+01 2.703e+01 2.705e+01 2.708e+01 2.710e+01 2.713e+01
 2.715e+01 2.717e+01 2.720e+01 2.722e+01 2.724e+01 2.726e+01 2.728e+01 2.730e+01
 2.732e+01 2.734e+01 2.736e+01 2.738e+01 2.740e+01 2.742e+01 2.743e+01 2.745e+01
 2.747e+01 2.748e+01 2.750e+01 2.751e+01 2.753e+01 2.754e+01 2.755e+01 2.757e+01
 2.758e+01 2.759e+01 2.760e+01 2.761e+01 2.762e+01 2.764e+01 2.765e+01 2.766e+01
 2.767e+01 2.768e+01 2.769e+01 2.769e+01 2.770e+01 2.771e+01 2.772e+01 2.773e+01
 2.774e+01 2.774e+01 2.775e+01 2.776e+01 2.776e+01 2.777e+01 2.778e+01 2.778e+01
 2.779e+01 2.779e+01 2.780e+01 2.781e+01 2.781e+01 2.782e+01 2.782e+01 2.783e+01
 2.783e+01 2.784e+01 2.784e+01 2.784e+01 2.785e+01 2.785e+01 2.786e+01 2.786e+01
 2.786e+01 2.787e+01 2.787e+01 2.787e+01 2.788e+01 2.788e+01 2.788e+01 2.789e+01
 2.789e+01 2.789e+01 2.789e+01 2.790e+01 2.790e+01 2.790e+01 2.790e+01 2.791e+01
 2.791e+01 2.791e+01 2.791e+01 2.792e+01 2.792e+01 2.792e+01 2.792e+01 2.792e+01
 2.793e+01 2.793e+01 2.793e+01 2.793e+01 2.793e+01 2.794e+01 2.794e+01 2.794e+01
 2.794e+01 2.794e+01 2.794e+01 2.794e+01 2.795e+01 2.795e+01 2.795e+01 2.795e+01
 2.795e+01 2.795e+01 2.795e+01 2.795e+01 2.796e+01 2.796e+01 2.796e+01 2.796e+01
 2.796e+01 2.796e+01 2.796e+01 2.796e+01 2.796e+01 2.797e+01 2.797e+01 2.797e+01
 2.797e+01 2.797e+01 2.797e+01 2.797e+01 2.797e+01 2.797e+01 2.797e+01 2.797e+01
 2.797e+01 2.797e+01 2.798e+01 2.798e+01 2.798e+01 2.798e+01 2.798e+01 2.798e+01
 2.798e+01 2.798e+01 2.798e+01 2.798e+01 2.798e+01 2.798e+01 2.798e+01 2.798e+01
C-------------------------------------------------------------------------------
C
C  The fractional abundance and radiated power were generated from the
C  ADAS installation at UKAEA with the named adf11 files. The adf11 data
C  files may be updated in a later release of ADAS and publicly
C  available versions may be found at https://open.adas.ac.uk/.
C
C  The equilibrium balance data was produced with run_adas405.py and
C  the balance with a confinement time with adas4xx_ionbal_tau.py
C  which are functions from the ADAS library. Details on these codes
C  may be found at: https://www.adas.ac.uk/python_lib/index.html
C
C  Copyright (C) 2023 UK Atomic Energy Authority
C
C  This file was generated for use in the UKAEA systems code PROCESS
C  using a script written by Martin O'Mullane.
C  If acquired without provenance a user is strongly advised
C  to check its validity by re-generating using the adf11 files from
C  the OPEN-ADAS site.
C
C  Produced by : Timothy Nunn
C  Date        : 29-07-26
C
C-------------------------------------------------------------------------------
