Radiated power per atom (W m3) as a function dwell time.
Temperature :      0.2 - 500000.0 eV
Density     : 1.00e+20 m-3
   600     5  # Te values, dwell time

Source data:
acd : /home/adas/adas/adf11/acd96/acd96_o.dat
scd : /home/adas/adas/adf11/scd96/scd96_o.dat
plt : /home/adas/adas/adf11/plt96/plt96_o.dat
prb : /home/adas/adas/adf11/prb96/prb96_o.dat

Te[eV]
 2.500e-01 2.561e-01 2.624e-01 2.688e-01 2.754e-01 2.822e-01 2.891e-01 2.962e-01
 3.035e-01 3.109e-01 3.185e-01 3.263e-01 3.343e-01 3.425e-01 3.509e-01 3.595e-01
 3.683e-01 3.774e-01 3.866e-01 3.961e-01 4.058e-01 4.158e-01 4.260e-01 4.364e-01
 4.471e-01 4.581e-01 4.693e-01 4.808e-01 4.926e-01 5.047e-01 5.170e-01 5.297e-01
 5.427e-01 5.560e-01 5.696e-01 5.836e-01 5.979e-01 6.126e-01 6.276e-01 6.430e-01
 6.587e-01 6.749e-01 6.914e-01 7.084e-01 7.257e-01 7.435e-01 7.618e-01 7.804e-01
 7.996e-01 8.192e-01 8.393e-01 8.598e-01 8.809e-01 9.025e-01 9.247e-01 9.473e-01
 9.706e-01 9.943e-01 1.019e+00 1.044e+00 1.069e+00 1.096e+00 1.122e+00 1.150e+00
 1.178e+00 1.207e+00 1.237e+00 1.267e+00 1.298e+00 1.330e+00 1.362e+00 1.396e+00
 1.430e+00 1.465e+00 1.501e+00 1.538e+00 1.575e+00 1.614e+00 1.654e+00 1.694e+00
 1.736e+00 1.778e+00 1.822e+00 1.867e+00 1.912e+00 1.959e+00 2.007e+00 2.056e+00
 2.107e+00 2.159e+00 2.211e+00 2.266e+00 2.321e+00 2.378e+00 2.436e+00 2.496e+00
 2.557e+00 2.620e+00 2.684e+00 2.750e+00 2.818e+00 2.887e+00 2.957e+00 3.030e+00
 3.104e+00 3.180e+00 3.258e+00 3.338e+00 3.420e+00 3.504e+00 3.590e+00 3.678e+00
 3.768e+00 3.860e+00 3.955e+00 4.052e+00 4.151e+00 4.253e+00 4.357e+00 4.464e+00
 4.574e+00 4.686e+00 4.801e+00 4.918e+00 5.039e+00 5.162e+00 5.289e+00 5.419e+00
 5.551e+00 5.688e+00 5.827e+00 5.970e+00 6.116e+00 6.266e+00 6.420e+00 6.577e+00
 6.738e+00 6.904e+00 7.073e+00 7.246e+00 7.424e+00 7.606e+00 7.792e+00 7.983e+00
 8.179e+00 8.380e+00 8.585e+00 8.796e+00 9.011e+00 9.232e+00 9.459e+00 9.691e+00
 9.928e+00 1.017e+01 1.042e+01 1.068e+01 1.094e+01 1.121e+01 1.148e+01 1.176e+01
 1.205e+01 1.235e+01 1.265e+01 1.296e+01 1.328e+01 1.360e+01 1.394e+01 1.428e+01
 1.463e+01 1.499e+01 1.535e+01 1.573e+01 1.612e+01 1.651e+01 1.692e+01 1.733e+01
 1.776e+01 1.819e+01 1.864e+01 1.909e+01 1.956e+01 2.004e+01 2.053e+01 2.104e+01
 2.155e+01 2.208e+01 2.262e+01 2.318e+01 2.374e+01 2.433e+01 2.492e+01 2.553e+01
 2.616e+01 2.680e+01 2.746e+01 2.813e+01 2.882e+01 2.953e+01 3.025e+01 3.099e+01
 3.175e+01 3.253e+01 3.333e+01 3.415e+01 3.498e+01 3.584e+01 3.672e+01 3.762e+01
 3.854e+01 3.949e+01 4.046e+01 4.145e+01 4.246e+01 4.351e+01 4.457e+01 4.566e+01
 4.678e+01 4.793e+01 4.911e+01 5.031e+01 5.154e+01 5.281e+01 5.410e+01 5.543e+01
 5.679e+01 5.818e+01 5.961e+01 6.107e+01 6.256e+01 6.410e+01 6.567e+01 6.728e+01
 6.893e+01 7.062e+01 7.235e+01 7.412e+01 7.594e+01 7.780e+01 7.971e+01 8.167e+01
 8.367e+01 8.572e+01 8.782e+01 8.997e+01 9.218e+01 9.444e+01 9.676e+01 9.913e+01
 1.016e+02 1.040e+02 1.066e+02 1.092e+02 1.119e+02 1.146e+02 1.174e+02 1.203e+02
 1.233e+02 1.263e+02 1.294e+02 1.326e+02 1.358e+02 1.391e+02 1.426e+02 1.461e+02
 1.496e+02 1.533e+02 1.571e+02 1.609e+02 1.649e+02 1.689e+02 1.730e+02 1.773e+02
 1.816e+02 1.861e+02 1.906e+02 1.953e+02 2.001e+02 2.050e+02 2.100e+02 2.152e+02
 2.205e+02 2.259e+02 2.314e+02 2.371e+02 2.429e+02 2.488e+02 2.549e+02 2.612e+02
 2.676e+02 2.742e+02 2.809e+02 2.878e+02 2.948e+02 3.021e+02 3.095e+02 3.170e+02
 3.248e+02 3.328e+02 3.409e+02 3.493e+02 3.579e+02 3.666e+02 3.756e+02 3.848e+02
 3.943e+02 4.039e+02 4.138e+02 4.240e+02 4.344e+02 4.450e+02 4.559e+02 4.671e+02
 4.786e+02 4.903e+02 5.023e+02 5.146e+02 5.273e+02 5.402e+02 5.534e+02 5.670e+02
 5.809e+02 5.951e+02 6.097e+02 6.247e+02 6.400e+02 6.557e+02 6.718e+02 6.882e+02
 7.051e+02 7.224e+02 7.401e+02 7.582e+02 7.768e+02 7.959e+02 8.154e+02 8.354e+02
 8.559e+02 8.769e+02 8.984e+02 9.204e+02 9.429e+02 9.661e+02 9.897e+02 1.014e+03
 1.039e+03 1.064e+03 1.090e+03 1.117e+03 1.145e+03 1.173e+03 1.201e+03 1.231e+03
 1.261e+03 1.292e+03 1.324e+03 1.356e+03 1.389e+03 1.423e+03 1.458e+03 1.494e+03
 1.531e+03 1.568e+03 1.607e+03 1.646e+03 1.686e+03 1.728e+03 1.770e+03 1.813e+03
 1.858e+03 1.903e+03 1.950e+03 1.998e+03 2.047e+03 2.097e+03 2.149e+03 2.201e+03
 2.255e+03 2.310e+03 2.367e+03 2.425e+03 2.485e+03 2.546e+03 2.608e+03 2.672e+03
 2.737e+03 2.804e+03 2.873e+03 2.944e+03 3.016e+03 3.090e+03 3.166e+03 3.243e+03
 3.323e+03 3.404e+03 3.488e+03 3.573e+03 3.661e+03 3.750e+03 3.842e+03 3.937e+03
 4.033e+03 4.132e+03 4.233e+03 4.337e+03 4.443e+03 4.552e+03 4.664e+03 4.778e+03
 4.895e+03 5.015e+03 5.138e+03 5.264e+03 5.393e+03 5.526e+03 5.661e+03 5.800e+03
 5.942e+03 6.088e+03 6.237e+03 6.390e+03 6.547e+03 6.707e+03 6.872e+03 7.040e+03
 7.213e+03 7.390e+03 7.571e+03 7.756e+03 7.947e+03 8.141e+03 8.341e+03 8.545e+03
 8.755e+03 8.970e+03 9.190e+03 9.415e+03 9.646e+03 9.882e+03 1.012e+04 1.037e+04
 1.063e+04 1.089e+04 1.115e+04 1.143e+04 1.171e+04 1.200e+04 1.229e+04 1.259e+04
 1.290e+04 1.322e+04 1.354e+04 1.387e+04 1.421e+04 1.456e+04 1.492e+04 1.528e+04
 1.566e+04 1.604e+04 1.643e+04 1.684e+04 1.725e+04 1.767e+04 1.811e+04 1.855e+04
 1.901e+04 1.947e+04 1.995e+04 2.044e+04 2.094e+04 2.145e+04 2.198e+04 2.252e+04
 2.307e+04 2.363e+04 2.421e+04 2.481e+04 2.542e+04 2.604e+04 2.668e+04 2.733e+04
 2.800e+04 2.869e+04 2.939e+04 3.011e+04 3.085e+04 3.161e+04 3.238e+04 3.318e+04
 3.399e+04 3.482e+04 3.568e+04 3.655e+04 3.745e+04 3.836e+04 3.931e+04 4.027e+04
 4.126e+04 4.227e+04 4.330e+04 4.437e+04 4.545e+04 4.657e+04 4.771e+04 4.888e+04
 5.008e+04 5.131e+04 5.256e+04 5.385e+04 5.517e+04 5.652e+04 5.791e+04 5.933e+04
 6.078e+04 6.228e+04 6.380e+04 6.537e+04 6.697e+04 6.861e+04 7.029e+04 7.202e+04
 7.378e+04 7.559e+04 7.744e+04 7.934e+04 8.129e+04 8.328e+04 8.532e+04 8.741e+04
 8.956e+04 9.175e+04 9.400e+04 9.631e+04 9.867e+04 1.011e+05 1.036e+05 1.061e+05
 1.087e+05 1.114e+05 1.141e+05 1.169e+05 1.198e+05 1.227e+05 1.257e+05 1.288e+05
 1.320e+05 1.352e+05 1.385e+05 1.419e+05 1.454e+05 1.489e+05 1.526e+05 1.563e+05
 1.602e+05 1.641e+05 1.681e+05 1.722e+05 1.765e+05 1.808e+05 1.852e+05 1.898e+05
 1.944e+05 1.992e+05 2.041e+05 2.091e+05 2.142e+05 2.194e+05 2.248e+05 2.303e+05
 2.360e+05 2.418e+05 2.477e+05 2.538e+05 2.600e+05 2.664e+05 2.729e+05 2.796e+05
 2.864e+05 2.935e+05 3.007e+05 3.080e+05 3.156e+05 3.233e+05 3.312e+05 3.394e+05
 3.477e+05 3.562e+05 3.649e+05 3.739e+05 3.831e+05 3.924e+05 4.021e+05 4.119e+05
 4.220e+05 4.324e+05 4.430e+05 4.538e+05 4.650e+05 4.764e+05 4.880e+05 5.000e+05
Lz[Wm**3] for tau[ms]=    0.1
 3.206e-45 3.852e-45 4.666e-45 5.705e-45 7.046e-45 8.795e-45 1.111e-44 1.420e-44
 1.841e-44 2.418e-44 3.218e-44 4.336e-44 5.914e-44 8.158e-44 1.138e-43 1.603e-43
 2.281e-43 3.275e-43 4.742e-43 6.919e-43 1.017e-42 1.503e-42 2.233e-42 3.335e-42
 4.999e-42 7.520e-42 1.134e-41 1.715e-41 2.596e-41 3.935e-41 5.968e-41 9.047e-41
 1.370e-40 2.071e-40 3.121e-40 4.689e-40 7.013e-40 1.044e-39 1.544e-39 2.268e-39
 3.307e-39 4.781e-39 6.848e-39 9.710e-39 1.362e-38 1.892e-38 2.604e-38 3.549e-38
 4.797e-38 6.429e-38 8.548e-38 1.128e-37 1.479e-37 1.926e-37 2.492e-37 3.207e-37
 4.105e-37 5.229e-37 6.632e-37 8.376e-37 1.053e-36 1.319e-36 1.646e-36 2.044e-36
 2.529e-36 3.117e-36 3.826e-36 4.678e-36 5.698e-36 6.913e-36 8.356e-36 1.006e-35
 1.207e-35 1.442e-35 1.717e-35 2.037e-35 2.407e-35 2.834e-35 3.324e-35 3.886e-35
 4.526e-35 5.253e-35 6.075e-35 7.003e-35 8.045e-35 9.214e-35 1.052e-34 1.198e-34
 1.360e-34 1.541e-34 1.741e-34 1.962e-34 2.207e-34 2.478e-34 2.777e-34 3.107e-34
 3.471e-34 3.871e-34 4.312e-34 4.797e-34 5.330e-34 5.915e-34 6.558e-34 7.263e-34
 8.037e-34 8.885e-34 9.814e-34 1.083e-33 1.194e-33 1.315e-33 1.448e-33 1.592e-33
 1.749e-33 1.921e-33 2.107e-33 2.310e-33 2.531e-33 2.771e-33 3.031e-33 3.314e-33
 3.620e-33 3.951e-33 4.309e-33 4.695e-33 5.111e-33 5.557e-33 6.035e-33 6.547e-33
 7.091e-33 7.670e-33 8.281e-33 8.927e-33 9.605e-33 1.031e-32 1.106e-32 1.183e-32
 1.262e-32 1.345e-32 1.430e-32 1.517e-32 1.607e-32 1.699e-32 1.792e-32 1.888e-32
 1.984e-32 2.083e-32 2.183e-32 2.284e-32 2.386e-32 2.489e-32 2.593e-32 2.697e-32
 2.803e-32 2.909e-32 3.016e-32 3.123e-32 3.230e-32 3.338e-32 3.447e-32 3.556e-32
 3.666e-32 3.776e-32 3.886e-32 3.998e-32 4.109e-32 4.222e-32 4.335e-32 4.448e-32
 4.563e-32 4.678e-32 4.793e-32 4.910e-32 5.026e-32 5.144e-32 5.261e-32 5.379e-32
 5.497e-32 5.615e-32 5.733e-32 5.849e-32 5.965e-32 6.080e-32 6.193e-32 6.304e-32
 6.412e-32 6.518e-32 6.620e-32 6.718e-32 6.811e-32 6.899e-32 6.982e-32 7.058e-32
 7.128e-32 7.191e-32 7.246e-32 7.292e-32 7.331e-32 7.361e-32 7.382e-32 7.394e-32
 7.398e-32 7.392e-32 7.377e-32 7.354e-32 7.322e-32 7.281e-32 7.233e-32 7.177e-32
 7.114e-32 7.045e-32 6.969e-32 6.887e-32 6.799e-32 6.708e-32 6.611e-32 6.511e-32
 6.408e-32 6.302e-32 6.193e-32 6.083e-32 5.971e-32 5.858e-32 5.744e-32 5.630e-32
 5.516e-32 5.403e-32 5.290e-32 5.178e-32 5.067e-32 4.958e-32 4.851e-32 4.745e-32
 4.641e-32 4.539e-32 4.440e-32 4.342e-32 4.247e-32 4.154e-32 4.064e-32 3.976e-32
 3.891e-32 3.808e-32 3.728e-32 3.650e-32 3.575e-32 3.502e-32 3.431e-32 3.363e-32
 3.297e-32 3.233e-32 3.172e-32 3.113e-32 3.056e-32 3.001e-32 2.948e-32 2.897e-32
 2.848e-32 2.802e-32 2.757e-32 2.714e-32 2.673e-32 2.633e-32 2.596e-32 2.560e-32
 2.526e-32 2.493e-32 2.462e-32 2.433e-32 2.405e-32 2.378e-32 2.354e-32 2.330e-32
 2.308e-32 2.287e-32 2.268e-32 2.250e-32 2.233e-32 2.217e-32 2.202e-32 2.189e-32
 2.176e-32 2.165e-32 2.154e-32 2.145e-32 2.136e-32 2.129e-32 2.122e-32 2.116e-32
 2.110e-32 2.105e-32 2.101e-32 2.098e-32 2.095e-32 2.093e-32 2.091e-32 2.090e-32
 2.089e-32 2.089e-32 2.089e-32 2.090e-32 2.091e-32 2.092e-32 2.093e-32 2.095e-32
 2.096e-32 2.098e-32 2.101e-32 2.103e-32 2.105e-32 2.108e-32 2.111e-32 2.113e-32
 2.116e-32 2.119e-32 2.122e-32 2.125e-32 2.127e-32 2.130e-32 2.133e-32 2.135e-32
 2.138e-32 2.140e-32 2.143e-32 2.145e-32 2.146e-32 2.148e-32 2.149e-32 2.151e-32
 2.151e-32 2.152e-32 2.152e-32 2.153e-32 2.152e-32 2.152e-32 2.151e-32 2.151e-32
 2.149e-32 2.148e-32 2.147e-32 2.145e-32 2.143e-32 2.141e-32 2.139e-32 2.137e-32
 2.134e-32 2.131e-32 2.129e-32 2.126e-32 2.123e-32 2.120e-32 2.116e-32 2.113e-32
 2.110e-32 2.106e-32 2.102e-32 2.098e-32 2.094e-32 2.090e-32 2.086e-32 2.082e-32
 2.078e-32 2.073e-32 2.069e-32 2.064e-32 2.060e-32 2.055e-32 2.050e-32 2.045e-32
 2.040e-32 2.035e-32 2.030e-32 2.025e-32 2.020e-32 2.015e-32 2.010e-32 2.005e-32
 2.000e-32 1.995e-32 1.989e-32 1.984e-32 1.979e-32 1.973e-32 1.968e-32 1.962e-32
 1.957e-32 1.951e-32 1.946e-32 1.940e-32 1.934e-32 1.929e-32 1.923e-32 1.917e-32
 1.911e-32 1.905e-32 1.899e-32 1.893e-32 1.887e-32 1.881e-32 1.875e-32 1.869e-32
 1.863e-32 1.856e-32 1.850e-32 1.844e-32 1.838e-32 1.832e-32 1.825e-32 1.819e-32
 1.813e-32 1.807e-32 1.801e-32 1.794e-32 1.788e-32 1.782e-32 1.776e-32 1.769e-32
 1.763e-32 1.757e-32 1.751e-32 1.744e-32 1.738e-32 1.732e-32 1.726e-32 1.719e-32
 1.713e-32 1.707e-32 1.700e-32 1.694e-32 1.688e-32 1.681e-32 1.675e-32 1.668e-32
 1.662e-32 1.656e-32 1.650e-32 1.643e-32 1.637e-32 1.631e-32 1.624e-32 1.618e-32
 1.612e-32 1.606e-32 1.600e-32 1.594e-32 1.588e-32 1.582e-32 1.576e-32 1.570e-32
 1.564e-32 1.558e-32 1.552e-32 1.546e-32 1.540e-32 1.534e-32 1.528e-32 1.523e-32
 1.517e-32 1.511e-32 1.505e-32 1.500e-32 1.494e-32 1.488e-32 1.483e-32 1.477e-32
 1.471e-32 1.466e-32 1.460e-32 1.455e-32 1.449e-32 1.444e-32 1.438e-32 1.433e-32
 1.427e-32 1.422e-32 1.416e-32 1.411e-32 1.405e-32 1.400e-32 1.395e-32 1.389e-32
 1.384e-32 1.379e-32 1.374e-32 1.368e-32 1.363e-32 1.358e-32 1.353e-32 1.348e-32
 1.342e-32 1.337e-32 1.332e-32 1.327e-32 1.322e-32 1.317e-32 1.312e-32 1.307e-32
 1.302e-32 1.297e-32 1.292e-32 1.287e-32 1.282e-32 1.277e-32 1.272e-32 1.267e-32
 1.263e-32 1.258e-32 1.253e-32 1.248e-32 1.243e-32 1.239e-32 1.234e-32 1.229e-32
 1.224e-32 1.220e-32 1.215e-32 1.210e-32 1.206e-32 1.201e-32 1.197e-32 1.192e-32
 1.187e-32 1.183e-32 1.178e-32 1.174e-32 1.169e-32 1.165e-32 1.160e-32 1.156e-32
 1.151e-32 1.147e-32 1.143e-32 1.138e-32 1.134e-32 1.130e-32 1.125e-32 1.121e-32
 1.117e-32 1.112e-32 1.108e-32 1.104e-32 1.100e-32 1.095e-32 1.091e-32 1.087e-32
 1.083e-32 1.079e-32 1.075e-32 1.071e-32 1.066e-32 1.062e-32 1.058e-32 1.054e-32
 1.050e-32 1.046e-32 1.042e-32 1.038e-32 1.034e-32 1.030e-32 1.026e-32 1.022e-32
 1.019e-32 1.015e-32 1.011e-32 1.007e-32 1.003e-32 9.993e-33 9.955e-33 9.917e-33
 9.880e-33 9.842e-33 9.805e-33 9.767e-33 9.730e-33 9.693e-33 9.656e-33 9.620e-33
 9.583e-33 9.547e-33 9.511e-33 9.475e-33 9.439e-33 9.403e-33 9.367e-33 9.332e-33
 9.297e-33 9.262e-33 9.227e-33 9.192e-33 9.157e-33 9.123e-33 9.088e-33 9.054e-33
 9.020e-33 8.986e-33 8.952e-33 8.919e-33 8.885e-33 8.852e-33 8.819e-33 8.786e-33
Lz[Wm**3] for tau[ms]=    1.0
 3.206e-45 3.852e-45 4.667e-45 5.706e-45 7.046e-45 8.796e-45 1.111e-44 1.421e-44
 1.843e-44 2.422e-44 3.228e-44 4.358e-44 5.961e-44 8.257e-44 1.158e-43 1.644e-43
 2.361e-43 3.428e-43 5.026e-43 7.436e-43 1.109e-42 1.664e-42 2.510e-42 3.800e-42
 5.769e-42 8.773e-42 1.335e-41 2.032e-41 3.092e-41 4.699e-41 7.131e-41 1.080e-40
 1.631e-40 2.457e-40 3.685e-40 5.504e-40 8.180e-40 1.209e-39 1.777e-39 2.592e-39
 3.755e-39 5.395e-39 7.681e-39 1.083e-38 1.512e-38 2.091e-38 2.864e-38 3.889e-38
 5.235e-38 6.990e-38 9.261e-38 1.218e-37 1.590e-37 2.063e-37 2.659e-37 3.406e-37
 4.339e-37 5.498e-37 6.930e-37 8.693e-37 1.085e-36 1.347e-36 1.664e-36 2.044e-36
 2.497e-36 3.034e-36 3.667e-36 4.406e-36 5.266e-36 6.261e-36 7.404e-36 8.713e-36
 1.021e-35 1.191e-35 1.385e-35 1.605e-35 1.856e-35 2.142e-35 2.469e-35 2.842e-35
 3.270e-35 3.762e-35 4.326e-35 4.974e-35 5.717e-35 6.570e-35 7.546e-35 8.663e-35
 9.938e-35 1.139e-34 1.304e-34 1.491e-34 1.702e-34 1.940e-34 2.207e-34 2.508e-34
 2.845e-34 3.221e-34 3.641e-34 4.110e-34 4.633e-34 5.214e-34 5.863e-34 6.585e-34
 7.390e-34 8.287e-34 9.289e-34 1.041e-33 1.166e-33 1.306e-33 1.462e-33 1.637e-33
 1.833e-33 2.051e-33 2.295e-33 2.565e-33 2.864e-33 3.193e-33 3.552e-33 3.942e-33
 4.363e-33 4.813e-33 5.292e-33 5.797e-33 6.328e-33 6.883e-33 7.460e-33 8.058e-33
 8.676e-33 9.313e-33 9.969e-33 1.064e-32 1.133e-32 1.204e-32 1.277e-32 1.351e-32
 1.427e-32 1.504e-32 1.584e-32 1.664e-32 1.747e-32 1.830e-32 1.916e-32 2.002e-32
 2.090e-32 2.179e-32 2.269e-32 2.361e-32 2.453e-32 2.547e-32 2.641e-32 2.737e-32
 2.834e-32 2.932e-32 3.031e-32 3.132e-32 3.233e-32 3.335e-32 3.438e-32 3.542e-32
 3.647e-32 3.753e-32 3.860e-32 3.967e-32 4.076e-32 4.185e-32 4.295e-32 4.406e-32
 4.517e-32 4.628e-32 4.739e-32 4.848e-32 4.956e-32 5.061e-32 5.161e-32 5.257e-32
 5.346e-32 5.427e-32 5.498e-32 5.558e-32 5.606e-32 5.640e-32 5.659e-32 5.663e-32
 5.649e-32 5.619e-32 5.571e-32 5.506e-32 5.425e-32 5.327e-32 5.215e-32 5.089e-32
 4.951e-32 4.803e-32 4.646e-32 4.482e-32 4.312e-32 4.140e-32 3.966e-32 3.791e-32
 3.618e-32 3.447e-32 3.281e-32 3.118e-32 2.961e-32 2.810e-32 2.664e-32 2.526e-32
 2.394e-32 2.268e-32 2.149e-32 2.037e-32 1.931e-32 1.831e-32 1.737e-32 1.649e-32
 1.566e-32 1.488e-32 1.414e-32 1.345e-32 1.281e-32 1.220e-32 1.163e-32 1.110e-32
 1.060e-32 1.013e-32 9.692e-33 9.279e-33 8.891e-33 8.528e-33 8.186e-33 7.866e-33
 7.565e-33 7.283e-33 7.017e-33 6.768e-33 6.534e-33 6.315e-33 6.109e-33 5.916e-33
 5.735e-33 5.565e-33 5.407e-33 5.259e-33 5.121e-33 4.993e-33 4.874e-33 4.764e-33
 4.663e-33 4.571e-33 4.487e-33 4.411e-33 4.343e-33 4.283e-33 4.230e-33 4.186e-33
 4.148e-33 4.118e-33 4.095e-33 4.080e-33 4.071e-33 4.069e-33 4.074e-33 4.086e-33
 4.103e-33 4.127e-33 4.157e-33 4.192e-33 4.233e-33 4.279e-33 4.330e-33 4.385e-33
 4.444e-33 4.508e-33 4.574e-33 4.644e-33 4.715e-33 4.790e-33 4.865e-33 4.942e-33
 5.020e-33 5.098e-33 5.176e-33 5.254e-33 5.330e-33 5.406e-33 5.480e-33 5.552e-33
 5.623e-33 5.690e-33 5.755e-33 5.817e-33 5.876e-33 5.932e-33 5.985e-33 6.033e-33
 6.078e-33 6.120e-33 6.157e-33 6.191e-33 6.220e-33 6.246e-33 6.268e-33 6.286e-33
 6.300e-33 6.310e-33 6.317e-33 6.320e-33 6.320e-33 6.316e-33 6.310e-33 6.300e-33
 6.288e-33 6.272e-33 6.254e-33 6.234e-33 6.212e-33 6.187e-33 6.160e-33 6.131e-33
 6.101e-33 6.069e-33 6.035e-33 6.000e-33 5.964e-33 5.927e-33 5.888e-33 5.849e-33
 5.810e-33 5.769e-33 5.728e-33 5.687e-33 5.646e-33 5.604e-33 5.562e-33 5.520e-33
 5.479e-33 5.437e-33 5.396e-33 5.354e-33 5.314e-33 5.273e-33 5.233e-33 5.194e-33
 5.154e-33 5.116e-33 5.078e-33 5.040e-33 5.003e-33 4.967e-33 4.931e-33 4.895e-33
 4.861e-33 4.826e-33 4.793e-33 4.760e-33 4.727e-33 4.695e-33 4.664e-33 4.633e-33
 4.603e-33 4.573e-33 4.544e-33 4.515e-33 4.487e-33 4.460e-33 4.433e-33 4.406e-33
 4.380e-33 4.355e-33 4.329e-33 4.305e-33 4.281e-33 4.257e-33 4.234e-33 4.211e-33
 4.188e-33 4.166e-33 4.144e-33 4.123e-33 4.102e-33 4.081e-33 4.060e-33 4.040e-33
 4.020e-33 4.000e-33 3.981e-33 3.961e-33 3.942e-33 3.923e-33 3.904e-33 3.886e-33
 3.867e-33 3.849e-33 3.831e-33 3.813e-33 3.796e-33 3.778e-33 3.761e-33 3.744e-33
 3.727e-33 3.710e-33 3.694e-33 3.677e-33 3.661e-33 3.645e-33 3.630e-33 3.614e-33
 3.599e-33 3.584e-33 3.569e-33 3.554e-33 3.539e-33 3.525e-33 3.511e-33 3.497e-33
 3.483e-33 3.469e-33 3.455e-33 3.441e-33 3.428e-33 3.414e-33 3.401e-33 3.388e-33
 3.375e-33 3.362e-33 3.349e-33 3.336e-33 3.323e-33 3.311e-33 3.298e-33 3.286e-33
 3.273e-33 3.261e-33 3.249e-33 3.237e-33 3.225e-33 3.213e-33 3.202e-33 3.190e-33
 3.179e-33 3.167e-33 3.156e-33 3.145e-33 3.134e-33 3.123e-33 3.113e-33 3.102e-33
 3.091e-33 3.081e-33 3.070e-33 3.060e-33 3.050e-33 3.039e-33 3.029e-33 3.019e-33
 3.009e-33 2.999e-33 2.989e-33 2.979e-33 2.969e-33 2.960e-33 2.950e-33 2.940e-33
 2.931e-33 2.921e-33 2.912e-33 2.902e-33 2.893e-33 2.884e-33 2.874e-33 2.865e-33
 2.856e-33 2.847e-33 2.838e-33 2.829e-33 2.820e-33 2.812e-33 2.803e-33 2.794e-33
 2.785e-33 2.777e-33 2.768e-33 2.760e-33 2.751e-33 2.743e-33 2.735e-33 2.727e-33
 2.718e-33 2.710e-33 2.702e-33 2.694e-33 2.686e-33 2.678e-33 2.670e-33 2.663e-33
 2.655e-33 2.647e-33 2.640e-33 2.632e-33 2.625e-33 2.617e-33 2.610e-33 2.602e-33
 2.595e-33 2.588e-33 2.581e-33 2.573e-33 2.566e-33 2.559e-33 2.552e-33 2.545e-33
 2.539e-33 2.532e-33 2.525e-33 2.518e-33 2.512e-33 2.505e-33 2.499e-33 2.492e-33
 2.486e-33 2.479e-33 2.473e-33 2.467e-33 2.460e-33 2.454e-33 2.448e-33 2.442e-33
 2.436e-33 2.430e-33 2.424e-33 2.418e-33 2.413e-33 2.407e-33 2.401e-33 2.396e-33
 2.390e-33 2.385e-33 2.379e-33 2.374e-33 2.368e-33 2.363e-33 2.358e-33 2.353e-33
 2.347e-33 2.342e-33 2.337e-33 2.332e-33 2.327e-33 2.323e-33 2.318e-33 2.313e-33
 2.308e-33 2.304e-33 2.299e-33 2.295e-33 2.290e-33 2.286e-33 2.281e-33 2.277e-33
 2.273e-33 2.268e-33 2.264e-33 2.260e-33 2.256e-33 2.252e-33 2.248e-33 2.244e-33
 2.240e-33 2.237e-33 2.233e-33 2.229e-33 2.226e-33 2.222e-33 2.219e-33 2.215e-33
 2.212e-33 2.208e-33 2.205e-33 2.202e-33 2.199e-33 2.196e-33 2.193e-33 2.190e-33
 2.187e-33 2.184e-33 2.181e-33 2.178e-33 2.176e-33 2.173e-33 2.170e-33 2.168e-33
 2.165e-33 2.163e-33 2.161e-33 2.158e-33 2.156e-33 2.154e-33 2.152e-33 2.150e-33
Lz[Wm**3] for tau[ms]=   10.0
 3.206e-45 3.852e-45 4.667e-45 5.706e-45 7.046e-45 8.796e-45 1.111e-44 1.421e-44
 1.843e-44 2.424e-44 3.231e-44 4.366e-44 5.980e-44 8.301e-44 1.168e-43 1.664e-43
 2.403e-43 3.513e-43 5.196e-43 7.764e-43 1.171e-42 1.779e-42 2.719e-42 4.174e-42
 6.425e-42 9.904e-42 1.527e-41 2.353e-41 3.620e-41 5.558e-41 8.511e-41 1.299e-40
 1.975e-40 2.989e-40 4.502e-40 6.743e-40 1.004e-39 1.486e-39 2.183e-39 3.186e-39
 4.612e-39 6.620e-39 9.420e-39 1.328e-38 1.853e-38 2.562e-38 3.509e-38 4.764e-38
 6.413e-38 8.560e-38 1.133e-37 1.488e-37 1.938e-37 2.505e-37 3.212e-37 4.086e-37
 5.156e-37 6.453e-37 8.006e-37 9.845e-37 1.199e-36 1.446e-36 1.727e-36 2.042e-36
 2.391e-36 2.775e-36 3.197e-36 3.663e-36 4.182e-36 4.767e-36 5.439e-36 6.221e-36
 7.144e-36 8.243e-36 9.560e-36 1.114e-35 1.303e-35 1.530e-35 1.801e-35 2.123e-35
 2.503e-35 2.952e-35 3.478e-35 4.092e-35 4.806e-35 5.635e-35 6.591e-35 7.692e-35
 8.954e-35 1.040e-34 1.204e-34 1.391e-34 1.603e-34 1.843e-34 2.114e-34 2.420e-34
 2.766e-34 3.156e-34 3.596e-34 4.095e-34 4.662e-34 5.307e-34 6.043e-34 6.888e-34
 7.860e-34 8.979e-34 1.027e-33 1.175e-33 1.345e-33 1.539e-33 1.757e-33 2.001e-33
 2.272e-33 2.568e-33 2.888e-33 3.231e-33 3.596e-33 3.981e-33 4.385e-33 4.806e-33
 5.245e-33 5.699e-33 6.171e-33 6.658e-33 7.162e-33 7.684e-33 8.222e-33 8.779e-33
 9.353e-33 9.947e-33 1.056e-32 1.119e-32 1.184e-32 1.251e-32 1.320e-32 1.390e-32
 1.463e-32 1.537e-32 1.613e-32 1.690e-32 1.770e-32 1.850e-32 1.933e-32 2.016e-32
 2.101e-32 2.188e-32 2.276e-32 2.365e-32 2.456e-32 2.548e-32 2.641e-32 2.735e-32
 2.831e-32 2.928e-32 3.026e-32 3.126e-32 3.226e-32 3.328e-32 3.432e-32 3.536e-32
 3.643e-32 3.750e-32 3.859e-32 3.969e-32 4.081e-32 4.192e-32 4.304e-32 4.413e-32
 4.520e-32 4.622e-32 4.716e-32 4.800e-32 4.871e-32 4.925e-32 4.959e-32 4.970e-32
 4.955e-32 4.913e-32 4.841e-32 4.740e-32 4.611e-32 4.455e-32 4.275e-32 4.076e-32
 3.861e-32 3.635e-32 3.402e-32 3.169e-32 2.937e-32 2.711e-32 2.494e-32 2.287e-32
 2.093e-32 1.911e-32 1.743e-32 1.588e-32 1.445e-32 1.316e-32 1.198e-32 1.091e-32
 9.940e-33 9.065e-33 8.275e-33 7.563e-33 6.922e-33 6.343e-33 5.822e-33 5.352e-33
 4.928e-33 4.545e-33 4.199e-33 3.886e-33 3.603e-33 3.346e-33 3.113e-33 2.901e-33
 2.708e-33 2.532e-33 2.372e-33 2.225e-33 2.091e-33 1.968e-33 1.856e-33 1.753e-33
 1.658e-33 1.572e-33 1.492e-33 1.419e-33 1.352e-33 1.291e-33 1.234e-33 1.183e-33
 1.136e-33 1.093e-33 1.055e-33 1.020e-33 9.886e-34 9.608e-34 9.363e-34 9.150e-34
 8.969e-34 8.820e-34 8.701e-34 8.613e-34 8.557e-34 8.531e-34 8.537e-34 8.575e-34
 8.645e-34 8.748e-34 8.884e-34 9.053e-34 9.255e-34 9.490e-34 9.758e-34 1.006e-33
 1.039e-33 1.075e-33 1.114e-33 1.156e-33 1.200e-33 1.247e-33 1.295e-33 1.346e-33
 1.398e-33 1.451e-33 1.505e-33 1.559e-33 1.614e-33 1.668e-33 1.722e-33 1.775e-33
 1.826e-33 1.875e-33 1.922e-33 1.966e-33 2.007e-33 2.045e-33 2.078e-33 2.108e-33
 2.132e-33 2.153e-33 2.169e-33 2.180e-33 2.186e-33 2.187e-33 2.185e-33 2.177e-33
 2.166e-33 2.151e-33 2.133e-33 2.112e-33 2.087e-33 2.061e-33 2.033e-33 2.002e-33
 1.971e-33 1.938e-33 1.905e-33 1.871e-33 1.836e-33 1.802e-33 1.767e-33 1.733e-33
 1.699e-33 1.665e-33 1.631e-33 1.598e-33 1.566e-33 1.534e-33 1.503e-33 1.473e-33
 1.443e-33 1.414e-33 1.386e-33 1.358e-33 1.331e-33 1.305e-33 1.280e-33 1.255e-33
 1.231e-33 1.208e-33 1.185e-33 1.163e-33 1.142e-33 1.121e-33 1.101e-33 1.081e-33
 1.063e-33 1.044e-33 1.027e-33 1.010e-33 9.931e-34 9.771e-34 9.616e-34 9.466e-34
 9.321e-34 9.180e-34 9.044e-34 8.913e-34 8.786e-34 8.663e-34 8.544e-34 8.429e-34
 8.318e-34 8.211e-34 8.107e-34 8.007e-34 7.910e-34 7.816e-34 7.725e-34 7.637e-34
 7.552e-34 7.469e-34 7.389e-34 7.312e-34 7.237e-34 7.165e-34 7.095e-34 7.026e-34
 6.961e-34 6.897e-34 6.835e-34 6.775e-34 6.716e-34 6.660e-34 6.605e-34 6.552e-34
 6.501e-34 6.451e-34 6.402e-34 6.355e-34 6.310e-34 6.266e-34 6.223e-34 6.181e-34
 6.141e-34 6.101e-34 6.063e-34 6.026e-34 5.990e-34 5.955e-34 5.921e-34 5.888e-34
 5.856e-34 5.824e-34 5.794e-34 5.764e-34 5.735e-34 5.707e-34 5.679e-34 5.653e-34
 5.627e-34 5.601e-34 5.576e-34 5.552e-34 5.529e-34 5.506e-34 5.484e-34 5.462e-34
 5.441e-34 5.421e-34 5.401e-34 5.382e-34 5.363e-34 5.345e-34 5.327e-34 5.310e-34
 5.293e-34 5.277e-34 5.261e-34 5.246e-34 5.231e-34 5.217e-34 5.203e-34 5.190e-34
 5.177e-34 5.164e-34 5.152e-34 5.140e-34 5.128e-34 5.117e-34 5.106e-34 5.096e-34
 5.085e-34 5.076e-34 5.066e-34 5.057e-34 5.048e-34 5.040e-34 5.032e-34 5.024e-34
 5.017e-34 5.010e-34 5.004e-34 4.998e-34 4.993e-34 4.988e-34 4.983e-34 4.979e-34
 4.975e-34 4.972e-34 4.969e-34 4.966e-34 4.964e-34 4.962e-34 4.960e-34 4.959e-34
 4.957e-34 4.956e-34 4.956e-34 4.955e-34 4.954e-34 4.954e-34 4.954e-34 4.953e-34
 4.954e-34 4.954e-34 4.955e-34 4.955e-34 4.956e-34 4.958e-34 4.959e-34 4.961e-34
 4.963e-34 4.965e-34 4.967e-34 4.970e-34 4.973e-34 4.976e-34 4.979e-34 4.982e-34
 4.986e-34 4.990e-34 4.994e-34 4.998e-34 5.003e-34 5.007e-34 5.012e-34 5.017e-34
 5.023e-34 5.028e-34 5.034e-34 5.040e-34 5.046e-34 5.053e-34 5.059e-34 5.066e-34
 5.073e-34 5.081e-34 5.088e-34 5.096e-34 5.104e-34 5.112e-34 5.120e-34 5.129e-34
 5.138e-34 5.147e-34 5.156e-34 5.166e-34 5.175e-34 5.185e-34 5.195e-34 5.206e-34
 5.216e-34 5.227e-34 5.238e-34 5.249e-34 5.261e-34 5.273e-34 5.284e-34 5.297e-34
 5.309e-34 5.322e-34 5.335e-34 5.348e-34 5.361e-34 5.375e-34 5.389e-34 5.403e-34
 5.417e-34 5.431e-34 5.446e-34 5.461e-34 5.477e-34 5.492e-34 5.508e-34 5.524e-34
 5.540e-34 5.557e-34 5.574e-34 5.591e-34 5.608e-34 5.626e-34 5.643e-34 5.661e-34
 5.680e-34 5.698e-34 5.717e-34 5.736e-34 5.756e-34 5.776e-34 5.796e-34 5.816e-34
 5.836e-34 5.857e-34 5.878e-34 5.900e-34 5.921e-34 5.943e-34 5.965e-34 5.988e-34
 6.011e-34 6.034e-34 6.057e-34 6.081e-34 6.105e-34 6.129e-34 6.154e-34 6.178e-34
 6.204e-34 6.229e-34 6.255e-34 6.281e-34 6.307e-34 6.334e-34 6.361e-34 6.389e-34
 6.416e-34 6.444e-34 6.473e-34 6.501e-34 6.530e-34 6.560e-34 6.589e-34 6.619e-34
 6.650e-34 6.680e-34 6.711e-34 6.743e-34 6.775e-34 6.807e-34 6.839e-34 6.872e-34
 6.905e-34 6.939e-34 6.972e-34 7.007e-34 7.041e-34 7.076e-34 7.112e-34 7.147e-34
 7.183e-34 7.220e-34 7.257e-34 7.294e-34 7.332e-34 7.370e-34 7.408e-34 7.447e-34
Lz[Wm**3] for tau[ms]=  100.0
 3.206e-45 3.852e-45 4.667e-45 5.706e-45 7.046e-45 8.797e-45 1.111e-44 1.421e-44
 1.843e-44 2.424e-44 3.232e-44 4.368e-44 5.983e-44 8.307e-44 1.169e-43 1.667e-43
 2.409e-43 3.526e-43 5.221e-43 7.815e-43 1.181e-42 1.798e-42 2.755e-42 4.240e-42
 6.544e-42 1.012e-41 1.564e-41 2.417e-41 3.729e-41 5.741e-41 8.815e-41 1.349e-40
 2.056e-40 3.119e-40 4.709e-40 7.069e-40 1.055e-39 1.564e-39 2.303e-39 3.367e-39
 4.883e-39 7.024e-39 1.002e-38 1.415e-38 1.979e-38 2.744e-38 3.769e-38 5.132e-38
 6.929e-38 9.276e-38 1.232e-37 1.622e-37 2.117e-37 2.742e-37 3.519e-37 4.476e-37
 5.638e-37 7.029e-37 8.667e-37 1.056e-36 1.270e-36 1.507e-36 1.765e-36 2.041e-36
 2.332e-36 2.640e-36 2.970e-36 3.331e-36 3.738e-36 4.210e-36 4.773e-36 5.453e-36
 6.286e-36 7.307e-36 8.558e-36 1.008e-35 1.194e-35 1.417e-35 1.686e-35 2.006e-35
 2.385e-35 2.833e-35 3.359e-35 3.973e-35 4.688e-35 5.517e-35 6.474e-35 7.576e-35
 8.840e-35 1.029e-34 1.194e-34 1.381e-34 1.594e-34 1.836e-34 2.109e-34 2.419e-34
 2.770e-34 3.169e-34 3.624e-34 4.143e-34 4.740e-34 5.428e-34 6.225e-34 7.152e-34
 8.233e-34 9.491e-34 1.095e-33 1.263e-33 1.455e-33 1.672e-33 1.914e-33 2.179e-33
 2.468e-33 2.778e-33 3.107e-33 3.454e-33 3.818e-33 4.197e-33 4.593e-33 5.003e-33
 5.429e-33 5.871e-33 6.329e-33 6.804e-33 7.295e-33 7.805e-33 8.333e-33 8.879e-33
 9.445e-33 1.003e-32 1.063e-32 1.126e-32 1.190e-32 1.257e-32 1.325e-32 1.395e-32
 1.467e-32 1.541e-32 1.616e-32 1.693e-32 1.772e-32 1.852e-32 1.934e-32 2.017e-32
 2.102e-32 2.188e-32 2.276e-32 2.365e-32 2.456e-32 2.547e-32 2.640e-32 2.735e-32
 2.831e-32 2.927e-32 3.026e-32 3.125e-32 3.226e-32 3.328e-32 3.432e-32 3.537e-32
 3.644e-32 3.753e-32 3.863e-32 3.974e-32 4.086e-32 4.198e-32 4.309e-32 4.416e-32
 4.519e-32 4.613e-32 4.695e-32 4.762e-32 4.809e-32 4.833e-32 4.828e-32 4.791e-32
 4.721e-32 4.615e-32 4.474e-32 4.301e-32 4.098e-32 3.872e-32 3.628e-32 3.372e-32
 3.110e-32 2.850e-32 2.596e-32 2.353e-32 2.123e-32 1.908e-32 1.710e-32 1.530e-32
 1.366e-32 1.218e-32 1.086e-32 9.683e-33 8.633e-33 7.701e-33 6.875e-33 6.143e-33
 5.495e-33 4.923e-33 4.416e-33 3.969e-33 3.572e-33 3.222e-33 2.911e-33 2.635e-33
 2.390e-33 2.173e-33 1.979e-33 1.806e-33 1.652e-33 1.514e-33 1.391e-33 1.280e-33
 1.181e-33 1.092e-33 1.011e-33 9.389e-34 8.735e-34 8.145e-34 7.612e-34 7.131e-34
 6.697e-34 6.305e-34 5.952e-34 5.635e-34 5.350e-34 5.096e-34 4.870e-34 4.671e-34
 4.497e-34 4.346e-34 4.219e-34 4.113e-34 4.029e-34 3.966e-34 3.923e-34 3.900e-34
 3.899e-34 3.918e-34 3.958e-34 4.020e-34 4.104e-34 4.210e-34 4.340e-34 4.493e-34
 4.671e-34 4.873e-34 5.100e-34 5.351e-34 5.626e-34 5.924e-34 6.246e-34 6.588e-34
 6.951e-34 7.333e-34 7.731e-34 8.144e-34 8.569e-34 9.003e-34 9.445e-34 9.890e-34
 1.034e-33 1.078e-33 1.122e-33 1.165e-33 1.206e-33 1.246e-33 1.284e-33 1.319e-33
 1.351e-33 1.380e-33 1.405e-33 1.426e-33 1.442e-33 1.453e-33 1.459e-33 1.461e-33
 1.458e-33 1.450e-33 1.437e-33 1.420e-33 1.400e-33 1.376e-33 1.350e-33 1.321e-33
 1.290e-33 1.257e-33 1.224e-33 1.190e-33 1.155e-33 1.120e-33 1.086e-33 1.052e-33
 1.018e-33 9.854e-34 9.534e-34 9.223e-34 8.922e-34 8.631e-34 8.349e-34 8.078e-34
 7.818e-34 7.567e-34 7.326e-34 7.095e-34 6.873e-34 6.660e-34 6.456e-34 6.261e-34
 6.073e-34 5.893e-34 5.720e-34 5.554e-34 5.395e-34 5.243e-34 5.097e-34 4.956e-34
 4.822e-34 4.693e-34 4.570e-34 4.451e-34 4.338e-34 4.229e-34 4.125e-34 4.025e-34
 3.929e-34 3.837e-34 3.749e-34 3.665e-34 3.584e-34 3.506e-34 3.431e-34 3.360e-34
 3.291e-34 3.225e-34 3.162e-34 3.101e-34 3.043e-34 2.988e-34 2.934e-34 2.883e-34
 2.834e-34 2.786e-34 2.741e-34 2.698e-34 2.656e-34 2.616e-34 2.578e-34 2.541e-34
 2.505e-34 2.471e-34 2.438e-34 2.407e-34 2.377e-34 2.348e-34 2.320e-34 2.293e-34
 2.267e-34 2.242e-34 2.218e-34 2.196e-34 2.174e-34 2.152e-34 2.132e-34 2.113e-34
 2.094e-34 2.076e-34 2.059e-34 2.043e-34 2.027e-34 2.012e-34 1.997e-34 1.984e-34
 1.971e-34 1.958e-34 1.946e-34 1.935e-34 1.924e-34 1.914e-34 1.904e-34 1.895e-34
 1.887e-34 1.879e-34 1.871e-34 1.864e-34 1.857e-34 1.851e-34 1.845e-34 1.840e-34
 1.835e-34 1.831e-34 1.827e-34 1.823e-34 1.820e-34 1.817e-34 1.815e-34 1.813e-34
 1.811e-34 1.809e-34 1.808e-34 1.807e-34 1.807e-34 1.807e-34 1.807e-34 1.807e-34
 1.808e-34 1.809e-34 1.810e-34 1.811e-34 1.813e-34 1.815e-34 1.817e-34 1.819e-34
 1.822e-34 1.825e-34 1.828e-34 1.831e-34 1.834e-34 1.838e-34 1.842e-34 1.846e-34
 1.851e-34 1.855e-34 1.860e-34 1.866e-34 1.871e-34 1.877e-34 1.883e-34 1.889e-34
 1.896e-34 1.903e-34 1.910e-34 1.918e-34 1.926e-34 1.934e-34 1.942e-34 1.951e-34
 1.961e-34 1.970e-34 1.980e-34 1.990e-34 2.000e-34 2.010e-34 2.021e-34 2.032e-34
 2.043e-34 2.054e-34 2.065e-34 2.076e-34 2.087e-34 2.099e-34 2.110e-34 2.122e-34
 2.134e-34 2.146e-34 2.158e-34 2.170e-34 2.183e-34 2.195e-34 2.208e-34 2.221e-34
 2.234e-34 2.248e-34 2.261e-34 2.275e-34 2.289e-34 2.303e-34 2.317e-34 2.331e-34
 2.346e-34 2.361e-34 2.376e-34 2.391e-34 2.406e-34 2.421e-34 2.437e-34 2.453e-34
 2.468e-34 2.485e-34 2.501e-34 2.517e-34 2.534e-34 2.550e-34 2.567e-34 2.584e-34
 2.602e-34 2.619e-34 2.637e-34 2.654e-34 2.672e-34 2.691e-34 2.709e-34 2.727e-34
 2.746e-34 2.765e-34 2.784e-34 2.803e-34 2.822e-34 2.842e-34 2.862e-34 2.882e-34
 2.902e-34 2.922e-34 2.942e-34 2.963e-34 2.984e-34 3.005e-34 3.026e-34 3.048e-34
 3.069e-34 3.091e-34 3.113e-34 3.135e-34 3.158e-34 3.180e-34 3.203e-34 3.226e-34
 3.249e-34 3.273e-34 3.296e-34 3.320e-34 3.344e-34 3.369e-34 3.393e-34 3.418e-34
 3.443e-34 3.468e-34 3.493e-34 3.519e-34 3.544e-34 3.570e-34 3.597e-34 3.623e-34
 3.650e-34 3.677e-34 3.704e-34 3.731e-34 3.759e-34 3.787e-34 3.815e-34 3.843e-34
 3.872e-34 3.901e-34 3.930e-34 3.959e-34 3.989e-34 4.019e-34 4.049e-34 4.079e-34
 4.110e-34 4.141e-34 4.172e-34 4.203e-34 4.235e-34 4.267e-34 4.299e-34 4.332e-34
 4.365e-34 4.398e-34 4.431e-34 4.465e-34 4.498e-34 4.533e-34 4.567e-34 4.602e-34
 4.637e-34 4.672e-34 4.708e-34 4.744e-34 4.780e-34 4.817e-34 4.854e-34 4.891e-34
 4.928e-34 4.966e-34 5.004e-34 5.043e-34 5.082e-34 5.121e-34 5.160e-34 5.200e-34
 5.240e-34 5.281e-34 5.321e-34 5.363e-34 5.404e-34 5.446e-34 5.488e-34 5.531e-34
 5.573e-34 5.617e-34 5.660e-34 5.704e-34 5.749e-34 5.793e-34 5.838e-34 5.884e-34
Lz[Wm**3] for tau[ms]= 1000.0
 3.206e-45 3.852e-45 4.667e-45 5.706e-45 7.046e-45 8.797e-45 1.111e-44 1.421e-44
 1.843e-44 2.424e-44 3.232e-44 4.368e-44 5.983e-44 8.308e-44 1.169e-43 1.668e-43
 2.410e-43 3.527e-43 5.224e-43 7.821e-43 1.182e-42 1.800e-42 2.759e-42 4.247e-42
 6.557e-42 1.014e-41 1.568e-41 2.424e-41 3.741e-41 5.761e-41 8.849e-41 1.355e-40
 2.065e-40 3.134e-40 4.733e-40 7.107e-40 1.061e-39 1.573e-39 2.317e-39 3.389e-39
 4.916e-39 7.074e-39 1.009e-38 1.426e-38 1.996e-38 2.767e-38 3.803e-38 5.181e-38
 6.999e-38 9.374e-38 1.245e-37 1.640e-37 2.143e-37 2.776e-37 3.564e-37 4.534e-37
 5.711e-37 7.117e-37 8.768e-37 1.067e-36 1.281e-36 1.517e-36 1.771e-36 2.040e-36
 2.323e-36 2.621e-36 2.938e-36 3.286e-36 3.679e-36 4.139e-36 4.690e-36 5.360e-36
 6.185e-36 7.199e-36 8.445e-36 9.967e-36 1.182e-35 1.405e-35 1.673e-35 1.993e-35
 2.373e-35 2.821e-35 3.347e-35 3.961e-35 4.676e-35 5.505e-35 6.462e-35 7.565e-35
 8.829e-35 1.028e-34 1.192e-34 1.380e-34 1.593e-34 1.835e-34 2.109e-34 2.419e-34
 2.772e-34 3.172e-34 3.629e-34 4.152e-34 4.753e-34 5.448e-34 6.255e-34 7.195e-34
 8.293e-34 9.572e-34 1.106e-33 1.277e-33 1.472e-33 1.692e-33 1.936e-33 2.204e-33
 2.494e-33 2.805e-33 3.134e-33 3.481e-33 3.844e-33 4.223e-33 4.617e-33 5.026e-33
 5.450e-33 5.890e-33 6.346e-33 6.819e-33 7.309e-33 7.818e-33 8.344e-33 8.889e-33
 9.454e-33 1.004e-32 1.064e-32 1.127e-32 1.191e-32 1.257e-32 1.325e-32 1.396e-32
 1.467e-32 1.541e-32 1.617e-32 1.694e-32 1.772e-32 1.853e-32 1.934e-32 2.018e-32
 2.102e-32 2.188e-32 2.276e-32 2.365e-32 2.456e-32 2.547e-32 2.640e-32 2.735e-32
 2.830e-32 2.927e-32 3.026e-32 3.125e-32 3.226e-32 3.328e-32 3.432e-32 3.538e-32
 3.645e-32 3.753e-32 3.863e-32 3.975e-32 4.087e-32 4.199e-32 4.309e-32 4.417e-32
 4.518e-32 4.611e-32 4.692e-32 4.756e-32 4.800e-32 4.818e-32 4.808e-32 4.764e-32
 4.686e-32 4.571e-32 4.421e-32 4.237e-32 4.025e-32 3.790e-32 3.538e-32 3.276e-32
 3.010e-32 2.748e-32 2.493e-32 2.250e-32 2.022e-32 1.811e-32 1.617e-32 1.441e-32
 1.282e-32 1.139e-32 1.012e-32 8.992e-33 7.990e-33 7.103e-33 6.320e-33 5.629e-33
 5.019e-33 4.482e-33 4.008e-33 3.590e-33 3.221e-33 2.896e-33 2.608e-33 2.353e-33
 2.128e-33 1.928e-33 1.751e-33 1.593e-33 1.452e-33 1.327e-33 1.215e-33 1.115e-33
 1.026e-33 9.453e-34 8.732e-34 8.084e-34 7.501e-34 6.976e-34 6.504e-34 6.079e-34
 5.698e-34 5.355e-34 5.047e-34 4.772e-34 4.527e-34 4.309e-34 4.117e-34 3.950e-34
 3.805e-34 3.683e-34 3.582e-34 3.501e-34 3.440e-34 3.398e-34 3.375e-34 3.372e-34
 3.388e-34 3.424e-34 3.480e-34 3.557e-34 3.655e-34 3.774e-34 3.916e-34 4.080e-34
 4.267e-34 4.478e-34 4.713e-34 4.970e-34 5.250e-34 5.553e-34 5.876e-34 6.220e-34
 6.582e-34 6.961e-34 7.356e-34 7.763e-34 8.180e-34 8.606e-34 9.036e-34 9.469e-34
 9.901e-34 1.033e-33 1.075e-33 1.116e-33 1.155e-33 1.193e-33 1.228e-33 1.261e-33
 1.290e-33 1.315e-33 1.337e-33 1.354e-33 1.366e-33 1.374e-33 1.377e-33 1.374e-33
 1.367e-33 1.355e-33 1.339e-33 1.320e-33 1.296e-33 1.270e-33 1.241e-33 1.210e-33
 1.177e-33 1.144e-33 1.109e-33 1.074e-33 1.040e-33 1.005e-33 9.707e-34 9.371e-34
 9.043e-34 8.725e-34 8.416e-34 8.117e-34 7.829e-34 7.551e-34 7.285e-34 7.029e-34
 6.784e-34 6.549e-34 6.324e-34 6.109e-34 5.903e-34 5.706e-34 5.517e-34 5.337e-34
 5.165e-34 5.000e-34 4.842e-34 4.691e-34 4.546e-34 4.408e-34 4.276e-34 4.149e-34
 4.028e-34 3.912e-34 3.801e-34 3.695e-34 3.593e-34 3.496e-34 3.403e-34 3.314e-34
 3.229e-34 3.148e-34 3.070e-34 2.995e-34 2.924e-34 2.855e-34 2.790e-34 2.727e-34
 2.667e-34 2.609e-34 2.554e-34 2.502e-34 2.451e-34 2.403e-34 2.356e-34 2.312e-34
 2.270e-34 2.229e-34 2.190e-34 2.153e-34 2.117e-34 2.083e-34 2.050e-34 2.018e-34
 1.988e-34 1.959e-34 1.932e-34 1.905e-34 1.880e-34 1.855e-34 1.832e-34 1.809e-34
 1.788e-34 1.767e-34 1.747e-34 1.728e-34 1.710e-34 1.693e-34 1.676e-34 1.660e-34
 1.645e-34 1.631e-34 1.617e-34 1.603e-34 1.591e-34 1.579e-34 1.567e-34 1.557e-34
 1.546e-34 1.537e-34 1.528e-34 1.519e-34 1.511e-34 1.503e-34 1.496e-34 1.490e-34
 1.483e-34 1.478e-34 1.473e-34 1.468e-34 1.463e-34 1.460e-34 1.456e-34 1.453e-34
 1.450e-34 1.448e-34 1.446e-34 1.445e-34 1.444e-34 1.443e-34 1.442e-34 1.442e-34
 1.442e-34 1.443e-34 1.444e-34 1.445e-34 1.446e-34 1.448e-34 1.450e-34 1.452e-34
 1.454e-34 1.457e-34 1.460e-34 1.463e-34 1.466e-34 1.470e-34 1.474e-34 1.478e-34
 1.482e-34 1.486e-34 1.491e-34 1.496e-34 1.501e-34 1.506e-34 1.511e-34 1.517e-34
 1.523e-34 1.529e-34 1.536e-34 1.542e-34 1.549e-34 1.556e-34 1.564e-34 1.572e-34
 1.580e-34 1.588e-34 1.597e-34 1.606e-34 1.615e-34 1.625e-34 1.635e-34 1.645e-34
 1.655e-34 1.666e-34 1.677e-34 1.688e-34 1.700e-34 1.711e-34 1.723e-34 1.735e-34
 1.747e-34 1.760e-34 1.772e-34 1.784e-34 1.797e-34 1.810e-34 1.822e-34 1.835e-34
 1.848e-34 1.861e-34 1.875e-34 1.888e-34 1.902e-34 1.916e-34 1.930e-34 1.944e-34
 1.958e-34 1.973e-34 1.987e-34 2.002e-34 2.017e-34 2.032e-34 2.048e-34 2.063e-34
 2.079e-34 2.095e-34 2.111e-34 2.127e-34 2.143e-34 2.160e-34 2.176e-34 2.193e-34
 2.210e-34 2.227e-34 2.244e-34 2.262e-34 2.279e-34 2.297e-34 2.315e-34 2.333e-34
 2.352e-34 2.370e-34 2.389e-34 2.407e-34 2.426e-34 2.446e-34 2.465e-34 2.484e-34
 2.504e-34 2.524e-34 2.544e-34 2.564e-34 2.584e-34 2.605e-34 2.625e-34 2.646e-34
 2.667e-34 2.689e-34 2.710e-34 2.732e-34 2.754e-34 2.776e-34 2.798e-34 2.820e-34
 2.843e-34 2.865e-34 2.888e-34 2.911e-34 2.935e-34 2.958e-34 2.982e-34 3.006e-34
 3.030e-34 3.054e-34 3.079e-34 3.104e-34 3.129e-34 3.154e-34 3.179e-34 3.205e-34
 3.230e-34 3.256e-34 3.283e-34 3.309e-34 3.336e-34 3.363e-34 3.390e-34 3.417e-34
 3.445e-34 3.472e-34 3.500e-34 3.529e-34 3.557e-34 3.586e-34 3.615e-34 3.644e-34
 3.673e-34 3.703e-34 3.733e-34 3.763e-34 3.793e-34 3.824e-34 3.855e-34 3.886e-34
 3.918e-34 3.949e-34 3.981e-34 4.013e-34 4.046e-34 4.079e-34 4.112e-34 4.145e-34
 4.179e-34 4.212e-34 4.246e-34 4.281e-34 4.316e-34 4.350e-34 4.386e-34 4.421e-34
 4.457e-34 4.493e-34 4.530e-34 4.566e-34 4.603e-34 4.641e-34 4.678e-34 4.716e-34
 4.754e-34 4.793e-34 4.832e-34 4.871e-34 4.911e-34 4.950e-34 4.991e-34 5.031e-34
 5.072e-34 5.113e-34 5.154e-34 5.196e-34 5.238e-34 5.281e-34 5.324e-34 5.367e-34
 5.411e-34 5.455e-34 5.499e-34 5.543e-34 5.588e-34 5.634e-34 5.680e-34 5.726e-34
Lz[Wm**3] in equilibrium - infinite confinement
 1.000e-42 1.000e-42 1.000e-42 1.000e-42 1.000e-42 1.000e-42 1.000e-42 1.000e-42
 1.000e-42 1.000e-42 1.000e-42 1.000e-42 1.000e-42 1.000e-42 1.000e-42 1.000e-42
 1.000e-42 1.000e-42 1.000e-42 1.000e-42 1.182e-42 1.800e-42 2.759e-42 4.247e-42
 6.558e-42 1.014e-41 1.569e-41 2.425e-41 3.742e-41 5.764e-41 8.853e-41 1.355e-40
 2.066e-40 3.136e-40 4.735e-40 7.111e-40 1.061e-39 1.574e-39 2.319e-39 3.391e-39
 4.920e-39 7.080e-39 1.010e-38 1.427e-38 1.997e-38 2.770e-38 3.807e-38 5.187e-38
 7.007e-38 9.385e-38 1.247e-37 1.643e-37 2.146e-37 2.780e-37 3.570e-37 4.541e-37
 5.720e-37 7.127e-37 8.780e-37 1.068e-36 1.282e-36 1.518e-36 1.772e-36 2.040e-36
 2.322e-36 2.619e-36 2.935e-36 3.281e-36 3.673e-36 4.131e-36 4.680e-36 5.350e-36
 6.173e-36 7.187e-36 8.432e-36 9.954e-36 1.180e-35 1.404e-35 1.672e-35 1.992e-35
 2.372e-35 2.819e-35 3.345e-35 3.960e-35 4.675e-35 5.504e-35 6.461e-35 7.563e-35
 8.828e-35 1.027e-34 1.192e-34 1.380e-34 1.593e-34 1.835e-34 2.109e-34 2.419e-34
 2.772e-34 3.172e-34 3.629e-34 4.152e-34 4.754e-34 5.450e-34 6.258e-34 7.200e-34
 8.300e-34 9.582e-34 1.107e-33 1.278e-33 1.474e-33 1.694e-33 1.939e-33 2.207e-33
 2.498e-33 2.808e-33 3.138e-33 3.484e-33 3.847e-33 4.226e-33 4.619e-33 5.028e-33
 5.452e-33 5.892e-33 6.348e-33 6.821e-33 7.311e-33 7.819e-33 8.345e-33 8.891e-33
 9.455e-33 1.004e-32 1.064e-32 1.127e-32 1.191e-32 1.257e-32 1.326e-32 1.396e-32
 1.468e-32 1.541e-32 1.617e-32 1.694e-32 1.772e-32 1.853e-32 1.934e-32 2.018e-32
 2.102e-32 2.188e-32 2.276e-32 2.365e-32 2.456e-32 2.547e-32 2.640e-32 2.735e-32
 2.830e-32 2.927e-32 3.026e-32 3.125e-32 3.226e-32 3.328e-32 3.432e-32 3.538e-32
 3.645e-32 3.753e-32 3.864e-32 3.975e-32 4.087e-32 4.199e-32 4.309e-32 4.417e-32
 4.518e-32 4.611e-32 4.691e-32 4.755e-32 4.799e-32 4.817e-32 4.805e-32 4.761e-32
 4.681e-32 4.566e-32 4.414e-32 4.230e-32 4.017e-32 3.781e-32 3.528e-32 3.265e-32
 2.999e-32 2.736e-32 2.481e-32 2.238e-32 2.011e-32 1.800e-32 1.606e-32 1.431e-32
 1.272e-32 1.130e-32 1.004e-32 8.914e-33 7.917e-33 7.036e-33 6.258e-33 5.571e-33
 4.966e-33 4.433e-33 3.962e-33 3.548e-33 3.182e-33 2.859e-33 2.574e-33 2.322e-33
 2.099e-33 1.901e-33 1.725e-33 1.569e-33 1.430e-33 1.306e-33 1.196e-33 1.097e-33
 1.008e-33 9.290e-34 8.578e-34 7.939e-34 7.364e-34 6.846e-34 6.381e-34 5.963e-34
 5.586e-34 5.249e-34 4.946e-34 4.676e-34 4.435e-34 4.221e-34 4.034e-34 3.870e-34
 3.728e-34 3.609e-34 3.511e-34 3.433e-34 3.374e-34 3.335e-34 3.315e-34 3.314e-34
 3.332e-34 3.370e-34 3.427e-34 3.506e-34 3.605e-34 3.726e-34 3.869e-34 4.034e-34
 4.223e-34 4.434e-34 4.669e-34 4.927e-34 5.208e-34 5.511e-34 5.835e-34 6.178e-34
 6.541e-34 6.920e-34 7.313e-34 7.720e-34 8.136e-34 8.561e-34 8.990e-34 9.421e-34
 9.852e-34 1.028e-33 1.070e-33 1.110e-33 1.150e-33 1.187e-33 1.222e-33 1.254e-33
 1.283e-33 1.308e-33 1.329e-33 1.346e-33 1.358e-33 1.365e-33 1.367e-33 1.364e-33
 1.357e-33 1.345e-33 1.328e-33 1.308e-33 1.284e-33 1.258e-33 1.228e-33 1.197e-33
 1.164e-33 1.131e-33 1.096e-33 1.061e-33 1.026e-33 9.917e-34 9.576e-34 9.241e-34
 8.914e-34 8.597e-34 8.289e-34 7.992e-34 7.705e-34 7.429e-34 7.165e-34 6.911e-34
 6.667e-34 6.434e-34 6.211e-34 5.998e-34 5.794e-34 5.599e-34 5.412e-34 5.234e-34
 5.063e-34 4.900e-34 4.744e-34 4.594e-34 4.451e-34 4.315e-34 4.184e-34 4.059e-34
 3.939e-34 3.825e-34 3.715e-34 3.610e-34 3.510e-34 3.414e-34 3.323e-34 3.235e-34
 3.151e-34 3.071e-34 2.994e-34 2.920e-34 2.850e-34 2.783e-34 2.718e-34 2.656e-34
 2.597e-34 2.541e-34 2.487e-34 2.435e-34 2.385e-34 2.337e-34 2.292e-34 2.248e-34
 2.207e-34 2.167e-34 2.129e-34 2.092e-34 2.057e-34 2.023e-34 1.991e-34 1.960e-34
 1.931e-34 1.902e-34 1.875e-34 1.849e-34 1.824e-34 1.800e-34 1.778e-34 1.756e-34
 1.735e-34 1.714e-34 1.695e-34 1.676e-34 1.659e-34 1.642e-34 1.626e-34 1.610e-34
 1.595e-34 1.581e-34 1.567e-34 1.555e-34 1.542e-34 1.531e-34 1.520e-34 1.509e-34
 1.499e-34 1.490e-34 1.481e-34 1.473e-34 1.465e-34 1.457e-34 1.451e-34 1.444e-34
 1.438e-34 1.433e-34 1.428e-34 1.424e-34 1.420e-34 1.416e-34 1.413e-34 1.410e-34
 1.408e-34 1.406e-34 1.404e-34 1.403e-34 1.402e-34 1.401e-34 1.401e-34 1.401e-34
 1.402e-34 1.402e-34 1.403e-34 1.405e-34 1.406e-34 1.408e-34 1.410e-34 1.413e-34
 1.415e-34 1.418e-34 1.421e-34 1.424e-34 1.428e-34 1.431e-34 1.435e-34 1.439e-34
 1.444e-34 1.448e-34 1.453e-34 1.458e-34 1.463e-34 1.469e-34 1.475e-34 1.481e-34
 1.487e-34 1.493e-34 1.500e-34 1.507e-34 1.514e-34 1.521e-34 1.529e-34 1.537e-34
 1.545e-34 1.554e-34 1.562e-34 1.571e-34 1.581e-34 1.590e-34 1.600e-34 1.610e-34
 1.621e-34 1.631e-34 1.642e-34 1.653e-34 1.665e-34 1.677e-34 1.688e-34 1.700e-34
 1.713e-34 1.725e-34 1.738e-34 1.751e-34 1.764e-34 1.777e-34 1.790e-34 1.804e-34
 1.817e-34 1.831e-34 1.845e-34 1.859e-34 1.873e-34 1.887e-34 1.902e-34 1.916e-34
 1.931e-34 1.946e-34 1.961e-34 1.976e-34 1.992e-34 2.007e-34 2.023e-34 2.038e-34
 2.054e-34 2.070e-34 2.087e-34 2.103e-34 2.119e-34 2.136e-34 2.153e-34 2.170e-34
 2.187e-34 2.204e-34 2.222e-34 2.239e-34 2.257e-34 2.275e-34 2.293e-34 2.311e-34
 2.329e-34 2.348e-34 2.367e-34 2.386e-34 2.405e-34 2.424e-34 2.443e-34 2.463e-34
 2.482e-34 2.502e-34 2.522e-34 2.543e-34 2.563e-34 2.584e-34 2.604e-34 2.625e-34
 2.646e-34 2.668e-34 2.689e-34 2.711e-34 2.733e-34 2.755e-34 2.777e-34 2.799e-34
 2.822e-34 2.845e-34 2.868e-34 2.891e-34 2.914e-34 2.938e-34 2.961e-34 2.985e-34
 3.009e-34 3.034e-34 3.058e-34 3.083e-34 3.108e-34 3.133e-34 3.159e-34 3.184e-34
 3.210e-34 3.236e-34 3.262e-34 3.289e-34 3.316e-34 3.342e-34 3.370e-34 3.397e-34
 3.425e-34 3.452e-34 3.480e-34 3.509e-34 3.537e-34 3.566e-34 3.595e-34 3.624e-34
 3.654e-34 3.683e-34 3.713e-34 3.743e-34 3.774e-34 3.805e-34 3.836e-34 3.867e-34
 3.898e-34 3.930e-34 3.962e-34 3.994e-34 4.027e-34 4.060e-34 4.093e-34 4.126e-34
 4.160e-34 4.193e-34 4.228e-34 4.262e-34 4.297e-34 4.332e-34 4.367e-34 4.403e-34
 4.438e-34 4.475e-34 4.511e-34 4.548e-34 4.585e-34 4.622e-34 4.660e-34 4.698e-34
 4.736e-34 4.775e-34 4.814e-34 4.853e-34 4.893e-34 4.932e-34 4.973e-34 5.013e-34
 5.054e-34 5.095e-34 5.137e-34 5.179e-34 5.221e-34 5.263e-34 5.306e-34 5.350e-34
 5.393e-34 5.437e-34 5.482e-34 5.526e-34 5.571e-34 5.617e-34 5.663e-34 5.709e-34
C-------------------------------------------------------------------------------
C
C  The fractional abundance and radiated power were generated from the
C  ADAS installation at UKAEA with the named adf11 files. The adf11 data
C  files may be updated in a later release of ADAS and publicly
C  available versions may be found at https://open.adas.ac.uk/.
C
C  The equilibrium balance data was produced with run_adas405.py and
C  the balance with a confinement time with adas4xx_ionbal_tau.py
C  which are functions from the ADAS library. Details on these codes
C  may be found at: https://www.adas.ac.uk/python_lib/index.html
C
C  Copyright (C) 2023 UK Atomic Energy Authority
C
C  This file was generated for use in the UKAEA systems code PROCESS
C  using a script written by Martin O'Mullane.
C  If acquired without provenance a user is strongly advised
C  to check its validity by re-generating using the adf11 files from
C  the OPEN-ADAS site.
C
C  Produced by : Timothy Nunn
C  Date        : 29-07-26
C
C-------------------------------------------------------------------------------
