Mean quadratic charge as a function dwell time.
Temperature :      0.2 - 500000.0 eV
Density     : 1.00e+20 m-3
   600     5  # Te values, dwell time

Source data:
acd : /home/adas/adas/adf11/acd96/acd96_o.dat
scd : /home/adas/adas/adf11/scd96/scd96_o.dat
plt : /home/adas/adas/adf11/plt96/plt96_o.dat
prb : /home/adas/adas/adf11/prb96/prb96_o.dat

Te[eV]
 2.500e-01 2.561e-01 2.624e-01 2.688e-01 2.754e-01 2.822e-01 2.891e-01 2.962e-01
 3.035e-01 3.109e-01 3.185e-01 3.263e-01 3.343e-01 3.425e-01 3.509e-01 3.595e-01
 3.683e-01 3.774e-01 3.866e-01 3.961e-01 4.058e-01 4.158e-01 4.260e-01 4.364e-01
 4.471e-01 4.581e-01 4.693e-01 4.808e-01 4.926e-01 5.047e-01 5.170e-01 5.297e-01
 5.427e-01 5.560e-01 5.696e-01 5.836e-01 5.979e-01 6.126e-01 6.276e-01 6.430e-01
 6.587e-01 6.749e-01 6.914e-01 7.084e-01 7.257e-01 7.435e-01 7.618e-01 7.804e-01
 7.996e-01 8.192e-01 8.393e-01 8.598e-01 8.809e-01 9.025e-01 9.247e-01 9.473e-01
 9.706e-01 9.943e-01 1.019e+00 1.044e+00 1.069e+00 1.096e+00 1.122e+00 1.150e+00
 1.178e+00 1.207e+00 1.237e+00 1.267e+00 1.298e+00 1.330e+00 1.362e+00 1.396e+00
 1.430e+00 1.465e+00 1.501e+00 1.538e+00 1.575e+00 1.614e+00 1.654e+00 1.694e+00
 1.736e+00 1.778e+00 1.822e+00 1.867e+00 1.912e+00 1.959e+00 2.007e+00 2.056e+00
 2.107e+00 2.159e+00 2.211e+00 2.266e+00 2.321e+00 2.378e+00 2.436e+00 2.496e+00
 2.557e+00 2.620e+00 2.684e+00 2.750e+00 2.818e+00 2.887e+00 2.957e+00 3.030e+00
 3.104e+00 3.180e+00 3.258e+00 3.338e+00 3.420e+00 3.504e+00 3.590e+00 3.678e+00
 3.768e+00 3.860e+00 3.955e+00 4.052e+00 4.151e+00 4.253e+00 4.357e+00 4.464e+00
 4.574e+00 4.686e+00 4.801e+00 4.918e+00 5.039e+00 5.162e+00 5.289e+00 5.419e+00
 5.551e+00 5.688e+00 5.827e+00 5.970e+00 6.116e+00 6.266e+00 6.420e+00 6.577e+00
 6.738e+00 6.904e+00 7.073e+00 7.246e+00 7.424e+00 7.606e+00 7.792e+00 7.983e+00
 8.179e+00 8.380e+00 8.585e+00 8.796e+00 9.011e+00 9.232e+00 9.459e+00 9.691e+00
 9.928e+00 1.017e+01 1.042e+01 1.068e+01 1.094e+01 1.121e+01 1.148e+01 1.176e+01
 1.205e+01 1.235e+01 1.265e+01 1.296e+01 1.328e+01 1.360e+01 1.394e+01 1.428e+01
 1.463e+01 1.499e+01 1.535e+01 1.573e+01 1.612e+01 1.651e+01 1.692e+01 1.733e+01
 1.776e+01 1.819e+01 1.864e+01 1.909e+01 1.956e+01 2.004e+01 2.053e+01 2.104e+01
 2.155e+01 2.208e+01 2.262e+01 2.318e+01 2.374e+01 2.433e+01 2.492e+01 2.553e+01
 2.616e+01 2.680e+01 2.746e+01 2.813e+01 2.882e+01 2.953e+01 3.025e+01 3.099e+01
 3.175e+01 3.253e+01 3.333e+01 3.415e+01 3.498e+01 3.584e+01 3.672e+01 3.762e+01
 3.854e+01 3.949e+01 4.046e+01 4.145e+01 4.246e+01 4.351e+01 4.457e+01 4.566e+01
 4.678e+01 4.793e+01 4.911e+01 5.031e+01 5.154e+01 5.281e+01 5.410e+01 5.543e+01
 5.679e+01 5.818e+01 5.961e+01 6.107e+01 6.256e+01 6.410e+01 6.567e+01 6.728e+01
 6.893e+01 7.062e+01 7.235e+01 7.412e+01 7.594e+01 7.780e+01 7.971e+01 8.167e+01
 8.367e+01 8.572e+01 8.782e+01 8.997e+01 9.218e+01 9.444e+01 9.676e+01 9.913e+01
 1.016e+02 1.040e+02 1.066e+02 1.092e+02 1.119e+02 1.146e+02 1.174e+02 1.203e+02
 1.233e+02 1.263e+02 1.294e+02 1.326e+02 1.358e+02 1.391e+02 1.426e+02 1.461e+02
 1.496e+02 1.533e+02 1.571e+02 1.609e+02 1.649e+02 1.689e+02 1.730e+02 1.773e+02
 1.816e+02 1.861e+02 1.906e+02 1.953e+02 2.001e+02 2.050e+02 2.100e+02 2.152e+02
 2.205e+02 2.259e+02 2.314e+02 2.371e+02 2.429e+02 2.488e+02 2.549e+02 2.612e+02
 2.676e+02 2.742e+02 2.809e+02 2.878e+02 2.948e+02 3.021e+02 3.095e+02 3.170e+02
 3.248e+02 3.328e+02 3.409e+02 3.493e+02 3.579e+02 3.666e+02 3.756e+02 3.848e+02
 3.943e+02 4.039e+02 4.138e+02 4.240e+02 4.344e+02 4.450e+02 4.559e+02 4.671e+02
 4.786e+02 4.903e+02 5.023e+02 5.146e+02 5.273e+02 5.402e+02 5.534e+02 5.670e+02
 5.809e+02 5.951e+02 6.097e+02 6.247e+02 6.400e+02 6.557e+02 6.718e+02 6.882e+02
 7.051e+02 7.224e+02 7.401e+02 7.582e+02 7.768e+02 7.959e+02 8.154e+02 8.354e+02
 8.559e+02 8.769e+02 8.984e+02 9.204e+02 9.429e+02 9.661e+02 9.897e+02 1.014e+03
 1.039e+03 1.064e+03 1.090e+03 1.117e+03 1.145e+03 1.173e+03 1.201e+03 1.231e+03
 1.261e+03 1.292e+03 1.324e+03 1.356e+03 1.389e+03 1.423e+03 1.458e+03 1.494e+03
 1.531e+03 1.568e+03 1.607e+03 1.646e+03 1.686e+03 1.728e+03 1.770e+03 1.813e+03
 1.858e+03 1.903e+03 1.950e+03 1.998e+03 2.047e+03 2.097e+03 2.149e+03 2.201e+03
 2.255e+03 2.310e+03 2.367e+03 2.425e+03 2.485e+03 2.546e+03 2.608e+03 2.672e+03
 2.737e+03 2.804e+03 2.873e+03 2.944e+03 3.016e+03 3.090e+03 3.166e+03 3.243e+03
 3.323e+03 3.404e+03 3.488e+03 3.573e+03 3.661e+03 3.750e+03 3.842e+03 3.937e+03
 4.033e+03 4.132e+03 4.233e+03 4.337e+03 4.443e+03 4.552e+03 4.664e+03 4.778e+03
 4.895e+03 5.015e+03 5.138e+03 5.264e+03 5.393e+03 5.526e+03 5.661e+03 5.800e+03
 5.942e+03 6.088e+03 6.237e+03 6.390e+03 6.547e+03 6.707e+03 6.872e+03 7.040e+03
 7.213e+03 7.390e+03 7.571e+03 7.756e+03 7.947e+03 8.141e+03 8.341e+03 8.545e+03
 8.755e+03 8.970e+03 9.190e+03 9.415e+03 9.646e+03 9.882e+03 1.012e+04 1.037e+04
 1.063e+04 1.089e+04 1.115e+04 1.143e+04 1.171e+04 1.200e+04 1.229e+04 1.259e+04
 1.290e+04 1.322e+04 1.354e+04 1.387e+04 1.421e+04 1.456e+04 1.492e+04 1.528e+04
 1.566e+04 1.604e+04 1.643e+04 1.684e+04 1.725e+04 1.767e+04 1.811e+04 1.855e+04
 1.901e+04 1.947e+04 1.995e+04 2.044e+04 2.094e+04 2.145e+04 2.198e+04 2.252e+04
 2.307e+04 2.363e+04 2.421e+04 2.481e+04 2.542e+04 2.604e+04 2.668e+04 2.733e+04
 2.800e+04 2.869e+04 2.939e+04 3.011e+04 3.085e+04 3.161e+04 3.238e+04 3.318e+04
 3.399e+04 3.482e+04 3.568e+04 3.655e+04 3.745e+04 3.836e+04 3.931e+04 4.027e+04
 4.126e+04 4.227e+04 4.330e+04 4.437e+04 4.545e+04 4.657e+04 4.771e+04 4.888e+04
 5.008e+04 5.131e+04 5.256e+04 5.385e+04 5.517e+04 5.652e+04 5.791e+04 5.933e+04
 6.078e+04 6.228e+04 6.380e+04 6.537e+04 6.697e+04 6.861e+04 7.029e+04 7.202e+04
 7.378e+04 7.559e+04 7.744e+04 7.934e+04 8.129e+04 8.328e+04 8.532e+04 8.741e+04
 8.956e+04 9.175e+04 9.400e+04 9.631e+04 9.867e+04 1.011e+05 1.036e+05 1.061e+05
 1.087e+05 1.114e+05 1.141e+05 1.169e+05 1.198e+05 1.227e+05 1.257e+05 1.288e+05
 1.320e+05 1.352e+05 1.385e+05 1.419e+05 1.454e+05 1.489e+05 1.526e+05 1.563e+05
 1.602e+05 1.641e+05 1.681e+05 1.722e+05 1.765e+05 1.808e+05 1.852e+05 1.898e+05
 1.944e+05 1.992e+05 2.041e+05 2.091e+05 2.142e+05 2.194e+05 2.248e+05 2.303e+05
 2.360e+05 2.418e+05 2.477e+05 2.538e+05 2.600e+05 2.664e+05 2.729e+05 2.796e+05
 2.864e+05 2.935e+05 3.007e+05 3.080e+05 3.156e+05 3.233e+05 3.312e+05 3.394e+05
 3.477e+05 3.562e+05 3.649e+05 3.739e+05 3.831e+05 3.924e+05 4.021e+05 4.119e+05
 4.220e+05 4.324e+05 4.430e+05 4.538e+05 4.650e+05 4.764e+05 4.880e+05 5.000e+05
sqrt(<Z^2>) for tau[ms]=    0.1
 7.451e-09 1.289e-08 2.207e-08 3.737e-08 6.253e-08 1.033e-07 1.683e-07 2.702e-07
 4.270e-07 6.645e-07 1.018e-06 1.537e-06 2.288e-06 3.359e-06 4.867e-06 6.962e-06
 9.838e-06 1.374e-05 1.898e-05 2.594e-05 3.509e-05 4.701e-05 6.242e-05 8.217e-05
 1.073e-04 1.391e-04 1.790e-04 2.288e-04 2.908e-04 3.675e-04 4.621e-04 5.782e-04
 7.198e-04 8.917e-04 1.099e-03 1.349e-03 1.648e-03 2.004e-03 2.426e-03 2.925e-03
 3.510e-03 4.196e-03 4.995e-03 5.923e-03 6.995e-03 8.230e-03 9.646e-03 1.127e-02
 1.311e-02 1.520e-02 1.757e-02 2.025e-02 2.325e-02 2.662e-02 3.038e-02 3.458e-02
 3.924e-02 4.441e-02 5.012e-02 5.643e-02 6.336e-02 7.097e-02 7.930e-02 8.838e-02
 9.827e-02 1.090e-01 1.206e-01 1.332e-01 1.467e-01 1.612e-01 1.767e-01 1.933e-01
 2.110e-01 2.297e-01 2.495e-01 2.704e-01 2.923e-01 3.151e-01 3.389e-01 3.635e-01
 3.889e-01 4.149e-01 4.414e-01 4.682e-01 4.952e-01 5.223e-01 5.492e-01 5.758e-01
 6.020e-01 6.275e-01 6.524e-01 6.763e-01 6.993e-01 7.212e-01 7.420e-01 7.616e-01
 7.801e-01 7.975e-01 8.137e-01 8.288e-01 8.428e-01 8.559e-01 8.681e-01 8.795e-01
 8.902e-01 9.002e-01 9.098e-01 9.189e-01 9.278e-01 9.365e-01 9.453e-01 9.542e-01
 9.634e-01 9.731e-01 9.834e-01 9.946e-01 1.007e+00 1.020e+00 1.035e+00 1.051e+00
 1.069e+00 1.089e+00 1.110e+00 1.133e+00 1.159e+00 1.186e+00 1.214e+00 1.245e+00
 1.277e+00 1.310e+00 1.344e+00 1.379e+00 1.414e+00 1.450e+00 1.487e+00 1.523e+00
 1.560e+00 1.596e+00 1.633e+00 1.670e+00 1.707e+00 1.744e+00 1.782e+00 1.820e+00
 1.858e+00 1.898e+00 1.938e+00 1.979e+00 2.020e+00 2.063e+00 2.106e+00 2.149e+00
 2.193e+00 2.237e+00 2.281e+00 2.324e+00 2.368e+00 2.411e+00 2.453e+00 2.495e+00
 2.537e+00 2.578e+00 2.618e+00 2.658e+00 2.698e+00 2.737e+00 2.777e+00 2.816e+00
 2.855e+00 2.895e+00 2.934e+00 2.974e+00 3.014e+00 3.055e+00 3.095e+00 3.136e+00
 3.177e+00 3.218e+00 3.260e+00 3.302e+00 3.343e+00 3.385e+00 3.427e+00 3.469e+00
 3.512e+00 3.554e+00 3.597e+00 3.639e+00 3.682e+00 3.725e+00 3.768e+00 3.812e+00
 3.855e+00 3.898e+00 3.942e+00 3.985e+00 4.028e+00 4.072e+00 4.115e+00 4.158e+00
 4.201e+00 4.244e+00 4.286e+00 4.328e+00 4.370e+00 4.411e+00 4.452e+00 4.493e+00
 4.532e+00 4.572e+00 4.610e+00 4.648e+00 4.686e+00 4.723e+00 4.759e+00 4.794e+00
 4.828e+00 4.862e+00 4.895e+00 4.927e+00 4.958e+00 4.989e+00 5.019e+00 5.048e+00
 5.076e+00 5.103e+00 5.129e+00 5.154e+00 5.179e+00 5.203e+00 5.226e+00 5.248e+00
 5.269e+00 5.290e+00 5.310e+00 5.329e+00 5.347e+00 5.365e+00 5.382e+00 5.398e+00
 5.414e+00 5.429e+00 5.444e+00 5.457e+00 5.471e+00 5.484e+00 5.496e+00 5.508e+00
 5.519e+00 5.530e+00 5.541e+00 5.551e+00 5.561e+00 5.570e+00 5.580e+00 5.588e+00
 5.597e+00 5.605e+00 5.613e+00 5.621e+00 5.628e+00 5.635e+00 5.642e+00 5.649e+00
 5.656e+00 5.662e+00 5.668e+00 5.675e+00 5.681e+00 5.687e+00 5.693e+00 5.699e+00
 5.704e+00 5.710e+00 5.716e+00 5.722e+00 5.727e+00 5.733e+00 5.739e+00 5.745e+00
 5.751e+00 5.757e+00 5.763e+00 5.769e+00 5.775e+00 5.781e+00 5.788e+00 5.794e+00
 5.801e+00 5.808e+00 5.815e+00 5.822e+00 5.829e+00 5.837e+00 5.845e+00 5.852e+00
 5.860e+00 5.868e+00 5.877e+00 5.885e+00 5.894e+00 5.903e+00 5.912e+00 5.921e+00
 5.930e+00 5.939e+00 5.949e+00 5.958e+00 5.968e+00 5.978e+00 5.988e+00 5.998e+00
 6.008e+00 6.018e+00 6.028e+00 6.038e+00 6.048e+00 6.059e+00 6.069e+00 6.079e+00
 6.090e+00 6.100e+00 6.111e+00 6.121e+00 6.131e+00 6.141e+00 6.152e+00 6.162e+00
 6.172e+00 6.182e+00 6.192e+00 6.202e+00 6.212e+00 6.221e+00 6.231e+00 6.240e+00
 6.250e+00 6.259e+00 6.268e+00 6.277e+00 6.286e+00 6.295e+00 6.304e+00 6.312e+00
 6.321e+00 6.329e+00 6.337e+00 6.345e+00 6.353e+00 6.360e+00 6.368e+00 6.375e+00
 6.383e+00 6.390e+00 6.397e+00 6.403e+00 6.410e+00 6.416e+00 6.423e+00 6.429e+00
 6.435e+00 6.441e+00 6.446e+00 6.452e+00 6.457e+00 6.462e+00 6.467e+00 6.472e+00
 6.477e+00 6.482e+00 6.486e+00 6.490e+00 6.494e+00 6.498e+00 6.502e+00 6.506e+00
 6.509e+00 6.513e+00 6.516e+00 6.519e+00 6.522e+00 6.525e+00 6.528e+00 6.530e+00
 6.533e+00 6.536e+00 6.538e+00 6.540e+00 6.542e+00 6.545e+00 6.547e+00 6.549e+00
 6.551e+00 6.552e+00 6.554e+00 6.556e+00 6.557e+00 6.559e+00 6.560e+00 6.562e+00
 6.563e+00 6.564e+00 6.565e+00 6.566e+00 6.567e+00 6.568e+00 6.569e+00 6.570e+00
 6.570e+00 6.571e+00 6.571e+00 6.572e+00 6.572e+00 6.572e+00 6.572e+00 6.572e+00
 6.572e+00 6.572e+00 6.572e+00 6.572e+00 6.572e+00 6.571e+00 6.571e+00 6.571e+00
 6.570e+00 6.570e+00 6.569e+00 6.569e+00 6.568e+00 6.568e+00 6.567e+00 6.566e+00
 6.565e+00 6.565e+00 6.564e+00 6.563e+00 6.562e+00 6.561e+00 6.561e+00 6.560e+00
 6.559e+00 6.558e+00 6.557e+00 6.556e+00 6.555e+00 6.554e+00 6.553e+00 6.552e+00
 6.551e+00 6.550e+00 6.548e+00 6.547e+00 6.546e+00 6.545e+00 6.544e+00 6.543e+00
 6.542e+00 6.541e+00 6.540e+00 6.538e+00 6.537e+00 6.536e+00 6.535e+00 6.534e+00
 6.533e+00 6.531e+00 6.530e+00 6.529e+00 6.528e+00 6.527e+00 6.526e+00 6.524e+00
 6.523e+00 6.522e+00 6.521e+00 6.520e+00 6.518e+00 6.517e+00 6.516e+00 6.515e+00
 6.513e+00 6.512e+00 6.511e+00 6.510e+00 6.508e+00 6.507e+00 6.506e+00 6.505e+00
 6.503e+00 6.502e+00 6.501e+00 6.500e+00 6.498e+00 6.497e+00 6.496e+00 6.494e+00
 6.493e+00 6.492e+00 6.491e+00 6.489e+00 6.488e+00 6.487e+00 6.485e+00 6.484e+00
 6.483e+00 6.481e+00 6.480e+00 6.479e+00 6.477e+00 6.476e+00 6.475e+00 6.473e+00
 6.472e+00 6.470e+00 6.469e+00 6.468e+00 6.466e+00 6.465e+00 6.464e+00 6.462e+00
 6.461e+00 6.459e+00 6.458e+00 6.456e+00 6.455e+00 6.454e+00 6.452e+00 6.451e+00
 6.449e+00 6.448e+00 6.446e+00 6.445e+00 6.443e+00 6.442e+00 6.441e+00 6.439e+00
 6.438e+00 6.436e+00 6.435e+00 6.433e+00 6.432e+00 6.430e+00 6.429e+00 6.427e+00
 6.426e+00 6.424e+00 6.423e+00 6.421e+00 6.419e+00 6.418e+00 6.416e+00 6.415e+00
 6.413e+00 6.412e+00 6.410e+00 6.409e+00 6.407e+00 6.405e+00 6.404e+00 6.402e+00
 6.401e+00 6.399e+00 6.397e+00 6.396e+00 6.394e+00 6.393e+00 6.391e+00 6.389e+00
 6.388e+00 6.386e+00 6.385e+00 6.383e+00 6.381e+00 6.380e+00 6.378e+00 6.376e+00
 6.375e+00 6.373e+00 6.371e+00 6.370e+00 6.368e+00 6.366e+00 6.364e+00 6.363e+00
 6.361e+00 6.359e+00 6.358e+00 6.356e+00 6.354e+00 6.352e+00 6.351e+00 6.349e+00
 6.347e+00 6.345e+00 6.344e+00 6.342e+00 6.340e+00 6.338e+00 6.337e+00 6.335e+00
sqrt(<Z^2>) for tau[ms]=    1.0
 1.057e-08 1.862e-08 3.248e-08 5.607e-08 9.567e-08 1.612e-07 2.680e-07 4.391e-07
 7.084e-07 1.125e-06 1.760e-06 2.713e-06 4.122e-06 6.177e-06 9.132e-06 1.333e-05
 1.921e-05 2.735e-05 3.850e-05 5.360e-05 7.384e-05 1.007e-04 1.360e-04 1.820e-04
 2.414e-04 3.177e-04 4.148e-04 5.379e-04 6.928e-04 8.870e-04 1.129e-03 1.429e-03
 1.799e-03 2.252e-03 2.805e-03 3.475e-03 4.284e-03 5.256e-03 6.418e-03 7.799e-03
 9.435e-03 1.136e-02 1.362e-02 1.627e-02 1.934e-02 2.290e-02 2.700e-02 3.172e-02
 3.712e-02 4.327e-02 5.026e-02 5.817e-02 6.709e-02 7.711e-02 8.832e-02 1.008e-01
 1.147e-01 1.301e-01 1.471e-01 1.657e-01 1.861e-01 2.082e-01 2.322e-01 2.579e-01
 2.855e-01 3.148e-01 3.457e-01 3.780e-01 4.115e-01 4.460e-01 4.812e-01 5.166e-01
 5.520e-01 5.870e-01 6.212e-01 6.543e-01 6.860e-01 7.160e-01 7.442e-01 7.703e-01
 7.945e-01 8.165e-01 8.366e-01 8.547e-01 8.710e-01 8.856e-01 8.986e-01 9.101e-01
 9.204e-01 9.295e-01 9.376e-01 9.448e-01 9.512e-01 9.570e-01 9.623e-01 9.672e-01
 9.718e-01 9.762e-01 9.807e-01 9.853e-01 9.902e-01 9.956e-01 1.002e+00 1.009e+00
 1.017e+00 1.027e+00 1.039e+00 1.053e+00 1.070e+00 1.090e+00 1.113e+00 1.139e+00
 1.169e+00 1.202e+00 1.239e+00 1.278e+00 1.320e+00 1.364e+00 1.410e+00 1.455e+00
 1.501e+00 1.546e+00 1.590e+00 1.633e+00 1.673e+00 1.712e+00 1.750e+00 1.786e+00
 1.821e+00 1.855e+00 1.890e+00 1.925e+00 1.960e+00 1.998e+00 2.036e+00 2.077e+00
 2.121e+00 2.166e+00 2.213e+00 2.262e+00 2.312e+00 2.363e+00 2.414e+00 2.465e+00
 2.515e+00 2.564e+00 2.612e+00 2.658e+00 2.702e+00 2.745e+00 2.788e+00 2.829e+00
 2.871e+00 2.912e+00 2.953e+00 2.996e+00 3.039e+00 3.083e+00 3.128e+00 3.175e+00
 3.223e+00 3.271e+00 3.321e+00 3.371e+00 3.421e+00 3.472e+00 3.523e+00 3.573e+00
 3.624e+00 3.676e+00 3.727e+00 3.779e+00 3.831e+00 3.884e+00 3.937e+00 3.991e+00
 4.046e+00 4.102e+00 4.159e+00 4.216e+00 4.274e+00 4.332e+00 4.391e+00 4.450e+00
 4.509e+00 4.567e+00 4.626e+00 4.684e+00 4.741e+00 4.798e+00 4.854e+00 4.909e+00
 4.964e+00 5.017e+00 5.068e+00 5.119e+00 5.167e+00 5.214e+00 5.260e+00 5.303e+00
 5.344e+00 5.384e+00 5.421e+00 5.456e+00 5.490e+00 5.521e+00 5.550e+00 5.578e+00
 5.604e+00 5.628e+00 5.650e+00 5.671e+00 5.691e+00 5.709e+00 5.726e+00 5.742e+00
 5.756e+00 5.770e+00 5.783e+00 5.794e+00 5.805e+00 5.816e+00 5.825e+00 5.834e+00
 5.842e+00 5.850e+00 5.857e+00 5.864e+00 5.870e+00 5.876e+00 5.882e+00 5.887e+00
 5.892e+00 5.896e+00 5.900e+00 5.904e+00 5.908e+00 5.912e+00 5.915e+00 5.918e+00
 5.921e+00 5.924e+00 5.927e+00 5.930e+00 5.932e+00 5.935e+00 5.937e+00 5.940e+00
 5.942e+00 5.945e+00 5.948e+00 5.950e+00 5.953e+00 5.956e+00 5.959e+00 5.962e+00
 5.966e+00 5.970e+00 5.974e+00 5.978e+00 5.983e+00 5.988e+00 5.994e+00 6.000e+00
 6.007e+00 6.015e+00 6.023e+00 6.032e+00 6.041e+00 6.051e+00 6.062e+00 6.074e+00
 6.087e+00 6.100e+00 6.115e+00 6.130e+00 6.147e+00 6.164e+00 6.182e+00 6.201e+00
 6.221e+00 6.242e+00 6.263e+00 6.286e+00 6.309e+00 6.333e+00 6.358e+00 6.384e+00
 6.410e+00 6.436e+00 6.464e+00 6.491e+00 6.519e+00 6.548e+00 6.576e+00 6.605e+00
 6.634e+00 6.663e+00 6.692e+00 6.721e+00 6.749e+00 6.778e+00 6.806e+00 6.834e+00
 6.862e+00 6.889e+00 6.915e+00 6.942e+00 6.968e+00 6.993e+00 7.017e+00 7.042e+00
 7.065e+00 7.088e+00 7.111e+00 7.132e+00 7.154e+00 7.174e+00 7.194e+00 7.214e+00
 7.232e+00 7.251e+00 7.268e+00 7.285e+00 7.302e+00 7.318e+00 7.333e+00 7.348e+00
 7.363e+00 7.376e+00 7.390e+00 7.403e+00 7.415e+00 7.427e+00 7.439e+00 7.450e+00
 7.461e+00 7.471e+00 7.481e+00 7.491e+00 7.500e+00 7.509e+00 7.518e+00 7.526e+00
 7.534e+00 7.542e+00 7.549e+00 7.556e+00 7.563e+00 7.570e+00 7.576e+00 7.582e+00
 7.588e+00 7.594e+00 7.600e+00 7.605e+00 7.610e+00 7.615e+00 7.620e+00 7.624e+00
 7.629e+00 7.633e+00 7.637e+00 7.641e+00 7.645e+00 7.648e+00 7.652e+00 7.655e+00
 7.658e+00 7.661e+00 7.664e+00 7.667e+00 7.670e+00 7.673e+00 7.675e+00 7.678e+00
 7.680e+00 7.683e+00 7.685e+00 7.687e+00 7.689e+00 7.691e+00 7.693e+00 7.695e+00
 7.696e+00 7.698e+00 7.700e+00 7.701e+00 7.703e+00 7.705e+00 7.706e+00 7.707e+00
 7.709e+00 7.710e+00 7.711e+00 7.713e+00 7.714e+00 7.715e+00 7.716e+00 7.717e+00
 7.718e+00 7.719e+00 7.720e+00 7.721e+00 7.722e+00 7.723e+00 7.724e+00 7.724e+00
 7.725e+00 7.726e+00 7.726e+00 7.727e+00 7.728e+00 7.728e+00 7.729e+00 7.729e+00
 7.730e+00 7.730e+00 7.731e+00 7.731e+00 7.731e+00 7.732e+00 7.732e+00 7.732e+00
 7.733e+00 7.733e+00 7.733e+00 7.734e+00 7.734e+00 7.734e+00 7.734e+00 7.734e+00
 7.735e+00 7.735e+00 7.735e+00 7.735e+00 7.735e+00 7.735e+00 7.735e+00 7.735e+00
 7.736e+00 7.736e+00 7.736e+00 7.736e+00 7.736e+00 7.736e+00 7.736e+00 7.736e+00
 7.736e+00 7.736e+00 7.736e+00 7.736e+00 7.736e+00 7.736e+00 7.736e+00 7.736e+00
 7.736e+00 7.736e+00 7.736e+00 7.736e+00 7.736e+00 7.736e+00 7.736e+00 7.736e+00
 7.736e+00 7.736e+00 7.736e+00 7.736e+00 7.735e+00 7.735e+00 7.735e+00 7.735e+00
 7.735e+00 7.735e+00 7.735e+00 7.735e+00 7.735e+00 7.735e+00 7.735e+00 7.735e+00
 7.735e+00 7.735e+00 7.735e+00 7.735e+00 7.735e+00 7.735e+00 7.735e+00 7.735e+00
 7.734e+00 7.734e+00 7.734e+00 7.734e+00 7.734e+00 7.734e+00 7.734e+00 7.734e+00
 7.734e+00 7.734e+00 7.734e+00 7.734e+00 7.734e+00 7.734e+00 7.733e+00 7.733e+00
 7.733e+00 7.733e+00 7.733e+00 7.733e+00 7.733e+00 7.733e+00 7.733e+00 7.733e+00
 7.732e+00 7.732e+00 7.732e+00 7.732e+00 7.732e+00 7.732e+00 7.732e+00 7.732e+00
 7.732e+00 7.731e+00 7.731e+00 7.731e+00 7.731e+00 7.731e+00 7.731e+00 7.731e+00
 7.731e+00 7.730e+00 7.730e+00 7.730e+00 7.730e+00 7.730e+00 7.730e+00 7.730e+00
 7.730e+00 7.729e+00 7.729e+00 7.729e+00 7.729e+00 7.729e+00 7.729e+00 7.729e+00
 7.728e+00 7.728e+00 7.728e+00 7.728e+00 7.728e+00 7.728e+00 7.727e+00 7.727e+00
 7.727e+00 7.727e+00 7.727e+00 7.727e+00 7.726e+00 7.726e+00 7.726e+00 7.726e+00
 7.726e+00 7.725e+00 7.725e+00 7.725e+00 7.725e+00 7.725e+00 7.725e+00 7.724e+00
 7.724e+00 7.724e+00 7.724e+00 7.724e+00 7.723e+00 7.723e+00 7.723e+00 7.723e+00
 7.723e+00 7.722e+00 7.722e+00 7.722e+00 7.722e+00 7.722e+00 7.721e+00 7.721e+00
 7.721e+00 7.721e+00 7.720e+00 7.720e+00 7.720e+00 7.720e+00 7.720e+00 7.719e+00
 7.719e+00 7.719e+00 7.719e+00 7.718e+00 7.718e+00 7.718e+00 7.718e+00 7.717e+00
sqrt(<Z^2>) for tau[ms]=   10.0
 1.115e-08 1.972e-08 3.456e-08 5.995e-08 1.028e-07 1.742e-07 2.913e-07 4.802e-07
 7.800e-07 1.248e-06 1.967e-06 3.055e-06 4.681e-06 7.077e-06 1.056e-05 1.556e-05
 2.266e-05 3.261e-05 4.641e-05 6.535e-05 9.108e-05 1.257e-04 1.719e-04 2.330e-04
 3.133e-04 4.178e-04 5.530e-04 7.270e-04 9.496e-04 1.233e-03 1.591e-03 2.043e-03
 2.608e-03 3.312e-03 4.185e-03 5.260e-03 6.579e-03 8.189e-03 1.014e-02 1.251e-02
 1.535e-02 1.876e-02 2.283e-02 2.766e-02 3.338e-02 4.011e-02 4.801e-02 5.723e-02
 6.795e-02 8.036e-02 9.466e-02 1.111e-01 1.298e-01 1.510e-01 1.750e-01 2.019e-01
 2.318e-01 2.648e-01 3.009e-01 3.399e-01 3.816e-01 4.256e-01 4.712e-01 5.177e-01
 5.644e-01 6.103e-01 6.546e-01 6.965e-01 7.355e-01 7.711e-01 8.031e-01 8.315e-01
 8.564e-01 8.779e-01 8.964e-01 9.123e-01 9.257e-01 9.371e-01 9.467e-01 9.547e-01
 9.615e-01 9.673e-01 9.721e-01 9.762e-01 9.796e-01 9.826e-01 9.851e-01 9.874e-01
 9.894e-01 9.913e-01 9.931e-01 9.949e-01 9.969e-01 9.992e-01 1.002e+00 1.005e+00
 1.010e+00 1.015e+00 1.023e+00 1.032e+00 1.044e+00 1.059e+00 1.078e+00 1.101e+00
 1.130e+00 1.163e+00 1.202e+00 1.246e+00 1.294e+00 1.346e+00 1.401e+00 1.457e+00
 1.513e+00 1.567e+00 1.619e+00 1.667e+00 1.711e+00 1.752e+00 1.788e+00 1.821e+00
 1.851e+00 1.877e+00 1.902e+00 1.926e+00 1.949e+00 1.973e+00 1.997e+00 2.024e+00
 2.052e+00 2.084e+00 2.119e+00 2.158e+00 2.201e+00 2.247e+00 2.297e+00 2.349e+00
 2.403e+00 2.457e+00 2.511e+00 2.564e+00 2.616e+00 2.665e+00 2.712e+00 2.756e+00
 2.798e+00 2.839e+00 2.878e+00 2.917e+00 2.956e+00 2.996e+00 3.036e+00 3.079e+00
 3.124e+00 3.171e+00 3.220e+00 3.271e+00 3.324e+00 3.379e+00 3.435e+00 3.492e+00
 3.549e+00 3.606e+00 3.664e+00 3.721e+00 3.779e+00 3.838e+00 3.898e+00 3.959e+00
 4.021e+00 4.086e+00 4.152e+00 4.221e+00 4.292e+00 4.365e+00 4.439e+00 4.515e+00
 4.593e+00 4.670e+00 4.749e+00 4.827e+00 4.905e+00 4.981e+00 5.056e+00 5.129e+00
 5.200e+00 5.267e+00 5.331e+00 5.391e+00 5.448e+00 5.500e+00 5.548e+00 5.592e+00
 5.632e+00 5.669e+00 5.702e+00 5.731e+00 5.758e+00 5.782e+00 5.803e+00 5.822e+00
 5.840e+00 5.855e+00 5.868e+00 5.881e+00 5.891e+00 5.901e+00 5.910e+00 5.918e+00
 5.925e+00 5.931e+00 5.937e+00 5.942e+00 5.946e+00 5.950e+00 5.954e+00 5.957e+00
 5.960e+00 5.963e+00 5.966e+00 5.968e+00 5.970e+00 5.972e+00 5.974e+00 5.975e+00
 5.977e+00 5.978e+00 5.979e+00 5.980e+00 5.982e+00 5.983e+00 5.983e+00 5.984e+00
 5.985e+00 5.986e+00 5.987e+00 5.988e+00 5.989e+00 5.990e+00 5.991e+00 5.992e+00
 5.993e+00 5.995e+00 5.996e+00 5.998e+00 6.000e+00 6.003e+00 6.006e+00 6.010e+00
 6.014e+00 6.019e+00 6.024e+00 6.030e+00 6.038e+00 6.046e+00 6.056e+00 6.066e+00
 6.078e+00 6.092e+00 6.106e+00 6.123e+00 6.141e+00 6.160e+00 6.182e+00 6.205e+00
 6.230e+00 6.256e+00 6.284e+00 6.314e+00 6.346e+00 6.380e+00 6.414e+00 6.451e+00
 6.489e+00 6.529e+00 6.570e+00 6.612e+00 6.655e+00 6.699e+00 6.745e+00 6.791e+00
 6.837e+00 6.884e+00 6.931e+00 6.977e+00 7.023e+00 7.069e+00 7.114e+00 7.158e+00
 7.200e+00 7.242e+00 7.282e+00 7.320e+00 7.357e+00 7.392e+00 7.426e+00 7.457e+00
 7.488e+00 7.516e+00 7.543e+00 7.568e+00 7.592e+00 7.615e+00 7.636e+00 7.655e+00
 7.674e+00 7.691e+00 7.707e+00 7.722e+00 7.736e+00 7.749e+00 7.762e+00 7.773e+00
 7.784e+00 7.795e+00 7.804e+00 7.813e+00 7.821e+00 7.829e+00 7.837e+00 7.844e+00
 7.850e+00 7.856e+00 7.862e+00 7.868e+00 7.873e+00 7.878e+00 7.882e+00 7.886e+00
 7.890e+00 7.894e+00 7.898e+00 7.901e+00 7.905e+00 7.908e+00 7.911e+00 7.913e+00
 7.916e+00 7.918e+00 7.921e+00 7.923e+00 7.925e+00 7.927e+00 7.929e+00 7.931e+00
 7.932e+00 7.934e+00 7.936e+00 7.937e+00 7.939e+00 7.940e+00 7.941e+00 7.942e+00
 7.944e+00 7.945e+00 7.946e+00 7.947e+00 7.948e+00 7.949e+00 7.950e+00 7.951e+00
 7.951e+00 7.952e+00 7.953e+00 7.954e+00 7.954e+00 7.955e+00 7.956e+00 7.956e+00
 7.957e+00 7.957e+00 7.958e+00 7.958e+00 7.959e+00 7.959e+00 7.960e+00 7.960e+00
 7.961e+00 7.961e+00 7.961e+00 7.962e+00 7.962e+00 7.963e+00 7.963e+00 7.963e+00
 7.964e+00 7.964e+00 7.964e+00 7.964e+00 7.965e+00 7.965e+00 7.965e+00 7.965e+00
 7.966e+00 7.966e+00 7.966e+00 7.966e+00 7.967e+00 7.967e+00 7.967e+00 7.967e+00
 7.967e+00 7.967e+00 7.968e+00 7.968e+00 7.968e+00 7.968e+00 7.968e+00 7.968e+00
 7.968e+00 7.969e+00 7.969e+00 7.969e+00 7.969e+00 7.969e+00 7.969e+00 7.969e+00
 7.969e+00 7.969e+00 7.969e+00 7.970e+00 7.970e+00 7.970e+00 7.970e+00 7.970e+00
 7.970e+00 7.970e+00 7.970e+00 7.970e+00 7.970e+00 7.970e+00 7.970e+00 7.970e+00
 7.970e+00 7.970e+00 7.970e+00 7.970e+00 7.970e+00 7.970e+00 7.970e+00 7.970e+00
 7.970e+00 7.971e+00 7.971e+00 7.971e+00 7.971e+00 7.971e+00 7.971e+00 7.971e+00
 7.971e+00 7.971e+00 7.971e+00 7.971e+00 7.971e+00 7.971e+00 7.971e+00 7.971e+00
 7.971e+00 7.971e+00 7.971e+00 7.971e+00 7.971e+00 7.971e+00 7.971e+00 7.971e+00
 7.971e+00 7.971e+00 7.971e+00 7.971e+00 7.971e+00 7.971e+00 7.971e+00 7.971e+00
 7.971e+00 7.971e+00 7.971e+00 7.971e+00 7.971e+00 7.971e+00 7.971e+00 7.971e+00
 7.971e+00 7.971e+00 7.971e+00 7.971e+00 7.971e+00 7.971e+00 7.971e+00 7.971e+00
 7.971e+00 7.971e+00 7.971e+00 7.971e+00 7.971e+00 7.971e+00 7.971e+00 7.971e+00
 7.971e+00 7.971e+00 7.971e+00 7.971e+00 7.971e+00 7.971e+00 7.971e+00 7.971e+00
 7.971e+00 7.971e+00 7.971e+00 7.971e+00 7.971e+00 7.971e+00 7.971e+00 7.971e+00
 7.971e+00 7.971e+00 7.971e+00 7.971e+00 7.971e+00 7.971e+00 7.971e+00 7.971e+00
 7.971e+00 7.971e+00 7.971e+00 7.971e+00 7.971e+00 7.971e+00 7.971e+00 7.971e+00
 7.971e+00 7.971e+00 7.971e+00 7.971e+00 7.971e+00 7.971e+00 7.971e+00 7.971e+00
 7.971e+00 7.971e+00 7.971e+00 7.971e+00 7.971e+00 7.971e+00 7.971e+00 7.971e+00
 7.971e+00 7.971e+00 7.971e+00 7.971e+00 7.971e+00 7.971e+00 7.971e+00 7.970e+00
 7.970e+00 7.970e+00 7.970e+00 7.970e+00 7.970e+00 7.970e+00 7.970e+00 7.970e+00
 7.970e+00 7.970e+00 7.970e+00 7.970e+00 7.970e+00 7.970e+00 7.970e+00 7.970e+00
 7.970e+00 7.970e+00 7.970e+00 7.970e+00 7.970e+00 7.970e+00 7.970e+00 7.970e+00
 7.970e+00 7.970e+00 7.970e+00 7.970e+00 7.970e+00 7.970e+00 7.970e+00 7.970e+00
 7.970e+00 7.970e+00 7.970e+00 7.970e+00 7.970e+00 7.970e+00 7.970e+00 7.970e+00
 7.970e+00 7.970e+00 7.970e+00 7.970e+00 7.970e+00 7.970e+00 7.970e+00 7.970e+00
sqrt(<Z^2>) for tau[ms]=  100.0
 1.121e-08 1.984e-08 3.479e-08 6.038e-08 1.036e-07 1.757e-07 2.940e-07 4.850e-07
 7.884e-07 1.262e-06 1.991e-06 3.097e-06 4.751e-06 7.190e-06 1.074e-05 1.585e-05
 2.311e-05 3.332e-05 4.749e-05 6.699e-05 9.355e-05 1.294e-04 1.773e-04 2.409e-04
 3.246e-04 4.339e-04 5.759e-04 7.591e-04 9.943e-04 1.295e-03 1.676e-03 2.159e-03
 2.765e-03 3.524e-03 4.468e-03 5.637e-03 7.077e-03 8.844e-03 1.100e-02 1.362e-02
 1.680e-02 2.063e-02 2.522e-02 3.072e-02 3.727e-02 4.504e-02 5.422e-02 6.503e-02
 7.769e-02 9.247e-02 1.096e-01 1.295e-01 1.523e-01 1.784e-01 2.080e-01 2.414e-01
 2.786e-01 3.197e-01 3.644e-01 4.124e-01 4.630e-01 5.152e-01 5.680e-01 6.201e-01
 6.702e-01 7.172e-01 7.602e-01 7.987e-01 8.325e-01 8.615e-01 8.861e-01 9.067e-01
 9.238e-01 9.378e-01 9.493e-01 9.586e-01 9.662e-01 9.724e-01 9.774e-01 9.814e-01
 9.847e-01 9.874e-01 9.896e-01 9.914e-01 9.929e-01 9.942e-01 9.953e-01 9.964e-01
 9.974e-01 9.985e-01 9.997e-01 1.001e+00 1.003e+00 1.006e+00 1.009e+00 1.013e+00
 1.019e+00 1.027e+00 1.038e+00 1.052e+00 1.069e+00 1.092e+00 1.120e+00 1.154e+00
 1.194e+00 1.240e+00 1.291e+00 1.348e+00 1.407e+00 1.467e+00 1.527e+00 1.585e+00
 1.640e+00 1.690e+00 1.736e+00 1.776e+00 1.812e+00 1.843e+00 1.870e+00 1.895e+00
 1.916e+00 1.936e+00 1.955e+00 1.974e+00 1.993e+00 2.014e+00 2.036e+00 2.062e+00
 2.090e+00 2.123e+00 2.160e+00 2.201e+00 2.246e+00 2.295e+00 2.347e+00 2.401e+00
 2.456e+00 2.511e+00 2.565e+00 2.617e+00 2.667e+00 2.714e+00 2.759e+00 2.801e+00
 2.841e+00 2.880e+00 2.918e+00 2.956e+00 2.995e+00 3.034e+00 3.076e+00 3.120e+00
 3.167e+00 3.216e+00 3.267e+00 3.321e+00 3.376e+00 3.433e+00 3.491e+00 3.550e+00
 3.609e+00 3.668e+00 3.727e+00 3.787e+00 3.848e+00 3.910e+00 3.973e+00 4.039e+00
 4.107e+00 4.178e+00 4.251e+00 4.328e+00 4.407e+00 4.488e+00 4.572e+00 4.658e+00
 4.745e+00 4.832e+00 4.920e+00 5.006e+00 5.091e+00 5.173e+00 5.252e+00 5.326e+00
 5.396e+00 5.461e+00 5.521e+00 5.575e+00 5.624e+00 5.668e+00 5.708e+00 5.742e+00
 5.773e+00 5.800e+00 5.824e+00 5.845e+00 5.863e+00 5.879e+00 5.893e+00 5.905e+00
 5.916e+00 5.925e+00 5.933e+00 5.940e+00 5.947e+00 5.952e+00 5.957e+00 5.961e+00
 5.965e+00 5.969e+00 5.972e+00 5.974e+00 5.977e+00 5.979e+00 5.981e+00 5.982e+00
 5.984e+00 5.985e+00 5.986e+00 5.987e+00 5.988e+00 5.989e+00 5.990e+00 5.991e+00
 5.991e+00 5.992e+00 5.992e+00 5.993e+00 5.993e+00 5.994e+00 5.994e+00 5.995e+00
 5.995e+00 5.996e+00 5.997e+00 5.997e+00 5.998e+00 5.999e+00 6.000e+00 6.002e+00
 6.004e+00 6.006e+00 6.008e+00 6.011e+00 6.015e+00 6.019e+00 6.025e+00 6.031e+00
 6.038e+00 6.046e+00 6.056e+00 6.067e+00 6.079e+00 6.093e+00 6.109e+00 6.127e+00
 6.146e+00 6.168e+00 6.191e+00 6.217e+00 6.244e+00 6.273e+00 6.305e+00 6.338e+00
 6.373e+00 6.410e+00 6.449e+00 6.490e+00 6.533e+00 6.577e+00 6.623e+00 6.670e+00
 6.719e+00 6.769e+00 6.820e+00 6.873e+00 6.926e+00 6.979e+00 7.033e+00 7.086e+00
 7.139e+00 7.191e+00 7.242e+00 7.291e+00 7.339e+00 7.384e+00 7.427e+00 7.469e+00
 7.507e+00 7.544e+00 7.578e+00 7.610e+00 7.640e+00 7.667e+00 7.692e+00 7.716e+00
 7.737e+00 7.757e+00 7.775e+00 7.792e+00 7.807e+00 7.821e+00 7.834e+00 7.846e+00
 7.857e+00 7.867e+00 7.876e+00 7.885e+00 7.892e+00 7.899e+00 7.906e+00 7.912e+00
 7.917e+00 7.923e+00 7.927e+00 7.932e+00 7.936e+00 7.940e+00 7.943e+00 7.946e+00
 7.949e+00 7.952e+00 7.955e+00 7.957e+00 7.959e+00 7.961e+00 7.963e+00 7.965e+00
 7.967e+00 7.968e+00 7.970e+00 7.971e+00 7.973e+00 7.974e+00 7.975e+00 7.976e+00
 7.977e+00 7.978e+00 7.979e+00 7.980e+00 7.981e+00 7.981e+00 7.982e+00 7.983e+00
 7.983e+00 7.984e+00 7.985e+00 7.985e+00 7.986e+00 7.986e+00 7.987e+00 7.987e+00
 7.988e+00 7.988e+00 7.988e+00 7.989e+00 7.989e+00 7.989e+00 7.990e+00 7.990e+00
 7.990e+00 7.990e+00 7.991e+00 7.991e+00 7.991e+00 7.991e+00 7.992e+00 7.992e+00
 7.992e+00 7.992e+00 7.992e+00 7.993e+00 7.993e+00 7.993e+00 7.993e+00 7.993e+00
 7.993e+00 7.993e+00 7.994e+00 7.994e+00 7.994e+00 7.994e+00 7.994e+00 7.994e+00
 7.994e+00 7.994e+00 7.994e+00 7.995e+00 7.995e+00 7.995e+00 7.995e+00 7.995e+00
 7.995e+00 7.995e+00 7.995e+00 7.995e+00 7.995e+00 7.995e+00 7.995e+00 7.995e+00
 7.995e+00 7.996e+00 7.996e+00 7.996e+00 7.996e+00 7.996e+00 7.996e+00 7.996e+00
 7.996e+00 7.996e+00 7.996e+00 7.996e+00 7.996e+00 7.996e+00 7.996e+00 7.996e+00
 7.996e+00 7.996e+00 7.996e+00 7.996e+00 7.996e+00 7.996e+00 7.996e+00 7.996e+00
 7.996e+00 7.996e+00 7.996e+00 7.996e+00 7.996e+00 7.996e+00 7.996e+00 7.996e+00
 7.997e+00 7.997e+00 7.997e+00 7.997e+00 7.997e+00 7.997e+00 7.997e+00 7.997e+00
 7.997e+00 7.997e+00 7.997e+00 7.997e+00 7.997e+00 7.997e+00 7.997e+00 7.997e+00
 7.997e+00 7.997e+00 7.997e+00 7.997e+00 7.997e+00 7.997e+00 7.997e+00 7.997e+00
 7.997e+00 7.997e+00 7.997e+00 7.997e+00 7.997e+00 7.997e+00 7.997e+00 7.997e+00
 7.997e+00 7.997e+00 7.997e+00 7.997e+00 7.997e+00 7.997e+00 7.997e+00 7.997e+00
 7.997e+00 7.997e+00 7.997e+00 7.997e+00 7.997e+00 7.997e+00 7.997e+00 7.997e+00
 7.997e+00 7.997e+00 7.997e+00 7.997e+00 7.997e+00 7.997e+00 7.997e+00 7.997e+00
 7.997e+00 7.997e+00 7.997e+00 7.997e+00 7.997e+00 7.997e+00 7.997e+00 7.997e+00
 7.997e+00 7.997e+00 7.997e+00 7.997e+00 7.997e+00 7.997e+00 7.997e+00 7.997e+00
 7.997e+00 7.997e+00 7.997e+00 7.997e+00 7.997e+00 7.997e+00 7.997e+00 7.997e+00
 7.997e+00 7.997e+00 7.997e+00 7.997e+00 7.997e+00 7.997e+00 7.997e+00 7.997e+00
 7.997e+00 7.997e+00 7.997e+00 7.997e+00 7.997e+00 7.997e+00 7.997e+00 7.997e+00
 7.997e+00 7.997e+00 7.997e+00 7.997e+00 7.997e+00 7.997e+00 7.997e+00 7.997e+00
 7.997e+00 7.997e+00 7.997e+00 7.997e+00 7.997e+00 7.997e+00 7.997e+00 7.997e+00
 7.997e+00 7.997e+00 7.997e+00 7.997e+00 7.997e+00 7.997e+00 7.997e+00 7.997e+00
 7.997e+00 7.997e+00 7.997e+00 7.997e+00 7.997e+00 7.997e+00 7.997e+00 7.997e+00
 7.997e+00 7.997e+00 7.997e+00 7.997e+00 7.997e+00 7.997e+00 7.997e+00 7.997e+00
 7.997e+00 7.997e+00 7.997e+00 7.997e+00 7.997e+00 7.997e+00 7.997e+00 7.997e+00
 7.997e+00 7.997e+00 7.997e+00 7.997e+00 7.997e+00 7.997e+00 7.997e+00 7.997e+00
 7.997e+00 7.997e+00 7.997e+00 7.997e+00 7.997e+00 7.997e+00 7.997e+00 7.997e+00
 7.997e+00 7.997e+00 7.997e+00 7.997e+00 7.997e+00 7.997e+00 7.997e+00 7.997e+00
sqrt(<Z^2>) for tau[ms]= 1000.0
 1.122e-08 1.985e-08 3.482e-08 6.043e-08 1.037e-07 1.758e-07 2.942e-07 4.855e-07
 7.893e-07 1.264e-06 1.994e-06 3.101e-06 4.758e-06 7.202e-06 1.076e-05 1.588e-05
 2.316e-05 3.339e-05 4.761e-05 6.717e-05 9.381e-05 1.298e-04 1.779e-04 2.417e-04
 3.257e-04 4.356e-04 5.783e-04 7.625e-04 9.991e-04 1.301e-03 1.686e-03 2.171e-03
 2.782e-03 3.547e-03 4.499e-03 5.679e-03 7.133e-03 8.919e-03 1.110e-02 1.375e-02
 1.697e-02 2.085e-02 2.551e-02 3.109e-02 3.774e-02 4.564e-02 5.498e-02 6.599e-02
 7.891e-02 9.401e-02 1.116e-01 1.319e-01 1.553e-01 1.821e-01 2.125e-01 2.468e-01
 2.850e-01 3.273e-01 3.732e-01 4.225e-01 4.743e-01 5.277e-01 5.813e-01 6.340e-01
 6.843e-01 7.312e-01 7.738e-01 8.116e-01 8.444e-01 8.724e-01 8.959e-01 9.154e-01
 9.315e-01 9.445e-01 9.551e-01 9.637e-01 9.706e-01 9.761e-01 9.806e-01 9.842e-01
 9.871e-01 9.895e-01 9.914e-01 9.930e-01 9.943e-01 9.954e-01 9.964e-01 9.973e-01
 9.982e-01 9.992e-01 1.000e+00 1.002e+00 1.004e+00 1.006e+00 1.010e+00 1.014e+00
 1.021e+00 1.029e+00 1.040e+00 1.055e+00 1.073e+00 1.097e+00 1.126e+00 1.162e+00
 1.203e+00 1.251e+00 1.305e+00 1.363e+00 1.423e+00 1.484e+00 1.545e+00 1.603e+00
 1.657e+00 1.706e+00 1.750e+00 1.789e+00 1.824e+00 1.854e+00 1.880e+00 1.903e+00
 1.923e+00 1.942e+00 1.961e+00 1.979e+00 1.998e+00 2.018e+00 2.041e+00 2.066e+00
 2.095e+00 2.127e+00 2.164e+00 2.206e+00 2.251e+00 2.301e+00 2.353e+00 2.407e+00
 2.462e+00 2.517e+00 2.571e+00 2.623e+00 2.672e+00 2.719e+00 2.763e+00 2.805e+00
 2.846e+00 2.884e+00 2.922e+00 2.960e+00 2.999e+00 3.039e+00 3.080e+00 3.125e+00
 3.171e+00 3.220e+00 3.272e+00 3.326e+00 3.382e+00 3.439e+00 3.497e+00 3.556e+00
 3.615e+00 3.675e+00 3.734e+00 3.795e+00 3.856e+00 3.918e+00 3.982e+00 4.048e+00
 4.117e+00 4.188e+00 4.263e+00 4.340e+00 4.421e+00 4.504e+00 4.589e+00 4.676e+00
 4.764e+00 4.853e+00 4.942e+00 5.029e+00 5.115e+00 5.198e+00 5.277e+00 5.351e+00
 5.421e+00 5.485e+00 5.544e+00 5.597e+00 5.645e+00 5.688e+00 5.726e+00 5.759e+00
 5.789e+00 5.815e+00 5.837e+00 5.857e+00 5.874e+00 5.889e+00 5.902e+00 5.914e+00
 5.924e+00 5.932e+00 5.940e+00 5.947e+00 5.952e+00 5.958e+00 5.962e+00 5.966e+00
 5.969e+00 5.972e+00 5.975e+00 5.978e+00 5.980e+00 5.982e+00 5.983e+00 5.985e+00
 5.986e+00 5.987e+00 5.988e+00 5.989e+00 5.990e+00 5.991e+00 5.992e+00 5.992e+00
 5.993e+00 5.993e+00 5.994e+00 5.994e+00 5.995e+00 5.995e+00 5.996e+00 5.996e+00
 5.997e+00 5.997e+00 5.998e+00 5.998e+00 5.999e+00 6.000e+00 6.002e+00 6.003e+00
 6.005e+00 6.007e+00 6.010e+00 6.013e+00 6.017e+00 6.022e+00 6.028e+00 6.034e+00
 6.042e+00 6.051e+00 6.062e+00 6.073e+00 6.087e+00 6.102e+00 6.119e+00 6.138e+00
 6.159e+00 6.182e+00 6.207e+00 6.233e+00 6.262e+00 6.293e+00 6.326e+00 6.361e+00
 6.398e+00 6.436e+00 6.477e+00 6.519e+00 6.563e+00 6.608e+00 6.656e+00 6.705e+00
 6.755e+00 6.807e+00 6.859e+00 6.913e+00 6.967e+00 7.022e+00 7.076e+00 7.130e+00
 7.184e+00 7.236e+00 7.287e+00 7.336e+00 7.383e+00 7.428e+00 7.471e+00 7.511e+00
 7.549e+00 7.584e+00 7.617e+00 7.647e+00 7.676e+00 7.702e+00 7.725e+00 7.747e+00
 7.768e+00 7.786e+00 7.803e+00 7.818e+00 7.833e+00 7.845e+00 7.857e+00 7.868e+00
 7.878e+00 7.887e+00 7.895e+00 7.903e+00 7.910e+00 7.916e+00 7.922e+00 7.927e+00
 7.932e+00 7.937e+00 7.941e+00 7.945e+00 7.948e+00 7.951e+00 7.954e+00 7.957e+00
 7.960e+00 7.962e+00 7.964e+00 7.966e+00 7.968e+00 7.970e+00 7.972e+00 7.973e+00
 7.975e+00 7.976e+00 7.977e+00 7.979e+00 7.980e+00 7.981e+00 7.982e+00 7.983e+00
 7.984e+00 7.984e+00 7.985e+00 7.986e+00 7.986e+00 7.987e+00 7.988e+00 7.988e+00
 7.989e+00 7.989e+00 7.990e+00 7.990e+00 7.991e+00 7.991e+00 7.991e+00 7.992e+00
 7.992e+00 7.992e+00 7.993e+00 7.993e+00 7.993e+00 7.993e+00 7.994e+00 7.994e+00
 7.994e+00 7.994e+00 7.995e+00 7.995e+00 7.995e+00 7.995e+00 7.995e+00 7.995e+00
 7.996e+00 7.996e+00 7.996e+00 7.996e+00 7.996e+00 7.996e+00 7.996e+00 7.997e+00
 7.997e+00 7.997e+00 7.997e+00 7.997e+00 7.997e+00 7.997e+00 7.997e+00 7.997e+00
 7.997e+00 7.997e+00 7.998e+00 7.998e+00 7.998e+00 7.998e+00 7.998e+00 7.998e+00
 7.998e+00 7.998e+00 7.998e+00 7.998e+00 7.998e+00 7.998e+00 7.998e+00 7.998e+00
 7.998e+00 7.998e+00 7.998e+00 7.998e+00 7.998e+00 7.999e+00 7.999e+00 7.999e+00
 7.999e+00 7.999e+00 7.999e+00 7.999e+00 7.999e+00 7.999e+00 7.999e+00 7.999e+00
 7.999e+00 7.999e+00 7.999e+00 7.999e+00 7.999e+00 7.999e+00 7.999e+00 7.999e+00
 7.999e+00 7.999e+00 7.999e+00 7.999e+00 7.999e+00 7.999e+00 7.999e+00 7.999e+00
 7.999e+00 7.999e+00 7.999e+00 7.999e+00 7.999e+00 7.999e+00 7.999e+00 7.999e+00
 7.999e+00 7.999e+00 7.999e+00 7.999e+00 7.999e+00 7.999e+00 7.999e+00 7.999e+00
 7.999e+00 7.999e+00 7.999e+00 7.999e+00 7.999e+00 7.999e+00 7.999e+00 7.999e+00
 7.999e+00 7.999e+00 7.999e+00 7.999e+00 7.999e+00 7.999e+00 7.999e+00 7.999e+00
 7.999e+00 8.000e+00 8.000e+00 8.000e+00 8.000e+00 8.000e+00 8.000e+00 8.000e+00
 8.000e+00 8.000e+00 8.000e+00 8.000e+00 8.000e+00 8.000e+00 8.000e+00 8.000e+00
 8.000e+00 8.000e+00 8.000e+00 8.000e+00 8.000e+00 8.000e+00 8.000e+00 8.000e+00
 8.000e+00 8.000e+00 8.000e+00 8.000e+00 8.000e+00 8.000e+00 8.000e+00 8.000e+00
 8.000e+00 8.000e+00 8.000e+00 8.000e+00 8.000e+00 8.000e+00 8.000e+00 8.000e+00
 8.000e+00 8.000e+00 8.000e+00 8.000e+00 8.000e+00 8.000e+00 8.000e+00 8.000e+00
 8.000e+00 8.000e+00 8.000e+00 8.000e+00 8.000e+00 8.000e+00 8.000e+00 8.000e+00
 8.000e+00 8.000e+00 8.000e+00 8.000e+00 8.000e+00 8.000e+00 8.000e+00 8.000e+00
 8.000e+00 8.000e+00 8.000e+00 8.000e+00 8.000e+00 8.000e+00 8.000e+00 8.000e+00
 8.000e+00 8.000e+00 8.000e+00 8.000e+00 8.000e+00 8.000e+00 8.000e+00 8.000e+00
 8.000e+00 8.000e+00 8.000e+00 8.000e+00 8.000e+00 8.000e+00 8.000e+00 8.000e+00
 8.000e+00 8.000e+00 8.000e+00 8.000e+00 8.000e+00 8.000e+00 8.000e+00 8.000e+00
 8.000e+00 8.000e+00 8.000e+00 8.000e+00 8.000e+00 8.000e+00 8.000e+00 8.000e+00
 8.000e+00 8.000e+00 8.000e+00 8.000e+00 8.000e+00 8.000e+00 8.000e+00 8.000e+00
 8.000e+00 8.000e+00 8.000e+00 8.000e+00 8.000e+00 8.000e+00 8.000e+00 8.000e+00
 8.000e+00 8.000e+00 8.000e+00 8.000e+00 8.000e+00 8.000e+00 8.000e+00 8.000e+00
 8.000e+00 8.000e+00 8.000e+00 8.000e+00 8.000e+00 8.000e+00 8.000e+00 8.000e+00
sqrt(<Z^2>) in equilibrium - infinite confinement
 1.122e-08 1.985e-08 3.482e-08 6.043e-08 1.037e-07 1.758e-07 2.943e-07 4.856e-07
 7.894e-07 1.264e-06 1.994e-06 3.102e-06 4.759e-06 7.203e-06 1.076e-05 1.589e-05
 2.317e-05 3.340e-05 4.762e-05 6.719e-05 9.384e-05 1.298e-04 1.779e-04 2.418e-04
 3.259e-04 4.358e-04 5.786e-04 7.629e-04 9.996e-04 1.302e-03 1.687e-03 2.173e-03
 2.784e-03 3.550e-03 4.503e-03 5.684e-03 7.140e-03 8.927e-03 1.111e-02 1.377e-02
 1.699e-02 2.087e-02 2.554e-02 3.113e-02 3.779e-02 4.570e-02 5.507e-02 6.610e-02
 7.905e-02 9.418e-02 1.118e-01 1.322e-01 1.556e-01 1.825e-01 2.130e-01 2.474e-01
 2.858e-01 3.281e-01 3.742e-01 4.237e-01 4.756e-01 5.291e-01 5.829e-01 6.356e-01
 6.860e-01 7.328e-01 7.754e-01 8.131e-01 8.458e-01 8.736e-01 8.970e-01 9.164e-01
 9.323e-01 9.453e-01 9.558e-01 9.642e-01 9.711e-01 9.766e-01 9.810e-01 9.845e-01
 9.874e-01 9.897e-01 9.916e-01 9.931e-01 9.944e-01 9.955e-01 9.965e-01 9.974e-01
 9.983e-01 9.993e-01 1.000e+00 1.002e+00 1.004e+00 1.006e+00 1.010e+00 1.014e+00
 1.021e+00 1.029e+00 1.040e+00 1.055e+00 1.074e+00 1.097e+00 1.127e+00 1.163e+00
 1.205e+00 1.253e+00 1.306e+00 1.364e+00 1.425e+00 1.486e+00 1.547e+00 1.604e+00
 1.658e+00 1.708e+00 1.752e+00 1.791e+00 1.825e+00 1.855e+00 1.881e+00 1.904e+00
 1.924e+00 1.943e+00 1.961e+00 1.979e+00 1.998e+00 2.019e+00 2.041e+00 2.066e+00
 2.095e+00 2.128e+00 2.165e+00 2.206e+00 2.252e+00 2.301e+00 2.353e+00 2.407e+00
 2.462e+00 2.517e+00 2.571e+00 2.623e+00 2.673e+00 2.720e+00 2.764e+00 2.806e+00
 2.846e+00 2.885e+00 2.923e+00 2.961e+00 2.999e+00 3.039e+00 3.081e+00 3.125e+00
 3.172e+00 3.221e+00 3.273e+00 3.327e+00 3.383e+00 3.440e+00 3.498e+00 3.557e+00
 3.616e+00 3.675e+00 3.735e+00 3.795e+00 3.856e+00 3.919e+00 3.983e+00 4.049e+00
 4.118e+00 4.190e+00 4.264e+00 4.342e+00 4.422e+00 4.506e+00 4.591e+00 4.678e+00
 4.767e+00 4.856e+00 4.944e+00 5.032e+00 5.118e+00 5.201e+00 5.280e+00 5.354e+00
 5.424e+00 5.488e+00 5.547e+00 5.600e+00 5.648e+00 5.690e+00 5.728e+00 5.761e+00
 5.791e+00 5.816e+00 5.839e+00 5.858e+00 5.875e+00 5.890e+00 5.903e+00 5.915e+00
 5.925e+00 5.933e+00 5.941e+00 5.947e+00 5.953e+00 5.958e+00 5.963e+00 5.966e+00
 5.970e+00 5.973e+00 5.976e+00 5.978e+00 5.980e+00 5.982e+00 5.984e+00 5.985e+00
 5.986e+00 5.987e+00 5.989e+00 5.989e+00 5.990e+00 5.991e+00 5.992e+00 5.992e+00
 5.993e+00 5.993e+00 5.994e+00 5.994e+00 5.995e+00 5.995e+00 5.996e+00 5.996e+00
 5.997e+00 5.997e+00 5.998e+00 5.999e+00 5.999e+00 6.001e+00 6.002e+00 6.003e+00
 6.005e+00 6.008e+00 6.010e+00 6.014e+00 6.018e+00 6.022e+00 6.028e+00 6.035e+00
 6.043e+00 6.052e+00 6.062e+00 6.074e+00 6.088e+00 6.103e+00 6.120e+00 6.139e+00
 6.160e+00 6.183e+00 6.208e+00 6.235e+00 6.264e+00 6.296e+00 6.329e+00 6.364e+00
 6.400e+00 6.439e+00 6.480e+00 6.522e+00 6.566e+00 6.612e+00 6.660e+00 6.709e+00
 6.759e+00 6.811e+00 6.864e+00 6.918e+00 6.972e+00 7.027e+00 7.081e+00 7.136e+00
 7.189e+00 7.241e+00 7.292e+00 7.341e+00 7.388e+00 7.433e+00 7.476e+00 7.516e+00
 7.553e+00 7.589e+00 7.621e+00 7.652e+00 7.680e+00 7.705e+00 7.729e+00 7.751e+00
 7.771e+00 7.789e+00 7.806e+00 7.821e+00 7.835e+00 7.848e+00 7.860e+00 7.871e+00
 7.880e+00 7.889e+00 7.897e+00 7.905e+00 7.912e+00 7.918e+00 7.924e+00 7.929e+00
 7.934e+00 7.938e+00 7.942e+00 7.946e+00 7.949e+00 7.953e+00 7.956e+00 7.958e+00
 7.961e+00 7.963e+00 7.965e+00 7.968e+00 7.969e+00 7.971e+00 7.973e+00 7.974e+00
 7.976e+00 7.977e+00 7.978e+00 7.979e+00 7.981e+00 7.982e+00 7.983e+00 7.983e+00
 7.984e+00 7.985e+00 7.986e+00 7.986e+00 7.987e+00 7.988e+00 7.988e+00 7.989e+00
 7.989e+00 7.990e+00 7.990e+00 7.991e+00 7.991e+00 7.991e+00 7.992e+00 7.992e+00
 7.993e+00 7.993e+00 7.993e+00 7.993e+00 7.994e+00 7.994e+00 7.994e+00 7.994e+00
 7.995e+00 7.995e+00 7.995e+00 7.995e+00 7.995e+00 7.996e+00 7.996e+00 7.996e+00
 7.996e+00 7.996e+00 7.996e+00 7.996e+00 7.997e+00 7.997e+00 7.997e+00 7.997e+00
 7.997e+00 7.997e+00 7.997e+00 7.997e+00 7.997e+00 7.997e+00 7.998e+00 7.998e+00
 7.998e+00 7.998e+00 7.998e+00 7.998e+00 7.998e+00 7.998e+00 7.998e+00 7.998e+00
 7.998e+00 7.998e+00 7.998e+00 7.998e+00 7.998e+00 7.999e+00 7.999e+00 7.999e+00
 7.999e+00 7.999e+00 7.999e+00 7.999e+00 7.999e+00 7.999e+00 7.999e+00 7.999e+00
 7.999e+00 7.999e+00 7.999e+00 7.999e+00 7.999e+00 7.999e+00 7.999e+00 7.999e+00
 7.999e+00 7.999e+00 7.999e+00 7.999e+00 7.999e+00 7.999e+00 7.999e+00 7.999e+00
 7.999e+00 7.999e+00 7.999e+00 7.999e+00 7.999e+00 7.999e+00 7.999e+00 7.999e+00
 7.999e+00 7.999e+00 7.999e+00 8.000e+00 8.000e+00 8.000e+00 8.000e+00 8.000e+00
 8.000e+00 8.000e+00 8.000e+00 8.000e+00 8.000e+00 8.000e+00 8.000e+00 8.000e+00
 8.000e+00 8.000e+00 8.000e+00 8.000e+00 8.000e+00 8.000e+00 8.000e+00 8.000e+00
 8.000e+00 8.000e+00 8.000e+00 8.000e+00 8.000e+00 8.000e+00 8.000e+00 8.000e+00
 8.000e+00 8.000e+00 8.000e+00 8.000e+00 8.000e+00 8.000e+00 8.000e+00 8.000e+00
 8.000e+00 8.000e+00 8.000e+00 8.000e+00 8.000e+00 8.000e+00 8.000e+00 8.000e+00
 8.000e+00 8.000e+00 8.000e+00 8.000e+00 8.000e+00 8.000e+00 8.000e+00 8.000e+00
 8.000e+00 8.000e+00 8.000e+00 8.000e+00 8.000e+00 8.000e+00 8.000e+00 8.000e+00
 8.000e+00 8.000e+00 8.000e+00 8.000e+00 8.000e+00 8.000e+00 8.000e+00 8.000e+00
 8.000e+00 8.000e+00 8.000e+00 8.000e+00 8.000e+00 8.000e+00 8.000e+00 8.000e+00
 8.000e+00 8.000e+00 8.000e+00 8.000e+00 8.000e+00 8.000e+00 8.000e+00 8.000e+00
 8.000e+00 8.000e+00 8.000e+00 8.000e+00 8.000e+00 8.000e+00 8.000e+00 8.000e+00
 8.000e+00 8.000e+00 8.000e+00 8.000e+00 8.000e+00 8.000e+00 8.000e+00 8.000e+00
 8.000e+00 8.000e+00 8.000e+00 8.000e+00 8.000e+00 8.000e+00 8.000e+00 8.000e+00
 8.000e+00 8.000e+00 8.000e+00 8.000e+00 8.000e+00 8.000e+00 8.000e+00 8.000e+00
 8.000e+00 8.000e+00 8.000e+00 8.000e+00 8.000e+00 8.000e+00 8.000e+00 8.000e+00
 8.000e+00 8.000e+00 8.000e+00 8.000e+00 8.000e+00 8.000e+00 8.000e+00 8.000e+00
 8.000e+00 8.000e+00 8.000e+00 8.000e+00 8.000e+00 8.000e+00 8.000e+00 8.000e+00
 8.000e+00 8.000e+00 8.000e+00 8.000e+00 8.000e+00 8.000e+00 8.000e+00 8.000e+00
 8.000e+00 8.000e+00 8.000e+00 8.000e+00 8.000e+00 8.000e+00 8.000e+00 8.000e+00
 8.000e+00 8.000e+00 8.000e+00 8.000e+00 8.000e+00 8.000e+00 8.000e+00 8.000e+00
C-------------------------------------------------------------------------------
C
C  The fractional abundance and radiated power were generated from the
C  ADAS installation at UKAEA with the named adf11 files. The adf11 data
C  files may be updated in a later release of ADAS and publicly
C  available versions may be found at https://open.adas.ac.uk/.
C
C  The equilibrium balance data was produced with run_adas405.py and
C  the balance with a confinement time with adas4xx_ionbal_tau.py
C  which are functions from the ADAS library. Details on these codes
C  may be found at: https://www.adas.ac.uk/python_lib/index.html
C
C  Copyright (C) 2023 UK Atomic Energy Authority
C
C  This file was generated for use in the UKAEA systems code PROCESS
C  using a script written by Martin O'Mullane.
C  If acquired without provenance a user is strongly advised
C  to check its validity by re-generating using the adf11 files from
C  the OPEN-ADAS site.
C
C  Produced by : Timothy Nunn
C  Date        : 29-07-26
C
C-------------------------------------------------------------------------------
