Mean quadratic charge as a function dwell time.
Temperature :      0.2 - 500000.0 eV
Density     : 1.00e+20 m-3
   600     5  # Te values, dwell time

Source data:
acd : /home/adas/adas/adf11/acd96/acd96_si.dat
scd : /home/adas/adas/adf11/scd96/scd96_si.dat
plt : /home/adas/adas/adf11/plt96/plt96_si.dat
prb : /home/adas/adas/adf11/prb96/prb96_si.dat

Te[eV]
 2.500e-01 2.561e-01 2.624e-01 2.688e-01 2.754e-01 2.822e-01 2.891e-01 2.962e-01
 3.035e-01 3.109e-01 3.185e-01 3.263e-01 3.343e-01 3.425e-01 3.509e-01 3.595e-01
 3.683e-01 3.774e-01 3.866e-01 3.961e-01 4.058e-01 4.158e-01 4.260e-01 4.364e-01
 4.471e-01 4.581e-01 4.693e-01 4.808e-01 4.926e-01 5.047e-01 5.170e-01 5.297e-01
 5.427e-01 5.560e-01 5.696e-01 5.836e-01 5.979e-01 6.126e-01 6.276e-01 6.430e-01
 6.587e-01 6.749e-01 6.914e-01 7.084e-01 7.257e-01 7.435e-01 7.618e-01 7.804e-01
 7.996e-01 8.192e-01 8.393e-01 8.598e-01 8.809e-01 9.025e-01 9.247e-01 9.473e-01
 9.706e-01 9.943e-01 1.019e+00 1.044e+00 1.069e+00 1.096e+00 1.122e+00 1.150e+00
 1.178e+00 1.207e+00 1.237e+00 1.267e+00 1.298e+00 1.330e+00 1.362e+00 1.396e+00
 1.430e+00 1.465e+00 1.501e+00 1.538e+00 1.575e+00 1.614e+00 1.654e+00 1.694e+00
 1.736e+00 1.778e+00 1.822e+00 1.867e+00 1.912e+00 1.959e+00 2.007e+00 2.056e+00
 2.107e+00 2.159e+00 2.211e+00 2.266e+00 2.321e+00 2.378e+00 2.436e+00 2.496e+00
 2.557e+00 2.620e+00 2.684e+00 2.750e+00 2.818e+00 2.887e+00 2.957e+00 3.030e+00
 3.104e+00 3.180e+00 3.258e+00 3.338e+00 3.420e+00 3.504e+00 3.590e+00 3.678e+00
 3.768e+00 3.860e+00 3.955e+00 4.052e+00 4.151e+00 4.253e+00 4.357e+00 4.464e+00
 4.574e+00 4.686e+00 4.801e+00 4.918e+00 5.039e+00 5.162e+00 5.289e+00 5.419e+00
 5.551e+00 5.688e+00 5.827e+00 5.970e+00 6.116e+00 6.266e+00 6.420e+00 6.577e+00
 6.738e+00 6.904e+00 7.073e+00 7.246e+00 7.424e+00 7.606e+00 7.792e+00 7.983e+00
 8.179e+00 8.380e+00 8.585e+00 8.796e+00 9.011e+00 9.232e+00 9.459e+00 9.691e+00
 9.928e+00 1.017e+01 1.042e+01 1.068e+01 1.094e+01 1.121e+01 1.148e+01 1.176e+01
 1.205e+01 1.235e+01 1.265e+01 1.296e+01 1.328e+01 1.360e+01 1.394e+01 1.428e+01
 1.463e+01 1.499e+01 1.535e+01 1.573e+01 1.612e+01 1.651e+01 1.692e+01 1.733e+01
 1.776e+01 1.819e+01 1.864e+01 1.909e+01 1.956e+01 2.004e+01 2.053e+01 2.104e+01
 2.155e+01 2.208e+01 2.262e+01 2.318e+01 2.374e+01 2.433e+01 2.492e+01 2.553e+01
 2.616e+01 2.680e+01 2.746e+01 2.813e+01 2.882e+01 2.953e+01 3.025e+01 3.099e+01
 3.175e+01 3.253e+01 3.333e+01 3.415e+01 3.498e+01 3.584e+01 3.672e+01 3.762e+01
 3.854e+01 3.949e+01 4.046e+01 4.145e+01 4.246e+01 4.351e+01 4.457e+01 4.566e+01
 4.678e+01 4.793e+01 4.911e+01 5.031e+01 5.154e+01 5.281e+01 5.410e+01 5.543e+01
 5.679e+01 5.818e+01 5.961e+01 6.107e+01 6.256e+01 6.410e+01 6.567e+01 6.728e+01
 6.893e+01 7.062e+01 7.235e+01 7.412e+01 7.594e+01 7.780e+01 7.971e+01 8.167e+01
 8.367e+01 8.572e+01 8.782e+01 8.997e+01 9.218e+01 9.444e+01 9.676e+01 9.913e+01
 1.016e+02 1.040e+02 1.066e+02 1.092e+02 1.119e+02 1.146e+02 1.174e+02 1.203e+02
 1.233e+02 1.263e+02 1.294e+02 1.326e+02 1.358e+02 1.391e+02 1.426e+02 1.461e+02
 1.496e+02 1.533e+02 1.571e+02 1.609e+02 1.649e+02 1.689e+02 1.730e+02 1.773e+02
 1.816e+02 1.861e+02 1.906e+02 1.953e+02 2.001e+02 2.050e+02 2.100e+02 2.152e+02
 2.205e+02 2.259e+02 2.314e+02 2.371e+02 2.429e+02 2.488e+02 2.549e+02 2.612e+02
 2.676e+02 2.742e+02 2.809e+02 2.878e+02 2.948e+02 3.021e+02 3.095e+02 3.170e+02
 3.248e+02 3.328e+02 3.409e+02 3.493e+02 3.579e+02 3.666e+02 3.756e+02 3.848e+02
 3.943e+02 4.039e+02 4.138e+02 4.240e+02 4.344e+02 4.450e+02 4.559e+02 4.671e+02
 4.786e+02 4.903e+02 5.023e+02 5.146e+02 5.273e+02 5.402e+02 5.534e+02 5.670e+02
 5.809e+02 5.951e+02 6.097e+02 6.247e+02 6.400e+02 6.557e+02 6.718e+02 6.882e+02
 7.051e+02 7.224e+02 7.401e+02 7.582e+02 7.768e+02 7.959e+02 8.154e+02 8.354e+02
 8.559e+02 8.769e+02 8.984e+02 9.204e+02 9.429e+02 9.661e+02 9.897e+02 1.014e+03
 1.039e+03 1.064e+03 1.090e+03 1.117e+03 1.145e+03 1.173e+03 1.201e+03 1.231e+03
 1.261e+03 1.292e+03 1.324e+03 1.356e+03 1.389e+03 1.423e+03 1.458e+03 1.494e+03
 1.531e+03 1.568e+03 1.607e+03 1.646e+03 1.686e+03 1.728e+03 1.770e+03 1.813e+03
 1.858e+03 1.903e+03 1.950e+03 1.998e+03 2.047e+03 2.097e+03 2.149e+03 2.201e+03
 2.255e+03 2.310e+03 2.367e+03 2.425e+03 2.485e+03 2.546e+03 2.608e+03 2.672e+03
 2.737e+03 2.804e+03 2.873e+03 2.944e+03 3.016e+03 3.090e+03 3.166e+03 3.243e+03
 3.323e+03 3.404e+03 3.488e+03 3.573e+03 3.661e+03 3.750e+03 3.842e+03 3.937e+03
 4.033e+03 4.132e+03 4.233e+03 4.337e+03 4.443e+03 4.552e+03 4.664e+03 4.778e+03
 4.895e+03 5.015e+03 5.138e+03 5.264e+03 5.393e+03 5.526e+03 5.661e+03 5.800e+03
 5.942e+03 6.088e+03 6.237e+03 6.390e+03 6.547e+03 6.707e+03 6.872e+03 7.040e+03
 7.213e+03 7.390e+03 7.571e+03 7.756e+03 7.947e+03 8.141e+03 8.341e+03 8.545e+03
 8.755e+03 8.970e+03 9.190e+03 9.415e+03 9.646e+03 9.882e+03 1.012e+04 1.037e+04
 1.063e+04 1.089e+04 1.115e+04 1.143e+04 1.171e+04 1.200e+04 1.229e+04 1.259e+04
 1.290e+04 1.322e+04 1.354e+04 1.387e+04 1.421e+04 1.456e+04 1.492e+04 1.528e+04
 1.566e+04 1.604e+04 1.643e+04 1.684e+04 1.725e+04 1.767e+04 1.811e+04 1.855e+04
 1.901e+04 1.947e+04 1.995e+04 2.044e+04 2.094e+04 2.145e+04 2.198e+04 2.252e+04
 2.307e+04 2.363e+04 2.421e+04 2.481e+04 2.542e+04 2.604e+04 2.668e+04 2.733e+04
 2.800e+04 2.869e+04 2.939e+04 3.011e+04 3.085e+04 3.161e+04 3.238e+04 3.318e+04
 3.399e+04 3.482e+04 3.568e+04 3.655e+04 3.745e+04 3.836e+04 3.931e+04 4.027e+04
 4.126e+04 4.227e+04 4.330e+04 4.437e+04 4.545e+04 4.657e+04 4.771e+04 4.888e+04
 5.008e+04 5.131e+04 5.256e+04 5.385e+04 5.517e+04 5.652e+04 5.791e+04 5.933e+04
 6.078e+04 6.228e+04 6.380e+04 6.537e+04 6.697e+04 6.861e+04 7.029e+04 7.202e+04
 7.378e+04 7.559e+04 7.744e+04 7.934e+04 8.129e+04 8.328e+04 8.532e+04 8.741e+04
 8.956e+04 9.175e+04 9.400e+04 9.631e+04 9.867e+04 1.011e+05 1.036e+05 1.061e+05
 1.087e+05 1.114e+05 1.141e+05 1.169e+05 1.198e+05 1.227e+05 1.257e+05 1.288e+05
 1.320e+05 1.352e+05 1.385e+05 1.419e+05 1.454e+05 1.489e+05 1.526e+05 1.563e+05
 1.602e+05 1.641e+05 1.681e+05 1.722e+05 1.765e+05 1.808e+05 1.852e+05 1.898e+05
 1.944e+05 1.992e+05 2.041e+05 2.091e+05 2.142e+05 2.194e+05 2.248e+05 2.303e+05
 2.360e+05 2.418e+05 2.477e+05 2.538e+05 2.600e+05 2.664e+05 2.729e+05 2.796e+05
 2.864e+05 2.935e+05 3.007e+05 3.080e+05 3.156e+05 3.233e+05 3.312e+05 3.394e+05
 3.477e+05 3.562e+05 3.649e+05 3.739e+05 3.831e+05 3.924e+05 4.021e+05 4.119e+05
 4.220e+05 4.324e+05 4.430e+05 4.538e+05 4.650e+05 4.764e+05 4.880e+05 5.000e+05
sqrt(<Z^2>) for tau[ms]=    0.1
 1.268e-04 1.757e-04 2.421e-04 3.313e-04 4.504e-04 6.077e-04 8.135e-04 1.080e-03
 1.421e-03 1.855e-03 2.403e-03 3.087e-03 3.937e-03 4.986e-03 6.272e-03 7.839e-03
 9.736e-03 1.202e-02 1.476e-02 1.803e-02 2.191e-02 2.650e-02 3.191e-02 3.827e-02
 4.571e-02 5.439e-02 6.446e-02 7.608e-02 8.946e-02 1.048e-01 1.222e-01 1.419e-01
 1.641e-01 1.889e-01 2.164e-01 2.467e-01 2.798e-01 3.156e-01 3.538e-01 3.941e-01
 4.361e-01 4.792e-01 5.228e-01 5.662e-01 6.087e-01 6.497e-01 6.885e-01 7.248e-01
 7.582e-01 7.886e-01 8.159e-01 8.401e-01 8.615e-01 8.802e-01 8.965e-01 9.107e-01
 9.229e-01 9.335e-01 9.426e-01 9.505e-01 9.574e-01 9.634e-01 9.687e-01 9.735e-01
 9.779e-01 9.822e-01 9.864e-01 9.907e-01 9.953e-01 1.001e+00 1.006e+00 1.013e+00
 1.022e+00 1.032e+00 1.044e+00 1.058e+00 1.075e+00 1.095e+00 1.119e+00 1.146e+00
 1.176e+00 1.210e+00 1.247e+00 1.288e+00 1.330e+00 1.375e+00 1.421e+00 1.467e+00
 1.513e+00 1.559e+00 1.603e+00 1.646e+00 1.688e+00 1.727e+00 1.765e+00 1.801e+00
 1.836e+00 1.869e+00 1.902e+00 1.933e+00 1.964e+00 1.995e+00 2.026e+00 2.057e+00
 2.089e+00 2.121e+00 2.153e+00 2.187e+00 2.221e+00 2.256e+00 2.292e+00 2.328e+00
 2.366e+00 2.404e+00 2.444e+00 2.485e+00 2.526e+00 2.569e+00 2.612e+00 2.657e+00
 2.702e+00 2.748e+00 2.795e+00 2.842e+00 2.890e+00 2.937e+00 2.985e+00 3.032e+00
 3.079e+00 3.125e+00 3.169e+00 3.213e+00 3.255e+00 3.296e+00 3.335e+00 3.373e+00
 3.409e+00 3.443e+00 3.475e+00 3.506e+00 3.535e+00 3.562e+00 3.587e+00 3.611e+00
 3.633e+00 3.654e+00 3.674e+00 3.692e+00 3.709e+00 3.725e+00 3.740e+00 3.754e+00
 3.767e+00 3.779e+00 3.790e+00 3.801e+00 3.811e+00 3.820e+00 3.829e+00 3.837e+00
 3.845e+00 3.852e+00 3.858e+00 3.865e+00 3.870e+00 3.876e+00 3.881e+00 3.886e+00
 3.891e+00 3.895e+00 3.899e+00 3.903e+00 3.907e+00 3.911e+00 3.914e+00 3.918e+00
 3.922e+00 3.925e+00 3.929e+00 3.932e+00 3.936e+00 3.940e+00 3.944e+00 3.948e+00
 3.953e+00 3.959e+00 3.964e+00 3.971e+00 3.978e+00 3.986e+00 3.995e+00 4.005e+00
 4.016e+00 4.028e+00 4.042e+00 4.057e+00 4.073e+00 4.091e+00 4.111e+00 4.132e+00
 4.155e+00 4.180e+00 4.207e+00 4.235e+00 4.266e+00 4.298e+00 4.331e+00 4.367e+00
 4.403e+00 4.442e+00 4.482e+00 4.523e+00 4.566e+00 4.610e+00 4.655e+00 4.702e+00
 4.749e+00 4.798e+00 4.848e+00 4.899e+00 4.950e+00 5.003e+00 5.056e+00 5.110e+00
 5.164e+00 5.219e+00 5.275e+00 5.330e+00 5.387e+00 5.443e+00 5.500e+00 5.557e+00
 5.614e+00 5.671e+00 5.728e+00 5.786e+00 5.843e+00 5.900e+00 5.958e+00 6.015e+00
 6.072e+00 6.129e+00 6.186e+00 6.243e+00 6.300e+00 6.357e+00 6.414e+00 6.470e+00
 6.527e+00 6.584e+00 6.640e+00 6.697e+00 6.753e+00 6.809e+00 6.865e+00 6.921e+00
 6.977e+00 7.032e+00 7.087e+00 7.142e+00 7.197e+00 7.251e+00 7.305e+00 7.359e+00
 7.413e+00 7.466e+00 7.518e+00 7.571e+00 7.623e+00 7.674e+00 7.725e+00 7.776e+00
 7.826e+00 7.875e+00 7.924e+00 7.973e+00 8.021e+00 8.068e+00 8.115e+00 8.161e+00
 8.207e+00 8.252e+00 8.297e+00 8.340e+00 8.384e+00 8.427e+00 8.469e+00 8.510e+00
 8.551e+00 8.591e+00 8.631e+00 8.670e+00 8.708e+00 8.745e+00 8.782e+00 8.819e+00
 8.854e+00 8.890e+00 8.924e+00 8.958e+00 8.991e+00 9.023e+00 9.055e+00 9.086e+00
 9.117e+00 9.147e+00 9.176e+00 9.205e+00 9.233e+00 9.261e+00 9.287e+00 9.314e+00
 9.340e+00 9.365e+00 9.389e+00 9.413e+00 9.437e+00 9.460e+00 9.482e+00 9.504e+00
 9.525e+00 9.546e+00 9.566e+00 9.586e+00 9.606e+00 9.624e+00 9.643e+00 9.661e+00
 9.678e+00 9.695e+00 9.712e+00 9.728e+00 9.744e+00 9.760e+00 9.775e+00 9.789e+00
 9.804e+00 9.818e+00 9.831e+00 9.844e+00 9.857e+00 9.870e+00 9.882e+00 9.894e+00
 9.905e+00 9.916e+00 9.927e+00 9.938e+00 9.948e+00 9.958e+00 9.968e+00 9.977e+00
 9.986e+00 9.995e+00 1.000e+01 1.001e+01 1.002e+01 1.003e+01 1.003e+01 1.004e+01
 1.005e+01 1.005e+01 1.006e+01 1.007e+01 1.007e+01 1.008e+01 1.008e+01 1.009e+01
 1.009e+01 1.010e+01 1.010e+01 1.011e+01 1.011e+01 1.012e+01 1.012e+01 1.012e+01
 1.013e+01 1.013e+01 1.013e+01 1.014e+01 1.014e+01 1.014e+01 1.014e+01 1.015e+01
 1.015e+01 1.015e+01 1.015e+01 1.015e+01 1.016e+01 1.016e+01 1.016e+01 1.016e+01
 1.016e+01 1.016e+01 1.016e+01 1.016e+01 1.016e+01 1.016e+01 1.016e+01 1.016e+01
 1.016e+01 1.016e+01 1.016e+01 1.016e+01 1.016e+01 1.016e+01 1.016e+01 1.016e+01
 1.016e+01 1.016e+01 1.016e+01 1.016e+01 1.015e+01 1.015e+01 1.015e+01 1.015e+01
 1.015e+01 1.015e+01 1.015e+01 1.014e+01 1.014e+01 1.014e+01 1.014e+01 1.014e+01
 1.013e+01 1.013e+01 1.013e+01 1.013e+01 1.012e+01 1.012e+01 1.012e+01 1.012e+01
 1.011e+01 1.011e+01 1.011e+01 1.010e+01 1.010e+01 1.010e+01 1.009e+01 1.009e+01
 1.009e+01 1.008e+01 1.008e+01 1.008e+01 1.007e+01 1.007e+01 1.007e+01 1.006e+01
 1.006e+01 1.006e+01 1.005e+01 1.005e+01 1.005e+01 1.004e+01 1.004e+01 1.003e+01
 1.003e+01 1.003e+01 1.002e+01 1.002e+01 1.002e+01 1.001e+01 1.001e+01 1.000e+01
 1.000e+01 9.997e+00 9.993e+00 9.989e+00 9.985e+00 9.981e+00 9.978e+00 9.974e+00
 9.970e+00 9.966e+00 9.962e+00 9.958e+00 9.954e+00 9.950e+00 9.946e+00 9.942e+00
 9.938e+00 9.934e+00 9.930e+00 9.926e+00 9.922e+00 9.918e+00 9.914e+00 9.910e+00
 9.906e+00 9.902e+00 9.898e+00 9.894e+00 9.890e+00 9.886e+00 9.882e+00 9.878e+00
 9.874e+00 9.869e+00 9.865e+00 9.861e+00 9.857e+00 9.853e+00 9.849e+00 9.844e+00
 9.840e+00 9.836e+00 9.832e+00 9.828e+00 9.823e+00 9.819e+00 9.815e+00 9.811e+00
 9.806e+00 9.802e+00 9.798e+00 9.793e+00 9.789e+00 9.785e+00 9.780e+00 9.776e+00
 9.772e+00 9.767e+00 9.763e+00 9.758e+00 9.754e+00 9.750e+00 9.745e+00 9.741e+00
 9.736e+00 9.732e+00 9.727e+00 9.723e+00 9.718e+00 9.714e+00 9.709e+00 9.705e+00
 9.700e+00 9.696e+00 9.691e+00 9.687e+00 9.682e+00 9.678e+00 9.673e+00 9.668e+00
 9.664e+00 9.659e+00 9.655e+00 9.650e+00 9.645e+00 9.641e+00 9.636e+00 9.631e+00
 9.627e+00 9.622e+00 9.617e+00 9.612e+00 9.608e+00 9.603e+00 9.598e+00 9.594e+00
 9.589e+00 9.584e+00 9.579e+00 9.574e+00 9.570e+00 9.565e+00 9.560e+00 9.555e+00
 9.550e+00 9.545e+00 9.541e+00 9.536e+00 9.531e+00 9.526e+00 9.521e+00 9.516e+00
 9.511e+00 9.506e+00 9.501e+00 9.496e+00 9.491e+00 9.486e+00 9.481e+00 9.476e+00
 9.471e+00 9.466e+00 9.461e+00 9.456e+00 9.451e+00 9.446e+00 9.441e+00 9.436e+00
 9.431e+00 9.426e+00 9.421e+00 9.416e+00 9.411e+00 9.406e+00 9.400e+00 9.395e+00
sqrt(<Z^2>) for tau[ms]=    1.0
 1.709e-04 2.406e-04 3.369e-04 4.689e-04 6.481e-04 8.895e-04 1.211e-03 1.636e-03
 2.191e-03 2.910e-03 3.834e-03 5.011e-03 6.502e-03 8.376e-03 1.072e-02 1.362e-02
 1.720e-02 2.159e-02 2.694e-02 3.343e-02 4.126e-02 5.068e-02 6.194e-02 7.536e-02
 9.126e-02 1.100e-01 1.320e-01 1.575e-01 1.870e-01 2.206e-01 2.587e-01 3.012e-01
 3.479e-01 3.983e-01 4.517e-01 5.070e-01 5.628e-01 6.176e-01 6.699e-01 7.186e-01
 7.626e-01 8.016e-01 8.354e-01 8.642e-01 8.883e-01 9.084e-01 9.249e-01 9.384e-01
 9.495e-01 9.585e-01 9.658e-01 9.718e-01 9.768e-01 9.809e-01 9.844e-01 9.874e-01
 9.901e-01 9.926e-01 9.951e-01 9.977e-01 1.001e+00 1.004e+00 1.009e+00 1.014e+00
 1.021e+00 1.030e+00 1.041e+00 1.056e+00 1.074e+00 1.097e+00 1.124e+00 1.157e+00
 1.195e+00 1.239e+00 1.288e+00 1.340e+00 1.396e+00 1.453e+00 1.511e+00 1.568e+00
 1.624e+00 1.677e+00 1.727e+00 1.774e+00 1.819e+00 1.861e+00 1.902e+00 1.941e+00
 1.980e+00 2.019e+00 2.058e+00 2.098e+00 2.139e+00 2.182e+00 2.225e+00 2.270e+00
 2.316e+00 2.363e+00 2.410e+00 2.457e+00 2.505e+00 2.553e+00 2.601e+00 2.649e+00
 2.698e+00 2.747e+00 2.798e+00 2.850e+00 2.903e+00 2.958e+00 3.015e+00 3.072e+00
 3.130e+00 3.189e+00 3.247e+00 3.305e+00 3.361e+00 3.414e+00 3.466e+00 3.514e+00
 3.559e+00 3.601e+00 3.639e+00 3.674e+00 3.706e+00 3.734e+00 3.760e+00 3.783e+00
 3.804e+00 3.823e+00 3.840e+00 3.854e+00 3.868e+00 3.880e+00 3.890e+00 3.900e+00
 3.908e+00 3.916e+00 3.923e+00 3.929e+00 3.935e+00 3.940e+00 3.945e+00 3.949e+00
 3.952e+00 3.956e+00 3.959e+00 3.962e+00 3.964e+00 3.967e+00 3.969e+00 3.971e+00
 3.973e+00 3.974e+00 3.976e+00 3.977e+00 3.978e+00 3.980e+00 3.981e+00 3.982e+00
 3.983e+00 3.984e+00 3.985e+00 3.986e+00 3.987e+00 3.988e+00 3.989e+00 3.990e+00
 3.991e+00 3.992e+00 3.994e+00 3.996e+00 3.999e+00 4.002e+00 4.005e+00 4.009e+00
 4.015e+00 4.021e+00 4.028e+00 4.037e+00 4.048e+00 4.061e+00 4.076e+00 4.093e+00
 4.112e+00 4.135e+00 4.160e+00 4.188e+00 4.220e+00 4.254e+00 4.291e+00 4.331e+00
 4.374e+00 4.419e+00 4.466e+00 4.515e+00 4.567e+00 4.620e+00 4.675e+00 4.732e+00
 4.790e+00 4.850e+00 4.911e+00 4.974e+00 5.038e+00 5.104e+00 5.171e+00 5.240e+00
 5.309e+00 5.380e+00 5.451e+00 5.523e+00 5.596e+00 5.670e+00 5.743e+00 5.817e+00
 5.891e+00 5.965e+00 6.039e+00 6.112e+00 6.186e+00 6.258e+00 6.331e+00 6.403e+00
 6.476e+00 6.548e+00 6.620e+00 6.692e+00 6.765e+00 6.837e+00 6.911e+00 6.985e+00
 7.060e+00 7.136e+00 7.212e+00 7.290e+00 7.369e+00 7.448e+00 7.528e+00 7.609e+00
 7.691e+00 7.773e+00 7.855e+00 7.938e+00 8.021e+00 8.104e+00 8.187e+00 8.270e+00
 8.353e+00 8.436e+00 8.518e+00 8.600e+00 8.682e+00 8.764e+00 8.845e+00 8.925e+00
 9.005e+00 9.085e+00 9.164e+00 9.242e+00 9.320e+00 9.397e+00 9.473e+00 9.548e+00
 9.622e+00 9.696e+00 9.768e+00 9.839e+00 9.908e+00 9.976e+00 1.004e+01 1.011e+01
 1.017e+01 1.023e+01 1.029e+01 1.035e+01 1.041e+01 1.046e+01 1.051e+01 1.056e+01
 1.061e+01 1.066e+01 1.071e+01 1.075e+01 1.079e+01 1.083e+01 1.087e+01 1.091e+01
 1.094e+01 1.098e+01 1.101e+01 1.104e+01 1.107e+01 1.110e+01 1.112e+01 1.115e+01
 1.117e+01 1.120e+01 1.122e+01 1.124e+01 1.126e+01 1.128e+01 1.130e+01 1.132e+01
 1.133e+01 1.135e+01 1.137e+01 1.138e+01 1.140e+01 1.141e+01 1.142e+01 1.144e+01
 1.145e+01 1.146e+01 1.148e+01 1.149e+01 1.150e+01 1.151e+01 1.152e+01 1.153e+01
 1.154e+01 1.155e+01 1.156e+01 1.157e+01 1.158e+01 1.159e+01 1.161e+01 1.162e+01
 1.163e+01 1.164e+01 1.165e+01 1.166e+01 1.167e+01 1.168e+01 1.169e+01 1.171e+01
 1.172e+01 1.173e+01 1.174e+01 1.175e+01 1.177e+01 1.178e+01 1.179e+01 1.180e+01
 1.182e+01 1.183e+01 1.184e+01 1.186e+01 1.187e+01 1.188e+01 1.190e+01 1.191e+01
 1.192e+01 1.194e+01 1.195e+01 1.196e+01 1.198e+01 1.199e+01 1.200e+01 1.202e+01
 1.203e+01 1.204e+01 1.206e+01 1.207e+01 1.209e+01 1.210e+01 1.211e+01 1.213e+01
 1.214e+01 1.216e+01 1.217e+01 1.218e+01 1.220e+01 1.221e+01 1.223e+01 1.224e+01
 1.225e+01 1.227e+01 1.228e+01 1.229e+01 1.231e+01 1.232e+01 1.233e+01 1.234e+01
 1.236e+01 1.237e+01 1.238e+01 1.239e+01 1.240e+01 1.241e+01 1.242e+01 1.243e+01
 1.244e+01 1.245e+01 1.246e+01 1.247e+01 1.248e+01 1.249e+01 1.250e+01 1.251e+01
 1.252e+01 1.252e+01 1.253e+01 1.254e+01 1.255e+01 1.255e+01 1.256e+01 1.257e+01
 1.257e+01 1.258e+01 1.258e+01 1.259e+01 1.260e+01 1.260e+01 1.261e+01 1.261e+01
 1.262e+01 1.262e+01 1.263e+01 1.263e+01 1.263e+01 1.264e+01 1.264e+01 1.265e+01
 1.265e+01 1.265e+01 1.266e+01 1.266e+01 1.266e+01 1.267e+01 1.267e+01 1.267e+01
 1.268e+01 1.268e+01 1.268e+01 1.268e+01 1.269e+01 1.269e+01 1.269e+01 1.269e+01
 1.270e+01 1.270e+01 1.270e+01 1.270e+01 1.270e+01 1.271e+01 1.271e+01 1.271e+01
 1.271e+01 1.271e+01 1.271e+01 1.271e+01 1.272e+01 1.272e+01 1.272e+01 1.272e+01
 1.272e+01 1.272e+01 1.273e+01 1.273e+01 1.273e+01 1.273e+01 1.273e+01 1.273e+01
 1.273e+01 1.273e+01 1.274e+01 1.274e+01 1.274e+01 1.274e+01 1.274e+01 1.274e+01
 1.274e+01 1.275e+01 1.275e+01 1.275e+01 1.275e+01 1.275e+01 1.275e+01 1.275e+01
 1.275e+01 1.275e+01 1.276e+01 1.276e+01 1.276e+01 1.276e+01 1.276e+01 1.276e+01
 1.276e+01 1.276e+01 1.277e+01 1.277e+01 1.277e+01 1.277e+01 1.277e+01 1.277e+01
 1.277e+01 1.277e+01 1.277e+01 1.277e+01 1.278e+01 1.278e+01 1.278e+01 1.278e+01
 1.278e+01 1.278e+01 1.278e+01 1.278e+01 1.278e+01 1.278e+01 1.279e+01 1.279e+01
 1.279e+01 1.279e+01 1.279e+01 1.279e+01 1.279e+01 1.279e+01 1.279e+01 1.279e+01
 1.279e+01 1.280e+01 1.280e+01 1.280e+01 1.280e+01 1.280e+01 1.280e+01 1.280e+01
 1.280e+01 1.280e+01 1.280e+01 1.280e+01 1.280e+01 1.280e+01 1.281e+01 1.281e+01
 1.281e+01 1.281e+01 1.281e+01 1.281e+01 1.281e+01 1.281e+01 1.281e+01 1.281e+01
 1.281e+01 1.281e+01 1.281e+01 1.281e+01 1.281e+01 1.281e+01 1.282e+01 1.282e+01
 1.282e+01 1.282e+01 1.282e+01 1.282e+01 1.282e+01 1.282e+01 1.282e+01 1.282e+01
 1.282e+01 1.282e+01 1.282e+01 1.282e+01 1.282e+01 1.282e+01 1.282e+01 1.282e+01
 1.282e+01 1.282e+01 1.282e+01 1.282e+01 1.282e+01 1.282e+01 1.283e+01 1.283e+01
 1.283e+01 1.283e+01 1.283e+01 1.283e+01 1.283e+01 1.283e+01 1.283e+01 1.283e+01
 1.283e+01 1.283e+01 1.283e+01 1.283e+01 1.283e+01 1.283e+01 1.283e+01 1.283e+01
 1.283e+01 1.283e+01 1.283e+01 1.283e+01 1.283e+01 1.283e+01 1.283e+01 1.283e+01
sqrt(<Z^2>) for tau[ms]=   10.0
 1.783e-04 2.519e-04 3.539e-04 4.943e-04 6.859e-04 9.452e-04 1.293e-03 1.754e-03
 2.359e-03 3.149e-03 4.169e-03 5.479e-03 7.149e-03 9.262e-03 1.192e-02 1.524e-02
 1.937e-02 2.448e-02 3.076e-02 3.844e-02 4.780e-02 5.914e-02 7.283e-02 8.929e-02
 1.090e-01 1.324e-01 1.599e-01 1.922e-01 2.296e-01 2.723e-01 3.204e-01 3.737e-01
 4.313e-01 4.921e-01 5.542e-01 6.159e-01 6.748e-01 7.293e-01 7.780e-01 8.202e-01
 8.558e-01 8.851e-01 9.090e-01 9.281e-01 9.432e-01 9.552e-01 9.646e-01 9.720e-01
 9.778e-01 9.825e-01 9.862e-01 9.893e-01 9.919e-01 9.943e-01 9.966e-01 9.989e-01
 1.002e+00 1.005e+00 1.009e+00 1.014e+00 1.020e+00 1.029e+00 1.040e+00 1.055e+00
 1.073e+00 1.097e+00 1.126e+00 1.161e+00 1.202e+00 1.250e+00 1.303e+00 1.360e+00
 1.421e+00 1.484e+00 1.546e+00 1.607e+00 1.665e+00 1.720e+00 1.771e+00 1.819e+00
 1.865e+00 1.909e+00 1.951e+00 1.994e+00 2.037e+00 2.082e+00 2.129e+00 2.178e+00
 2.230e+00 2.283e+00 2.338e+00 2.393e+00 2.448e+00 2.503e+00 2.556e+00 2.608e+00
 2.658e+00 2.706e+00 2.753e+00 2.799e+00 2.845e+00 2.892e+00 2.940e+00 2.991e+00
 3.045e+00 3.102e+00 3.162e+00 3.225e+00 3.290e+00 3.355e+00 3.420e+00 3.483e+00
 3.543e+00 3.599e+00 3.650e+00 3.696e+00 3.737e+00 3.773e+00 3.805e+00 3.832e+00
 3.855e+00 3.875e+00 3.892e+00 3.907e+00 3.919e+00 3.930e+00 3.939e+00 3.947e+00
 3.954e+00 3.959e+00 3.964e+00 3.968e+00 3.972e+00 3.975e+00 3.978e+00 3.980e+00
 3.982e+00 3.984e+00 3.986e+00 3.987e+00 3.988e+00 3.990e+00 3.990e+00 3.991e+00
 3.992e+00 3.993e+00 3.993e+00 3.994e+00 3.994e+00 3.995e+00 3.995e+00 3.996e+00
 3.996e+00 3.996e+00 3.996e+00 3.997e+00 3.997e+00 3.997e+00 3.998e+00 3.998e+00
 3.998e+00 3.999e+00 3.999e+00 4.000e+00 4.001e+00 4.002e+00 4.003e+00 4.005e+00
 4.008e+00 4.011e+00 4.015e+00 4.020e+00 4.026e+00 4.034e+00 4.043e+00 4.055e+00
 4.069e+00 4.086e+00 4.106e+00 4.129e+00 4.156e+00 4.186e+00 4.220e+00 4.257e+00
 4.298e+00 4.341e+00 4.388e+00 4.437e+00 4.488e+00 4.540e+00 4.594e+00 4.649e+00
 4.705e+00 4.762e+00 4.820e+00 4.879e+00 4.940e+00 5.002e+00 5.066e+00 5.131e+00
 5.199e+00 5.268e+00 5.339e+00 5.411e+00 5.485e+00 5.560e+00 5.637e+00 5.714e+00
 5.792e+00 5.870e+00 5.948e+00 6.026e+00 6.103e+00 6.180e+00 6.256e+00 6.331e+00
 6.405e+00 6.479e+00 6.552e+00 6.624e+00 6.696e+00 6.768e+00 6.839e+00 6.912e+00
 6.985e+00 7.059e+00 7.134e+00 7.210e+00 7.289e+00 7.370e+00 7.452e+00 7.537e+00
 7.625e+00 7.714e+00 7.806e+00 7.900e+00 7.996e+00 8.094e+00 8.193e+00 8.293e+00
 8.394e+00 8.496e+00 8.598e+00 8.701e+00 8.805e+00 8.909e+00 9.014e+00 9.120e+00
 9.226e+00 9.334e+00 9.442e+00 9.551e+00 9.661e+00 9.771e+00 9.881e+00 9.990e+00
 1.010e+01 1.021e+01 1.031e+01 1.042e+01 1.052e+01 1.061e+01 1.070e+01 1.079e+01
 1.088e+01 1.096e+01 1.103e+01 1.110e+01 1.116e+01 1.122e+01 1.128e+01 1.133e+01
 1.138e+01 1.142e+01 1.146e+01 1.150e+01 1.153e+01 1.156e+01 1.159e+01 1.162e+01
 1.164e+01 1.166e+01 1.168e+01 1.170e+01 1.172e+01 1.173e+01 1.175e+01 1.176e+01
 1.177e+01 1.179e+01 1.180e+01 1.181e+01 1.182e+01 1.182e+01 1.183e+01 1.184e+01
 1.185e+01 1.185e+01 1.186e+01 1.187e+01 1.187e+01 1.188e+01 1.188e+01 1.189e+01
 1.189e+01 1.190e+01 1.190e+01 1.191e+01 1.191e+01 1.192e+01 1.192e+01 1.193e+01
 1.194e+01 1.194e+01 1.195e+01 1.196e+01 1.197e+01 1.198e+01 1.199e+01 1.200e+01
 1.201e+01 1.202e+01 1.204e+01 1.205e+01 1.207e+01 1.208e+01 1.210e+01 1.212e+01
 1.214e+01 1.216e+01 1.219e+01 1.221e+01 1.224e+01 1.226e+01 1.229e+01 1.232e+01
 1.235e+01 1.238e+01 1.241e+01 1.244e+01 1.247e+01 1.251e+01 1.254e+01 1.257e+01
 1.260e+01 1.264e+01 1.267e+01 1.270e+01 1.273e+01 1.276e+01 1.280e+01 1.283e+01
 1.286e+01 1.289e+01 1.292e+01 1.295e+01 1.298e+01 1.301e+01 1.303e+01 1.306e+01
 1.309e+01 1.311e+01 1.314e+01 1.317e+01 1.319e+01 1.321e+01 1.324e+01 1.326e+01
 1.328e+01 1.330e+01 1.332e+01 1.334e+01 1.336e+01 1.338e+01 1.340e+01 1.342e+01
 1.343e+01 1.345e+01 1.346e+01 1.348e+01 1.349e+01 1.350e+01 1.352e+01 1.353e+01
 1.354e+01 1.355e+01 1.356e+01 1.357e+01 1.358e+01 1.359e+01 1.360e+01 1.361e+01
 1.362e+01 1.363e+01 1.363e+01 1.364e+01 1.365e+01 1.366e+01 1.366e+01 1.367e+01
 1.367e+01 1.368e+01 1.368e+01 1.369e+01 1.369e+01 1.370e+01 1.370e+01 1.371e+01
 1.371e+01 1.371e+01 1.372e+01 1.372e+01 1.373e+01 1.373e+01 1.373e+01 1.373e+01
 1.374e+01 1.374e+01 1.374e+01 1.375e+01 1.375e+01 1.375e+01 1.375e+01 1.375e+01
 1.376e+01 1.376e+01 1.376e+01 1.376e+01 1.376e+01 1.377e+01 1.377e+01 1.377e+01
 1.377e+01 1.377e+01 1.377e+01 1.378e+01 1.378e+01 1.378e+01 1.378e+01 1.378e+01
 1.378e+01 1.378e+01 1.379e+01 1.379e+01 1.379e+01 1.379e+01 1.379e+01 1.379e+01
 1.379e+01 1.379e+01 1.379e+01 1.379e+01 1.379e+01 1.380e+01 1.380e+01 1.380e+01
 1.380e+01 1.380e+01 1.380e+01 1.380e+01 1.380e+01 1.380e+01 1.380e+01 1.380e+01
 1.380e+01 1.381e+01 1.381e+01 1.381e+01 1.381e+01 1.381e+01 1.381e+01 1.381e+01
 1.381e+01 1.381e+01 1.381e+01 1.381e+01 1.381e+01 1.381e+01 1.381e+01 1.382e+01
 1.382e+01 1.382e+01 1.382e+01 1.382e+01 1.382e+01 1.382e+01 1.382e+01 1.382e+01
 1.382e+01 1.382e+01 1.382e+01 1.382e+01 1.382e+01 1.382e+01 1.382e+01 1.382e+01
 1.382e+01 1.383e+01 1.383e+01 1.383e+01 1.383e+01 1.383e+01 1.383e+01 1.383e+01
 1.383e+01 1.383e+01 1.383e+01 1.383e+01 1.383e+01 1.383e+01 1.383e+01 1.383e+01
 1.383e+01 1.383e+01 1.383e+01 1.383e+01 1.383e+01 1.383e+01 1.383e+01 1.383e+01
 1.383e+01 1.384e+01 1.384e+01 1.384e+01 1.384e+01 1.384e+01 1.384e+01 1.384e+01
 1.384e+01 1.384e+01 1.384e+01 1.384e+01 1.384e+01 1.384e+01 1.384e+01 1.384e+01
 1.384e+01 1.384e+01 1.384e+01 1.384e+01 1.384e+01 1.384e+01 1.384e+01 1.384e+01
 1.384e+01 1.384e+01 1.384e+01 1.384e+01 1.384e+01 1.384e+01 1.384e+01 1.384e+01
 1.385e+01 1.385e+01 1.385e+01 1.385e+01 1.385e+01 1.385e+01 1.385e+01 1.385e+01
 1.385e+01 1.385e+01 1.385e+01 1.385e+01 1.385e+01 1.385e+01 1.385e+01 1.385e+01
 1.385e+01 1.385e+01 1.385e+01 1.385e+01 1.385e+01 1.385e+01 1.385e+01 1.385e+01
 1.385e+01 1.385e+01 1.385e+01 1.385e+01 1.385e+01 1.385e+01 1.385e+01 1.385e+01
 1.385e+01 1.385e+01 1.385e+01 1.385e+01 1.385e+01 1.385e+01 1.385e+01 1.385e+01
 1.385e+01 1.385e+01 1.385e+01 1.385e+01 1.385e+01 1.385e+01 1.385e+01 1.385e+01
sqrt(<Z^2>) for tau[ms]=  100.0
 1.791e-04 2.531e-04 3.558e-04 4.971e-04 6.901e-04 9.513e-04 1.302e-03 1.767e-03
 2.378e-03 3.176e-03 4.208e-03 5.534e-03 7.225e-03 9.367e-03 1.206e-02 1.544e-02
 1.964e-02 2.484e-02 3.124e-02 3.907e-02 4.863e-02 6.024e-02 7.427e-02 9.115e-02
 1.114e-01 1.354e-01 1.638e-01 1.971e-01 2.356e-01 2.797e-01 3.294e-01 3.842e-01
 4.434e-01 5.055e-01 5.688e-01 6.310e-01 6.901e-01 7.441e-01 7.919e-01 8.329e-01
 8.671e-01 8.950e-01 9.175e-01 9.353e-01 9.493e-01 9.603e-01 9.688e-01 9.756e-01
 9.809e-01 9.851e-01 9.885e-01 9.914e-01 9.939e-01 9.962e-01 9.986e-01 1.001e+00
 1.004e+00 1.008e+00 1.013e+00 1.019e+00 1.027e+00 1.038e+00 1.052e+00 1.070e+00
 1.093e+00 1.121e+00 1.155e+00 1.196e+00 1.243e+00 1.296e+00 1.353e+00 1.414e+00
 1.477e+00 1.540e+00 1.601e+00 1.660e+00 1.716e+00 1.768e+00 1.817e+00 1.863e+00
 1.907e+00 1.950e+00 1.993e+00 2.038e+00 2.084e+00 2.132e+00 2.184e+00 2.237e+00
 2.293e+00 2.350e+00 2.408e+00 2.465e+00 2.522e+00 2.576e+00 2.629e+00 2.679e+00
 2.726e+00 2.772e+00 2.817e+00 2.861e+00 2.905e+00 2.951e+00 3.000e+00 3.052e+00
 3.107e+00 3.167e+00 3.230e+00 3.295e+00 3.362e+00 3.429e+00 3.495e+00 3.557e+00
 3.615e+00 3.668e+00 3.715e+00 3.757e+00 3.794e+00 3.825e+00 3.852e+00 3.875e+00
 3.894e+00 3.910e+00 3.924e+00 3.935e+00 3.945e+00 3.953e+00 3.960e+00 3.965e+00
 3.970e+00 3.974e+00 3.978e+00 3.981e+00 3.983e+00 3.985e+00 3.987e+00 3.989e+00
 3.990e+00 3.991e+00 3.992e+00 3.993e+00 3.994e+00 3.995e+00 3.995e+00 3.996e+00
 3.996e+00 3.997e+00 3.997e+00 3.997e+00 3.997e+00 3.998e+00 3.998e+00 3.998e+00
 3.998e+00 3.998e+00 3.999e+00 3.999e+00 3.999e+00 3.999e+00 3.999e+00 4.000e+00
 4.000e+00 4.000e+00 4.001e+00 4.002e+00 4.003e+00 4.004e+00 4.006e+00 4.008e+00
 4.011e+00 4.015e+00 4.020e+00 4.026e+00 4.034e+00 4.044e+00 4.056e+00 4.070e+00
 4.087e+00 4.108e+00 4.132e+00 4.159e+00 4.191e+00 4.226e+00 4.264e+00 4.306e+00
 4.351e+00 4.399e+00 4.448e+00 4.500e+00 4.553e+00 4.606e+00 4.661e+00 4.717e+00
 4.773e+00 4.830e+00 4.889e+00 4.948e+00 5.009e+00 5.072e+00 5.136e+00 5.203e+00
 5.271e+00 5.341e+00 5.413e+00 5.486e+00 5.562e+00 5.638e+00 5.716e+00 5.794e+00
 5.872e+00 5.951e+00 6.029e+00 6.107e+00 6.184e+00 6.261e+00 6.336e+00 6.410e+00
 6.484e+00 6.556e+00 6.628e+00 6.700e+00 6.771e+00 6.842e+00 6.913e+00 6.985e+00
 7.058e+00 7.133e+00 7.209e+00 7.287e+00 7.366e+00 7.449e+00 7.534e+00 7.621e+00
 7.712e+00 7.804e+00 7.900e+00 7.997e+00 8.097e+00 8.199e+00 8.302e+00 8.406e+00
 8.511e+00 8.618e+00 8.725e+00 8.834e+00 8.943e+00 9.054e+00 9.166e+00 9.279e+00
 9.394e+00 9.510e+00 9.629e+00 9.748e+00 9.869e+00 9.991e+00 1.011e+01 1.023e+01
 1.035e+01 1.047e+01 1.058e+01 1.069e+01 1.080e+01 1.090e+01 1.099e+01 1.108e+01
 1.116e+01 1.124e+01 1.131e+01 1.137e+01 1.143e+01 1.148e+01 1.153e+01 1.157e+01
 1.161e+01 1.164e+01 1.167e+01 1.170e+01 1.173e+01 1.175e+01 1.177e+01 1.179e+01
 1.180e+01 1.182e+01 1.183e+01 1.184e+01 1.185e+01 1.186e+01 1.187e+01 1.188e+01
 1.189e+01 1.190e+01 1.190e+01 1.191e+01 1.191e+01 1.192e+01 1.192e+01 1.193e+01
 1.193e+01 1.194e+01 1.194e+01 1.194e+01 1.195e+01 1.195e+01 1.195e+01 1.196e+01
 1.196e+01 1.197e+01 1.197e+01 1.197e+01 1.198e+01 1.198e+01 1.199e+01 1.200e+01
 1.200e+01 1.201e+01 1.202e+01 1.203e+01 1.204e+01 1.205e+01 1.207e+01 1.208e+01
 1.209e+01 1.211e+01 1.213e+01 1.215e+01 1.217e+01 1.220e+01 1.222e+01 1.225e+01
 1.228e+01 1.231e+01 1.234e+01 1.237e+01 1.241e+01 1.244e+01 1.248e+01 1.252e+01
 1.256e+01 1.260e+01 1.264e+01 1.269e+01 1.273e+01 1.277e+01 1.282e+01 1.286e+01
 1.290e+01 1.294e+01 1.298e+01 1.303e+01 1.307e+01 1.310e+01 1.314e+01 1.318e+01
 1.322e+01 1.325e+01 1.328e+01 1.332e+01 1.335e+01 1.338e+01 1.341e+01 1.344e+01
 1.346e+01 1.349e+01 1.351e+01 1.354e+01 1.356e+01 1.358e+01 1.360e+01 1.362e+01
 1.364e+01 1.366e+01 1.367e+01 1.369e+01 1.370e+01 1.372e+01 1.373e+01 1.374e+01
 1.375e+01 1.377e+01 1.378e+01 1.379e+01 1.380e+01 1.380e+01 1.381e+01 1.382e+01
 1.383e+01 1.384e+01 1.384e+01 1.385e+01 1.386e+01 1.386e+01 1.387e+01 1.387e+01
 1.388e+01 1.388e+01 1.389e+01 1.389e+01 1.389e+01 1.390e+01 1.390e+01 1.390e+01
 1.391e+01 1.391e+01 1.391e+01 1.392e+01 1.392e+01 1.392e+01 1.392e+01 1.392e+01
 1.393e+01 1.393e+01 1.393e+01 1.393e+01 1.393e+01 1.394e+01 1.394e+01 1.394e+01
 1.394e+01 1.394e+01 1.394e+01 1.394e+01 1.395e+01 1.395e+01 1.395e+01 1.395e+01
 1.395e+01 1.395e+01 1.395e+01 1.395e+01 1.395e+01 1.396e+01 1.396e+01 1.396e+01
 1.396e+01 1.396e+01 1.396e+01 1.396e+01 1.396e+01 1.396e+01 1.396e+01 1.396e+01
 1.396e+01 1.396e+01 1.396e+01 1.396e+01 1.396e+01 1.397e+01 1.397e+01 1.397e+01
 1.397e+01 1.397e+01 1.397e+01 1.397e+01 1.397e+01 1.397e+01 1.397e+01 1.397e+01
 1.397e+01 1.397e+01 1.397e+01 1.397e+01 1.397e+01 1.397e+01 1.397e+01 1.397e+01
 1.397e+01 1.397e+01 1.397e+01 1.397e+01 1.397e+01 1.397e+01 1.398e+01 1.398e+01
 1.398e+01 1.398e+01 1.398e+01 1.398e+01 1.398e+01 1.398e+01 1.398e+01 1.398e+01
 1.398e+01 1.398e+01 1.398e+01 1.398e+01 1.398e+01 1.398e+01 1.398e+01 1.398e+01
 1.398e+01 1.398e+01 1.398e+01 1.398e+01 1.398e+01 1.398e+01 1.398e+01 1.398e+01
 1.398e+01 1.398e+01 1.398e+01 1.398e+01 1.398e+01 1.398e+01 1.398e+01 1.398e+01
 1.398e+01 1.398e+01 1.398e+01 1.398e+01 1.398e+01 1.398e+01 1.398e+01 1.398e+01
 1.398e+01 1.398e+01 1.398e+01 1.398e+01 1.398e+01 1.398e+01 1.398e+01 1.398e+01
 1.398e+01 1.398e+01 1.398e+01 1.398e+01 1.398e+01 1.398e+01 1.398e+01 1.398e+01
 1.398e+01 1.398e+01 1.398e+01 1.398e+01 1.398e+01 1.398e+01 1.398e+01 1.398e+01
 1.398e+01 1.398e+01 1.398e+01 1.398e+01 1.398e+01 1.398e+01 1.398e+01 1.398e+01
 1.398e+01 1.398e+01 1.398e+01 1.398e+01 1.398e+01 1.398e+01 1.398e+01 1.398e+01
 1.398e+01 1.398e+01 1.398e+01 1.398e+01 1.398e+01 1.398e+01 1.398e+01 1.398e+01
 1.398e+01 1.398e+01 1.398e+01 1.398e+01 1.398e+01 1.398e+01 1.398e+01 1.398e+01
 1.398e+01 1.398e+01 1.398e+01 1.398e+01 1.398e+01 1.398e+01 1.398e+01 1.398e+01
 1.398e+01 1.398e+01 1.398e+01 1.398e+01 1.398e+01 1.398e+01 1.398e+01 1.398e+01
 1.398e+01 1.398e+01 1.398e+01 1.398e+01 1.398e+01 1.398e+01 1.398e+01 1.398e+01
 1.398e+01 1.398e+01 1.398e+01 1.398e+01 1.398e+01 1.399e+01 1.399e+01 1.399e+01
sqrt(<Z^2>) for tau[ms]= 1000.0
 1.792e-04 2.532e-04 3.559e-04 4.974e-04 6.905e-04 9.519e-04 1.303e-03 1.768e-03
 2.380e-03 3.179e-03 4.212e-03 5.539e-03 7.232e-03 9.378e-03 1.208e-02 1.546e-02
 1.967e-02 2.487e-02 3.128e-02 3.914e-02 4.872e-02 6.035e-02 7.442e-02 9.134e-02
 1.116e-01 1.357e-01 1.642e-01 1.976e-01 2.363e-01 2.805e-01 3.303e-01 3.853e-01
 4.446e-01 5.069e-01 5.703e-01 6.326e-01 6.917e-01 7.457e-01 7.934e-01 8.342e-01
 8.682e-01 8.960e-01 9.183e-01 9.360e-01 9.499e-01 9.608e-01 9.693e-01 9.759e-01
 9.812e-01 9.854e-01 9.887e-01 9.916e-01 9.941e-01 9.964e-01 9.988e-01 1.001e+00
 1.005e+00 1.008e+00 1.013e+00 1.020e+00 1.028e+00 1.039e+00 1.054e+00 1.072e+00
 1.095e+00 1.124e+00 1.159e+00 1.200e+00 1.248e+00 1.301e+00 1.359e+00 1.421e+00
 1.483e+00 1.546e+00 1.608e+00 1.666e+00 1.722e+00 1.774e+00 1.822e+00 1.868e+00
 1.912e+00 1.955e+00 1.998e+00 2.043e+00 2.089e+00 2.138e+00 2.190e+00 2.244e+00
 2.300e+00 2.358e+00 2.416e+00 2.474e+00 2.530e+00 2.585e+00 2.637e+00 2.687e+00
 2.734e+00 2.779e+00 2.823e+00 2.867e+00 2.912e+00 2.958e+00 3.006e+00 3.058e+00
 3.114e+00 3.174e+00 3.237e+00 3.303e+00 3.370e+00 3.437e+00 3.503e+00 3.565e+00
 3.623e+00 3.675e+00 3.722e+00 3.764e+00 3.800e+00 3.830e+00 3.857e+00 3.879e+00
 3.898e+00 3.914e+00 3.927e+00 3.938e+00 3.947e+00 3.955e+00 3.962e+00 3.967e+00
 3.972e+00 3.976e+00 3.979e+00 3.982e+00 3.984e+00 3.986e+00 3.988e+00 3.990e+00
 3.991e+00 3.992e+00 3.993e+00 3.994e+00 3.995e+00 3.995e+00 3.996e+00 3.996e+00
 3.997e+00 3.997e+00 3.997e+00 3.998e+00 3.998e+00 3.998e+00 3.998e+00 3.998e+00
 3.999e+00 3.999e+00 3.999e+00 3.999e+00 3.999e+00 3.999e+00 4.000e+00 4.000e+00
 4.000e+00 4.001e+00 4.001e+00 4.002e+00 4.003e+00 4.004e+00 4.006e+00 4.009e+00
 4.012e+00 4.016e+00 4.021e+00 4.027e+00 4.035e+00 4.045e+00 4.057e+00 4.072e+00
 4.090e+00 4.111e+00 4.135e+00 4.163e+00 4.195e+00 4.231e+00 4.270e+00 4.312e+00
 4.357e+00 4.405e+00 4.455e+00 4.507e+00 4.560e+00 4.614e+00 4.669e+00 4.724e+00
 4.781e+00 4.838e+00 4.896e+00 4.956e+00 5.017e+00 5.080e+00 5.144e+00 5.210e+00
 5.279e+00 5.349e+00 5.421e+00 5.495e+00 5.570e+00 5.646e+00 5.724e+00 5.802e+00
 5.881e+00 5.959e+00 6.038e+00 6.116e+00 6.193e+00 6.269e+00 6.344e+00 6.419e+00
 6.492e+00 6.565e+00 6.636e+00 6.708e+00 6.779e+00 6.850e+00 6.921e+00 6.993e+00
 7.066e+00 7.141e+00 7.217e+00 7.295e+00 7.375e+00 7.457e+00 7.542e+00 7.630e+00
 7.721e+00 7.814e+00 7.910e+00 8.008e+00 8.108e+00 8.210e+00 8.313e+00 8.418e+00
 8.524e+00 8.631e+00 8.739e+00 8.848e+00 8.958e+00 9.070e+00 9.182e+00 9.297e+00
 9.413e+00 9.530e+00 9.650e+00 9.771e+00 9.894e+00 1.002e+01 1.014e+01 1.026e+01
 1.038e+01 1.050e+01 1.062e+01 1.073e+01 1.083e+01 1.093e+01 1.103e+01 1.111e+01
 1.120e+01 1.127e+01 1.134e+01 1.140e+01 1.146e+01 1.151e+01 1.155e+01 1.160e+01
 1.163e+01 1.167e+01 1.170e+01 1.172e+01 1.175e+01 1.177e+01 1.179e+01 1.180e+01
 1.182e+01 1.183e+01 1.185e+01 1.186e+01 1.187e+01 1.188e+01 1.189e+01 1.189e+01
 1.190e+01 1.191e+01 1.191e+01 1.192e+01 1.192e+01 1.193e+01 1.193e+01 1.194e+01
 1.194e+01 1.194e+01 1.195e+01 1.195e+01 1.195e+01 1.196e+01 1.196e+01 1.197e+01
 1.197e+01 1.197e+01 1.198e+01 1.198e+01 1.199e+01 1.199e+01 1.200e+01 1.200e+01
 1.201e+01 1.202e+01 1.203e+01 1.204e+01 1.205e+01 1.206e+01 1.207e+01 1.209e+01
 1.211e+01 1.212e+01 1.214e+01 1.216e+01 1.219e+01 1.221e+01 1.224e+01 1.227e+01
 1.229e+01 1.233e+01 1.236e+01 1.239e+01 1.243e+01 1.247e+01 1.251e+01 1.255e+01
 1.259e+01 1.263e+01 1.268e+01 1.272e+01 1.277e+01 1.281e+01 1.286e+01 1.290e+01
 1.294e+01 1.299e+01 1.303e+01 1.307e+01 1.311e+01 1.315e+01 1.319e+01 1.323e+01
 1.327e+01 1.330e+01 1.333e+01 1.337e+01 1.340e+01 1.343e+01 1.346e+01 1.349e+01
 1.351e+01 1.354e+01 1.356e+01 1.358e+01 1.361e+01 1.363e+01 1.365e+01 1.367e+01
 1.368e+01 1.370e+01 1.372e+01 1.373e+01 1.375e+01 1.376e+01 1.377e+01 1.378e+01
 1.379e+01 1.380e+01 1.381e+01 1.382e+01 1.383e+01 1.384e+01 1.385e+01 1.386e+01
 1.386e+01 1.387e+01 1.388e+01 1.388e+01 1.389e+01 1.389e+01 1.390e+01 1.390e+01
 1.391e+01 1.391e+01 1.391e+01 1.392e+01 1.392e+01 1.392e+01 1.393e+01 1.393e+01
 1.393e+01 1.394e+01 1.394e+01 1.394e+01 1.394e+01 1.394e+01 1.395e+01 1.395e+01
 1.395e+01 1.395e+01 1.395e+01 1.396e+01 1.396e+01 1.396e+01 1.396e+01 1.396e+01
 1.396e+01 1.396e+01 1.397e+01 1.397e+01 1.397e+01 1.397e+01 1.397e+01 1.397e+01
 1.397e+01 1.397e+01 1.397e+01 1.397e+01 1.397e+01 1.398e+01 1.398e+01 1.398e+01
 1.398e+01 1.398e+01 1.398e+01 1.398e+01 1.398e+01 1.398e+01 1.398e+01 1.398e+01
 1.398e+01 1.398e+01 1.398e+01 1.398e+01 1.398e+01 1.398e+01 1.398e+01 1.398e+01
 1.399e+01 1.399e+01 1.399e+01 1.399e+01 1.399e+01 1.399e+01 1.399e+01 1.399e+01
 1.399e+01 1.399e+01 1.399e+01 1.399e+01 1.399e+01 1.399e+01 1.399e+01 1.399e+01
 1.399e+01 1.399e+01 1.399e+01 1.399e+01 1.399e+01 1.399e+01 1.399e+01 1.399e+01
 1.399e+01 1.399e+01 1.399e+01 1.399e+01 1.399e+01 1.399e+01 1.399e+01 1.399e+01
 1.399e+01 1.399e+01 1.399e+01 1.400e+01 1.400e+01 1.400e+01 1.400e+01 1.400e+01
 1.400e+01 1.400e+01 1.400e+01 1.400e+01 1.400e+01 1.400e+01 1.400e+01 1.400e+01
 1.400e+01 1.400e+01 1.400e+01 1.400e+01 1.400e+01 1.400e+01 1.400e+01 1.400e+01
 1.400e+01 1.400e+01 1.400e+01 1.400e+01 1.400e+01 1.400e+01 1.400e+01 1.400e+01
 1.400e+01 1.400e+01 1.400e+01 1.400e+01 1.400e+01 1.400e+01 1.400e+01 1.400e+01
 1.400e+01 1.400e+01 1.400e+01 1.400e+01 1.400e+01 1.400e+01 1.400e+01 1.400e+01
 1.400e+01 1.400e+01 1.400e+01 1.400e+01 1.400e+01 1.400e+01 1.400e+01 1.400e+01
 1.400e+01 1.400e+01 1.400e+01 1.400e+01 1.400e+01 1.400e+01 1.400e+01 1.400e+01
 1.400e+01 1.400e+01 1.400e+01 1.400e+01 1.400e+01 1.400e+01 1.400e+01 1.400e+01
 1.400e+01 1.400e+01 1.400e+01 1.400e+01 1.400e+01 1.400e+01 1.400e+01 1.400e+01
 1.400e+01 1.400e+01 1.400e+01 1.400e+01 1.400e+01 1.400e+01 1.400e+01 1.400e+01
 1.400e+01 1.400e+01 1.400e+01 1.400e+01 1.400e+01 1.400e+01 1.400e+01 1.400e+01
 1.400e+01 1.400e+01 1.400e+01 1.400e+01 1.400e+01 1.400e+01 1.400e+01 1.400e+01
 1.400e+01 1.400e+01 1.400e+01 1.400e+01 1.400e+01 1.400e+01 1.400e+01 1.400e+01
 1.400e+01 1.400e+01 1.400e+01 1.400e+01 1.400e+01 1.400e+01 1.400e+01 1.400e+01
sqrt(<Z^2>) in equilibrium - infinite confinement
 1.792e-04 2.533e-04 3.560e-04 4.974e-04 6.905e-04 9.520e-04 1.303e-03 1.768e-03
 2.381e-03 3.179e-03 4.212e-03 5.540e-03 7.233e-03 9.379e-03 1.208e-02 1.546e-02
 1.967e-02 2.488e-02 3.129e-02 3.915e-02 4.873e-02 6.036e-02 7.443e-02 9.136e-02
 1.116e-01 1.358e-01 1.643e-01 1.977e-01 2.363e-01 2.806e-01 3.304e-01 3.854e-01
 4.448e-01 5.071e-01 5.705e-01 6.328e-01 6.919e-01 7.458e-01 7.935e-01 8.343e-01
 8.684e-01 8.961e-01 9.184e-01 9.361e-01 9.500e-01 9.608e-01 9.693e-01 9.760e-01
 9.812e-01 9.854e-01 9.888e-01 9.916e-01 9.941e-01 9.964e-01 9.988e-01 1.001e+00
 1.005e+00 1.008e+00 1.013e+00 1.020e+00 1.028e+00 1.039e+00 1.054e+00 1.072e+00
 1.096e+00 1.124e+00 1.159e+00 1.201e+00 1.248e+00 1.302e+00 1.360e+00 1.421e+00
 1.484e+00 1.547e+00 1.608e+00 1.667e+00 1.722e+00 1.774e+00 1.823e+00 1.868e+00
 1.912e+00 1.955e+00 1.999e+00 2.043e+00 2.090e+00 2.139e+00 2.191e+00 2.245e+00
 2.301e+00 2.359e+00 2.417e+00 2.475e+00 2.531e+00 2.586e+00 2.638e+00 2.687e+00
 2.735e+00 2.780e+00 2.824e+00 2.868e+00 2.913e+00 2.959e+00 3.007e+00 3.059e+00
 3.115e+00 3.175e+00 3.238e+00 3.304e+00 3.371e+00 3.438e+00 3.504e+00 3.566e+00
 3.623e+00 3.676e+00 3.723e+00 3.764e+00 3.800e+00 3.831e+00 3.857e+00 3.880e+00
 3.898e+00 3.914e+00 3.927e+00 3.938e+00 3.948e+00 3.956e+00 3.962e+00 3.968e+00
 3.972e+00 3.976e+00 3.979e+00 3.982e+00 3.985e+00 3.987e+00 3.988e+00 3.990e+00
 3.991e+00 3.992e+00 3.993e+00 3.994e+00 3.995e+00 3.995e+00 3.996e+00 3.996e+00
 3.997e+00 3.997e+00 3.997e+00 3.998e+00 3.998e+00 3.998e+00 3.998e+00 3.998e+00
 3.999e+00 3.999e+00 3.999e+00 3.999e+00 3.999e+00 3.999e+00 4.000e+00 4.000e+00
 4.000e+00 4.001e+00 4.001e+00 4.002e+00 4.003e+00 4.004e+00 4.006e+00 4.009e+00
 4.012e+00 4.016e+00 4.021e+00 4.027e+00 4.035e+00 4.045e+00 4.057e+00 4.072e+00
 4.090e+00 4.111e+00 4.136e+00 4.164e+00 4.196e+00 4.231e+00 4.270e+00 4.313e+00
 4.358e+00 4.406e+00 4.456e+00 4.508e+00 4.561e+00 4.615e+00 4.670e+00 4.725e+00
 4.782e+00 4.839e+00 4.897e+00 4.957e+00 5.018e+00 5.080e+00 5.145e+00 5.211e+00
 5.279e+00 5.350e+00 5.422e+00 5.496e+00 5.571e+00 5.647e+00 5.725e+00 5.803e+00
 5.882e+00 5.961e+00 6.039e+00 6.117e+00 6.194e+00 6.270e+00 6.345e+00 6.420e+00
 6.493e+00 6.566e+00 6.637e+00 6.709e+00 6.780e+00 6.851e+00 6.922e+00 6.994e+00
 7.067e+00 7.142e+00 7.218e+00 7.295e+00 7.376e+00 7.458e+00 7.543e+00 7.631e+00
 7.722e+00 7.815e+00 7.911e+00 8.009e+00 8.109e+00 8.211e+00 8.315e+00 8.420e+00
 8.526e+00 8.633e+00 8.741e+00 8.850e+00 8.960e+00 9.072e+00 9.184e+00 9.299e+00
 9.415e+00 9.533e+00 9.653e+00 9.774e+00 9.896e+00 1.002e+01 1.014e+01 1.027e+01
 1.039e+01 1.051e+01 1.062e+01 1.073e+01 1.084e+01 1.094e+01 1.103e+01 1.112e+01
 1.120e+01 1.127e+01 1.134e+01 1.140e+01 1.146e+01 1.151e+01 1.156e+01 1.160e+01
 1.164e+01 1.167e+01 1.170e+01 1.173e+01 1.175e+01 1.177e+01 1.179e+01 1.181e+01
 1.182e+01 1.184e+01 1.185e+01 1.186e+01 1.187e+01 1.188e+01 1.189e+01 1.190e+01
 1.190e+01 1.191e+01 1.191e+01 1.192e+01 1.192e+01 1.193e+01 1.193e+01 1.194e+01
 1.194e+01 1.195e+01 1.195e+01 1.195e+01 1.196e+01 1.196e+01 1.196e+01 1.197e+01
 1.197e+01 1.197e+01 1.198e+01 1.198e+01 1.199e+01 1.199e+01 1.200e+01 1.201e+01
 1.201e+01 1.202e+01 1.203e+01 1.204e+01 1.205e+01 1.206e+01 1.208e+01 1.209e+01
 1.211e+01 1.212e+01 1.214e+01 1.217e+01 1.219e+01 1.221e+01 1.224e+01 1.227e+01
 1.230e+01 1.233e+01 1.236e+01 1.240e+01 1.243e+01 1.247e+01 1.251e+01 1.255e+01
 1.260e+01 1.264e+01 1.268e+01 1.273e+01 1.277e+01 1.282e+01 1.286e+01 1.291e+01
 1.295e+01 1.299e+01 1.304e+01 1.308e+01 1.312e+01 1.316e+01 1.320e+01 1.324e+01
 1.327e+01 1.331e+01 1.334e+01 1.337e+01 1.340e+01 1.343e+01 1.346e+01 1.349e+01
 1.352e+01 1.354e+01 1.357e+01 1.359e+01 1.361e+01 1.363e+01 1.365e+01 1.367e+01
 1.369e+01 1.371e+01 1.372e+01 1.374e+01 1.375e+01 1.376e+01 1.378e+01 1.379e+01
 1.380e+01 1.381e+01 1.382e+01 1.383e+01 1.384e+01 1.384e+01 1.385e+01 1.386e+01
 1.387e+01 1.387e+01 1.388e+01 1.388e+01 1.389e+01 1.390e+01 1.390e+01 1.390e+01
 1.391e+01 1.391e+01 1.392e+01 1.392e+01 1.392e+01 1.393e+01 1.393e+01 1.393e+01
 1.394e+01 1.394e+01 1.394e+01 1.394e+01 1.395e+01 1.395e+01 1.395e+01 1.395e+01
 1.395e+01 1.396e+01 1.396e+01 1.396e+01 1.396e+01 1.396e+01 1.396e+01 1.396e+01
 1.397e+01 1.397e+01 1.397e+01 1.397e+01 1.397e+01 1.397e+01 1.397e+01 1.397e+01
 1.397e+01 1.397e+01 1.398e+01 1.398e+01 1.398e+01 1.398e+01 1.398e+01 1.398e+01
 1.398e+01 1.398e+01 1.398e+01 1.398e+01 1.398e+01 1.398e+01 1.398e+01 1.398e+01
 1.398e+01 1.398e+01 1.399e+01 1.399e+01 1.399e+01 1.399e+01 1.399e+01 1.399e+01
 1.399e+01 1.399e+01 1.399e+01 1.399e+01 1.399e+01 1.399e+01 1.399e+01 1.399e+01
 1.399e+01 1.399e+01 1.399e+01 1.399e+01 1.399e+01 1.399e+01 1.399e+01 1.399e+01
 1.399e+01 1.399e+01 1.399e+01 1.399e+01 1.399e+01 1.399e+01 1.399e+01 1.399e+01
 1.399e+01 1.399e+01 1.399e+01 1.399e+01 1.399e+01 1.399e+01 1.399e+01 1.400e+01
 1.400e+01 1.400e+01 1.400e+01 1.400e+01 1.400e+01 1.400e+01 1.400e+01 1.400e+01
 1.400e+01 1.400e+01 1.400e+01 1.400e+01 1.400e+01 1.400e+01 1.400e+01 1.400e+01
 1.400e+01 1.400e+01 1.400e+01 1.400e+01 1.400e+01 1.400e+01 1.400e+01 1.400e+01
 1.400e+01 1.400e+01 1.400e+01 1.400e+01 1.400e+01 1.400e+01 1.400e+01 1.400e+01
 1.400e+01 1.400e+01 1.400e+01 1.400e+01 1.400e+01 1.400e+01 1.400e+01 1.400e+01
 1.400e+01 1.400e+01 1.400e+01 1.400e+01 1.400e+01 1.400e+01 1.400e+01 1.400e+01
 1.400e+01 1.400e+01 1.400e+01 1.400e+01 1.400e+01 1.400e+01 1.400e+01 1.400e+01
 1.400e+01 1.400e+01 1.400e+01 1.400e+01 1.400e+01 1.400e+01 1.400e+01 1.400e+01
 1.400e+01 1.400e+01 1.400e+01 1.400e+01 1.400e+01 1.400e+01 1.400e+01 1.400e+01
 1.400e+01 1.400e+01 1.400e+01 1.400e+01 1.400e+01 1.400e+01 1.400e+01 1.400e+01
 1.400e+01 1.400e+01 1.400e+01 1.400e+01 1.400e+01 1.400e+01 1.400e+01 1.400e+01
 1.400e+01 1.400e+01 1.400e+01 1.400e+01 1.400e+01 1.400e+01 1.400e+01 1.400e+01
 1.400e+01 1.400e+01 1.400e+01 1.400e+01 1.400e+01 1.400e+01 1.400e+01 1.400e+01
 1.400e+01 1.400e+01 1.400e+01 1.400e+01 1.400e+01 1.400e+01 1.400e+01 1.400e+01
 1.400e+01 1.400e+01 1.400e+01 1.400e+01 1.400e+01 1.400e+01 1.400e+01 1.400e+01
C-------------------------------------------------------------------------------
C
C  The fractional abundance and radiated power were generated from the
C  ADAS installation at UKAEA with the named adf11 files. The adf11 data
C  files may be updated in a later release of ADAS and publicly
C  available versions may be found at https://open.adas.ac.uk/.
C
C  The equilibrium balance data was produced with run_adas405.py and
C  the balance with a confinement time with adas4xx_ionbal_tau.py
C  which are functions from the ADAS library. Details on these codes
C  may be found at: https://www.adas.ac.uk/python_lib/index.html
C
C  Copyright (C) 2023 UK Atomic Energy Authority
C
C  This file was generated for use in the UKAEA systems code PROCESS
C  using a script written by Martin O'Mullane.
C  If acquired without provenance a user is strongly advised
C  to check its validity by re-generating using the adf11 files from
C  the OPEN-ADAS site.
C
C  Produced by : Timothy Nunn
C  Date        : 29-07-26
C
C-------------------------------------------------------------------------------
