Mean quadratic charge as a function dwell time.
Temperature :      0.2 - 500000.0 eV
Density     : 1.00e+20 m-3
   600     5  # Te values, dwell time

Source data:
acd : /home/adas/adas/adf11/acd50/acd50_w.dat
scd : /home/adas/adas/adf11/scd50/scd50_w.dat
plt : /home/adas/adas/adf11/plt50/plt50_w.dat
prb : /home/adas/adas/adf11/prb50/prb50_w.dat

Te[eV]
 2.500e-01 2.561e-01 2.624e-01 2.688e-01 2.754e-01 2.822e-01 2.891e-01 2.962e-01
 3.035e-01 3.109e-01 3.185e-01 3.263e-01 3.343e-01 3.425e-01 3.509e-01 3.595e-01
 3.683e-01 3.774e-01 3.866e-01 3.961e-01 4.058e-01 4.158e-01 4.260e-01 4.364e-01
 4.471e-01 4.581e-01 4.693e-01 4.808e-01 4.926e-01 5.047e-01 5.170e-01 5.297e-01
 5.427e-01 5.560e-01 5.696e-01 5.836e-01 5.979e-01 6.126e-01 6.276e-01 6.430e-01
 6.587e-01 6.749e-01 6.914e-01 7.084e-01 7.257e-01 7.435e-01 7.618e-01 7.804e-01
 7.996e-01 8.192e-01 8.393e-01 8.598e-01 8.809e-01 9.025e-01 9.247e-01 9.473e-01
 9.706e-01 9.943e-01 1.019e+00 1.044e+00 1.069e+00 1.096e+00 1.122e+00 1.150e+00
 1.178e+00 1.207e+00 1.237e+00 1.267e+00 1.298e+00 1.330e+00 1.362e+00 1.396e+00
 1.430e+00 1.465e+00 1.501e+00 1.538e+00 1.575e+00 1.614e+00 1.654e+00 1.694e+00
 1.736e+00 1.778e+00 1.822e+00 1.867e+00 1.912e+00 1.959e+00 2.007e+00 2.056e+00
 2.107e+00 2.159e+00 2.211e+00 2.266e+00 2.321e+00 2.378e+00 2.436e+00 2.496e+00
 2.557e+00 2.620e+00 2.684e+00 2.750e+00 2.818e+00 2.887e+00 2.957e+00 3.030e+00
 3.104e+00 3.180e+00 3.258e+00 3.338e+00 3.420e+00 3.504e+00 3.590e+00 3.678e+00
 3.768e+00 3.860e+00 3.955e+00 4.052e+00 4.151e+00 4.253e+00 4.357e+00 4.464e+00
 4.574e+00 4.686e+00 4.801e+00 4.918e+00 5.039e+00 5.162e+00 5.289e+00 5.419e+00
 5.551e+00 5.688e+00 5.827e+00 5.970e+00 6.116e+00 6.266e+00 6.420e+00 6.577e+00
 6.738e+00 6.904e+00 7.073e+00 7.246e+00 7.424e+00 7.606e+00 7.792e+00 7.983e+00
 8.179e+00 8.380e+00 8.585e+00 8.796e+00 9.011e+00 9.232e+00 9.459e+00 9.691e+00
 9.928e+00 1.017e+01 1.042e+01 1.068e+01 1.094e+01 1.121e+01 1.148e+01 1.176e+01
 1.205e+01 1.235e+01 1.265e+01 1.296e+01 1.328e+01 1.360e+01 1.394e+01 1.428e+01
 1.463e+01 1.499e+01 1.535e+01 1.573e+01 1.612e+01 1.651e+01 1.692e+01 1.733e+01
 1.776e+01 1.819e+01 1.864e+01 1.909e+01 1.956e+01 2.004e+01 2.053e+01 2.104e+01
 2.155e+01 2.208e+01 2.262e+01 2.318e+01 2.374e+01 2.433e+01 2.492e+01 2.553e+01
 2.616e+01 2.680e+01 2.746e+01 2.813e+01 2.882e+01 2.953e+01 3.025e+01 3.099e+01
 3.175e+01 3.253e+01 3.333e+01 3.415e+01 3.498e+01 3.584e+01 3.672e+01 3.762e+01
 3.854e+01 3.949e+01 4.046e+01 4.145e+01 4.246e+01 4.351e+01 4.457e+01 4.566e+01
 4.678e+01 4.793e+01 4.911e+01 5.031e+01 5.154e+01 5.281e+01 5.410e+01 5.543e+01
 5.679e+01 5.818e+01 5.961e+01 6.107e+01 6.256e+01 6.410e+01 6.567e+01 6.728e+01
 6.893e+01 7.062e+01 7.235e+01 7.412e+01 7.594e+01 7.780e+01 7.971e+01 8.167e+01
 8.367e+01 8.572e+01 8.782e+01 8.997e+01 9.218e+01 9.444e+01 9.676e+01 9.913e+01
 1.016e+02 1.040e+02 1.066e+02 1.092e+02 1.119e+02 1.146e+02 1.174e+02 1.203e+02
 1.233e+02 1.263e+02 1.294e+02 1.326e+02 1.358e+02 1.391e+02 1.426e+02 1.461e+02
 1.496e+02 1.533e+02 1.571e+02 1.609e+02 1.649e+02 1.689e+02 1.730e+02 1.773e+02
 1.816e+02 1.861e+02 1.906e+02 1.953e+02 2.001e+02 2.050e+02 2.100e+02 2.152e+02
 2.205e+02 2.259e+02 2.314e+02 2.371e+02 2.429e+02 2.488e+02 2.549e+02 2.612e+02
 2.676e+02 2.742e+02 2.809e+02 2.878e+02 2.948e+02 3.021e+02 3.095e+02 3.170e+02
 3.248e+02 3.328e+02 3.409e+02 3.493e+02 3.579e+02 3.666e+02 3.756e+02 3.848e+02
 3.943e+02 4.039e+02 4.138e+02 4.240e+02 4.344e+02 4.450e+02 4.559e+02 4.671e+02
 4.786e+02 4.903e+02 5.023e+02 5.146e+02 5.273e+02 5.402e+02 5.534e+02 5.670e+02
 5.809e+02 5.951e+02 6.097e+02 6.247e+02 6.400e+02 6.557e+02 6.718e+02 6.882e+02
 7.051e+02 7.224e+02 7.401e+02 7.582e+02 7.768e+02 7.959e+02 8.154e+02 8.354e+02
 8.559e+02 8.769e+02 8.984e+02 9.204e+02 9.429e+02 9.661e+02 9.897e+02 1.014e+03
 1.039e+03 1.064e+03 1.090e+03 1.117e+03 1.145e+03 1.173e+03 1.201e+03 1.231e+03
 1.261e+03 1.292e+03 1.324e+03 1.356e+03 1.389e+03 1.423e+03 1.458e+03 1.494e+03
 1.531e+03 1.568e+03 1.607e+03 1.646e+03 1.686e+03 1.728e+03 1.770e+03 1.813e+03
 1.858e+03 1.903e+03 1.950e+03 1.998e+03 2.047e+03 2.097e+03 2.149e+03 2.201e+03
 2.255e+03 2.310e+03 2.367e+03 2.425e+03 2.485e+03 2.546e+03 2.608e+03 2.672e+03
 2.737e+03 2.804e+03 2.873e+03 2.944e+03 3.016e+03 3.090e+03 3.166e+03 3.243e+03
 3.323e+03 3.404e+03 3.488e+03 3.573e+03 3.661e+03 3.750e+03 3.842e+03 3.937e+03
 4.033e+03 4.132e+03 4.233e+03 4.337e+03 4.443e+03 4.552e+03 4.664e+03 4.778e+03
 4.895e+03 5.015e+03 5.138e+03 5.264e+03 5.393e+03 5.526e+03 5.661e+03 5.800e+03
 5.942e+03 6.088e+03 6.237e+03 6.390e+03 6.547e+03 6.707e+03 6.872e+03 7.040e+03
 7.213e+03 7.390e+03 7.571e+03 7.756e+03 7.947e+03 8.141e+03 8.341e+03 8.545e+03
 8.755e+03 8.970e+03 9.190e+03 9.415e+03 9.646e+03 9.882e+03 1.012e+04 1.037e+04
 1.063e+04 1.089e+04 1.115e+04 1.143e+04 1.171e+04 1.200e+04 1.229e+04 1.259e+04
 1.290e+04 1.322e+04 1.354e+04 1.387e+04 1.421e+04 1.456e+04 1.492e+04 1.528e+04
 1.566e+04 1.604e+04 1.643e+04 1.684e+04 1.725e+04 1.767e+04 1.811e+04 1.855e+04
 1.901e+04 1.947e+04 1.995e+04 2.044e+04 2.094e+04 2.145e+04 2.198e+04 2.252e+04
 2.307e+04 2.363e+04 2.421e+04 2.481e+04 2.542e+04 2.604e+04 2.668e+04 2.733e+04
 2.800e+04 2.869e+04 2.939e+04 3.011e+04 3.085e+04 3.161e+04 3.238e+04 3.318e+04
 3.399e+04 3.482e+04 3.568e+04 3.655e+04 3.745e+04 3.836e+04 3.931e+04 4.027e+04
 4.126e+04 4.227e+04 4.330e+04 4.437e+04 4.545e+04 4.657e+04 4.771e+04 4.888e+04
 5.008e+04 5.131e+04 5.256e+04 5.385e+04 5.517e+04 5.652e+04 5.791e+04 5.933e+04
 6.078e+04 6.228e+04 6.380e+04 6.537e+04 6.697e+04 6.861e+04 7.029e+04 7.202e+04
 7.378e+04 7.559e+04 7.744e+04 7.934e+04 8.129e+04 8.328e+04 8.532e+04 8.741e+04
 8.956e+04 9.175e+04 9.400e+04 9.631e+04 9.867e+04 1.011e+05 1.036e+05 1.061e+05
 1.087e+05 1.114e+05 1.141e+05 1.169e+05 1.198e+05 1.227e+05 1.257e+05 1.288e+05
 1.320e+05 1.352e+05 1.385e+05 1.419e+05 1.454e+05 1.489e+05 1.526e+05 1.563e+05
 1.602e+05 1.641e+05 1.681e+05 1.722e+05 1.765e+05 1.808e+05 1.852e+05 1.898e+05
 1.944e+05 1.992e+05 2.041e+05 2.091e+05 2.142e+05 2.194e+05 2.248e+05 2.303e+05
 2.360e+05 2.418e+05 2.477e+05 2.538e+05 2.600e+05 2.664e+05 2.729e+05 2.796e+05
 2.864e+05 2.935e+05 3.007e+05 3.080e+05 3.156e+05 3.233e+05 3.312e+05 3.394e+05
 3.477e+05 3.562e+05 3.649e+05 3.739e+05 3.831e+05 3.924e+05 4.021e+05 4.119e+05
 4.220e+05 4.324e+05 4.430e+05 4.538e+05 4.650e+05 4.764e+05 4.880e+05 5.000e+05
sqrt(<Z^2>) for tau[ms]=    0.1
 5.136e-03 5.604e-03 6.116e-03 6.674e-03 7.283e-03 7.947e-03 8.672e-03 9.463e-03
 1.033e-02 1.127e-02 1.230e-02 1.342e-02 1.464e-02 1.598e-02 1.744e-02 1.903e-02
 2.076e-02 2.265e-02 2.472e-02 2.697e-02 2.943e-02 3.212e-02 3.504e-02 3.824e-02
 4.172e-02 4.552e-02 4.966e-02 5.418e-02 5.911e-02 6.448e-02 7.033e-02 7.671e-02
 8.367e-02 9.124e-02 9.948e-02 1.085e-01 1.182e-01 1.288e-01 1.404e-01 1.529e-01
 1.665e-01 1.812e-01 1.971e-01 2.143e-01 2.328e-01 2.528e-01 2.742e-01 2.970e-01
 3.215e-01 3.474e-01 3.748e-01 4.036e-01 4.337e-01 4.651e-01 4.973e-01 5.304e-01
 5.638e-01 5.975e-01 6.309e-01 6.638e-01 6.957e-01 7.263e-01 7.554e-01 7.827e-01
 8.081e-01 8.315e-01 8.530e-01 8.727e-01 8.908e-01 9.074e-01 9.230e-01 9.379e-01
 9.524e-01 9.671e-01 9.824e-01 9.987e-01 1.017e+00 1.036e+00 1.059e+00 1.084e+00
 1.112e+00 1.143e+00 1.178e+00 1.215e+00 1.255e+00 1.297e+00 1.341e+00 1.386e+00
 1.431e+00 1.476e+00 1.520e+00 1.563e+00 1.605e+00 1.645e+00 1.684e+00 1.720e+00
 1.755e+00 1.789e+00 1.822e+00 1.855e+00 1.887e+00 1.920e+00 1.954e+00 1.988e+00
 2.025e+00 2.063e+00 2.103e+00 2.144e+00 2.188e+00 2.234e+00 2.282e+00 2.330e+00
 2.380e+00 2.431e+00 2.481e+00 2.532e+00 2.583e+00 2.635e+00 2.686e+00 2.738e+00
 2.791e+00 2.845e+00 2.900e+00 2.957e+00 3.014e+00 3.073e+00 3.133e+00 3.194e+00
 3.255e+00 3.316e+00 3.377e+00 3.436e+00 3.495e+00 3.553e+00 3.609e+00 3.664e+00
 3.717e+00 3.770e+00 3.821e+00 3.872e+00 3.922e+00 3.972e+00 4.022e+00 4.072e+00
 4.122e+00 4.172e+00 4.222e+00 4.273e+00 4.324e+00 4.376e+00 4.428e+00 4.481e+00
 4.534e+00 4.588e+00 4.642e+00 4.697e+00 4.751e+00 4.806e+00 4.861e+00 4.916e+00
 4.970e+00 5.024e+00 5.076e+00 5.128e+00 5.179e+00 5.228e+00 5.275e+00 5.321e+00
 5.365e+00 5.407e+00 5.448e+00 5.487e+00 5.524e+00 5.560e+00 5.595e+00 5.628e+00
 5.661e+00 5.693e+00 5.724e+00 5.755e+00 5.786e+00 5.817e+00 5.849e+00 5.881e+00
 5.914e+00 5.948e+00 5.984e+00 6.020e+00 6.059e+00 6.099e+00 6.141e+00 6.185e+00
 6.232e+00 6.280e+00 6.331e+00 6.385e+00 6.441e+00 6.499e+00 6.560e+00 6.624e+00
 6.691e+00 6.760e+00 6.832e+00 6.907e+00 6.985e+00 7.066e+00 7.149e+00 7.235e+00
 7.323e+00 7.414e+00 7.508e+00 7.604e+00 7.702e+00 7.802e+00 7.904e+00 8.008e+00
 8.113e+00 8.220e+00 8.328e+00 8.438e+00 8.548e+00 8.660e+00 8.772e+00 8.886e+00
 9.000e+00 9.115e+00 9.231e+00 9.348e+00 9.466e+00 9.585e+00 9.704e+00 9.825e+00
 9.946e+00 1.007e+01 1.019e+01 1.032e+01 1.044e+01 1.056e+01 1.069e+01 1.081e+01
 1.094e+01 1.107e+01 1.119e+01 1.132e+01 1.144e+01 1.157e+01 1.169e+01 1.181e+01
 1.194e+01 1.206e+01 1.219e+01 1.231e+01 1.243e+01 1.256e+01 1.268e+01 1.280e+01
 1.293e+01 1.305e+01 1.317e+01 1.330e+01 1.342e+01 1.355e+01 1.368e+01 1.381e+01
 1.393e+01 1.406e+01 1.420e+01 1.433e+01 1.446e+01 1.460e+01 1.473e+01 1.487e+01
 1.501e+01 1.514e+01 1.528e+01 1.542e+01 1.556e+01 1.570e+01 1.584e+01 1.598e+01
 1.611e+01 1.625e+01 1.639e+01 1.652e+01 1.665e+01 1.678e+01 1.691e+01 1.704e+01
 1.717e+01 1.730e+01 1.742e+01 1.755e+01 1.767e+01 1.779e+01 1.791e+01 1.803e+01
 1.815e+01 1.826e+01 1.838e+01 1.849e+01 1.861e+01 1.872e+01 1.883e+01 1.894e+01
 1.905e+01 1.916e+01 1.927e+01 1.937e+01 1.948e+01 1.958e+01 1.969e+01 1.979e+01
 1.990e+01 2.000e+01 2.010e+01 2.020e+01 2.030e+01 2.040e+01 2.050e+01 2.060e+01
 2.070e+01 2.079e+01 2.089e+01 2.098e+01 2.108e+01 2.117e+01 2.126e+01 2.135e+01
 2.144e+01 2.153e+01 2.162e+01 2.171e+01 2.180e+01 2.189e+01 2.197e+01 2.206e+01
 2.215e+01 2.223e+01 2.231e+01 2.240e+01 2.248e+01 2.257e+01 2.265e+01 2.273e+01
 2.281e+01 2.290e+01 2.298e+01 2.306e+01 2.314e+01 2.322e+01 2.331e+01 2.339e+01
 2.347e+01 2.355e+01 2.364e+01 2.372e+01 2.380e+01 2.388e+01 2.396e+01 2.404e+01
 2.412e+01 2.420e+01 2.428e+01 2.436e+01 2.444e+01 2.452e+01 2.459e+01 2.467e+01
 2.474e+01 2.481e+01 2.488e+01 2.495e+01 2.502e+01 2.509e+01 2.516e+01 2.522e+01
 2.528e+01 2.535e+01 2.540e+01 2.546e+01 2.552e+01 2.557e+01 2.563e+01 2.568e+01
 2.573e+01 2.578e+01 2.582e+01 2.587e+01 2.591e+01 2.595e+01 2.599e+01 2.603e+01
 2.607e+01 2.610e+01 2.614e+01 2.617e+01 2.620e+01 2.623e+01 2.626e+01 2.628e+01
 2.631e+01 2.633e+01 2.635e+01 2.637e+01 2.639e+01 2.640e+01 2.642e+01 2.643e+01
 2.645e+01 2.646e+01 2.647e+01 2.648e+01 2.649e+01 2.649e+01 2.650e+01 2.650e+01
 2.651e+01 2.651e+01 2.651e+01 2.651e+01 2.650e+01 2.650e+01 2.650e+01 2.649e+01
 2.649e+01 2.648e+01 2.647e+01 2.646e+01 2.645e+01 2.644e+01 2.642e+01 2.641e+01
 2.639e+01 2.638e+01 2.636e+01 2.634e+01 2.632e+01 2.630e+01 2.628e+01 2.626e+01
 2.624e+01 2.621e+01 2.619e+01 2.617e+01 2.614e+01 2.611e+01 2.608e+01 2.606e+01
 2.603e+01 2.600e+01 2.596e+01 2.593e+01 2.590e+01 2.587e+01 2.583e+01 2.580e+01
 2.576e+01 2.573e+01 2.569e+01 2.565e+01 2.562e+01 2.558e+01 2.554e+01 2.550e+01
 2.546e+01 2.542e+01 2.538e+01 2.534e+01 2.529e+01 2.525e+01 2.521e+01 2.517e+01
 2.512e+01 2.508e+01 2.503e+01 2.499e+01 2.494e+01 2.490e+01 2.485e+01 2.480e+01
 2.476e+01 2.471e+01 2.466e+01 2.461e+01 2.456e+01 2.452e+01 2.447e+01 2.442e+01
 2.437e+01 2.432e+01 2.427e+01 2.422e+01 2.417e+01 2.411e+01 2.406e+01 2.401e+01
 2.396e+01 2.391e+01 2.386e+01 2.380e+01 2.375e+01 2.370e+01 2.365e+01 2.360e+01
 2.354e+01 2.349e+01 2.344e+01 2.339e+01 2.334e+01 2.328e+01 2.323e+01 2.318e+01
 2.313e+01 2.307e+01 2.302e+01 2.297e+01 2.292e+01 2.287e+01 2.281e+01 2.276e+01
 2.271e+01 2.266e+01 2.261e+01 2.255e+01 2.250e+01 2.245e+01 2.240e+01 2.235e+01
 2.229e+01 2.224e+01 2.219e+01 2.214e+01 2.209e+01 2.203e+01 2.198e+01 2.193e+01
 2.188e+01 2.183e+01 2.178e+01 2.172e+01 2.167e+01 2.162e+01 2.157e+01 2.152e+01
 2.146e+01 2.141e+01 2.136e+01 2.131e+01 2.126e+01 2.121e+01 2.115e+01 2.110e+01
 2.105e+01 2.100e+01 2.095e+01 2.090e+01 2.084e+01 2.079e+01 2.074e+01 2.069e+01
 2.064e+01 2.059e+01 2.054e+01 2.048e+01 2.043e+01 2.038e+01 2.033e+01 2.028e+01
 2.023e+01 2.018e+01 2.012e+01 2.007e+01 2.002e+01 1.997e+01 1.992e+01 1.987e+01
 1.982e+01 1.977e+01 1.971e+01 1.966e+01 1.961e+01 1.956e+01 1.951e+01 1.946e+01
 1.941e+01 1.935e+01 1.930e+01 1.925e+01 1.920e+01 1.915e+01 1.910e+01 1.904e+01
 1.899e+01 1.894e+01 1.889e+01 1.884e+01 1.879e+01 1.874e+01 1.868e+01 1.863e+01
sqrt(<Z^2>) for tau[ms]=    1.0
 1.508e-02 1.645e-02 1.795e-02 1.959e-02 2.138e-02 2.332e-02 2.545e-02 2.777e-02
 3.029e-02 3.305e-02 3.606e-02 3.935e-02 4.293e-02 4.683e-02 5.109e-02 5.573e-02
 6.080e-02 6.632e-02 7.233e-02 7.889e-02 8.603e-02 9.380e-02 1.023e-01 1.115e-01
 1.215e-01 1.324e-01 1.442e-01 1.571e-01 1.710e-01 1.860e-01 2.023e-01 2.199e-01
 2.389e-01 2.592e-01 2.811e-01 3.044e-01 3.293e-01 3.556e-01 3.835e-01 4.127e-01
 4.432e-01 4.748e-01 5.073e-01 5.404e-01 5.739e-01 6.075e-01 6.407e-01 6.733e-01
 7.048e-01 7.351e-01 7.638e-01 7.906e-01 8.156e-01 8.385e-01 8.593e-01 8.781e-01
 8.950e-01 9.100e-01 9.235e-01 9.354e-01 9.462e-01 9.560e-01 9.651e-01 9.739e-01
 9.827e-01 9.920e-01 1.002e+00 1.014e+00 1.028e+00 1.045e+00 1.065e+00 1.090e+00
 1.120e+00 1.155e+00 1.196e+00 1.242e+00 1.292e+00 1.346e+00 1.401e+00 1.457e+00
 1.512e+00 1.565e+00 1.615e+00 1.661e+00 1.705e+00 1.744e+00 1.780e+00 1.813e+00
 1.843e+00 1.872e+00 1.899e+00 1.925e+00 1.951e+00 1.977e+00 2.005e+00 2.034e+00
 2.064e+00 2.097e+00 2.133e+00 2.171e+00 2.212e+00 2.255e+00 2.300e+00 2.347e+00
 2.394e+00 2.443e+00 2.491e+00 2.540e+00 2.587e+00 2.634e+00 2.681e+00 2.726e+00
 2.771e+00 2.816e+00 2.862e+00 2.907e+00 2.954e+00 3.003e+00 3.052e+00 3.104e+00
 3.157e+00 3.212e+00 3.268e+00 3.324e+00 3.381e+00 3.438e+00 3.495e+00 3.550e+00
 3.605e+00 3.658e+00 3.709e+00 3.759e+00 3.808e+00 3.856e+00 3.903e+00 3.950e+00
 3.996e+00 4.042e+00 4.088e+00 4.134e+00 4.181e+00 4.228e+00 4.275e+00 4.324e+00
 4.372e+00 4.421e+00 4.471e+00 4.522e+00 4.573e+00 4.625e+00 4.677e+00 4.730e+00
 4.783e+00 4.837e+00 4.891e+00 4.945e+00 4.999e+00 5.052e+00 5.105e+00 5.158e+00
 5.209e+00 5.258e+00 5.307e+00 5.353e+00 5.398e+00 5.441e+00 5.482e+00 5.521e+00
 5.558e+00 5.594e+00 5.628e+00 5.660e+00 5.691e+00 5.721e+00 5.751e+00 5.779e+00
 5.807e+00 5.835e+00 5.864e+00 5.892e+00 5.921e+00 5.952e+00 5.983e+00 6.015e+00
 6.050e+00 6.086e+00 6.124e+00 6.164e+00 6.206e+00 6.251e+00 6.299e+00 6.350e+00
 6.404e+00 6.460e+00 6.520e+00 6.584e+00 6.651e+00 6.721e+00 6.795e+00 6.873e+00
 6.954e+00 7.040e+00 7.129e+00 7.222e+00 7.320e+00 7.421e+00 7.525e+00 7.634e+00
 7.746e+00 7.861e+00 7.980e+00 8.102e+00 8.227e+00 8.354e+00 8.484e+00 8.616e+00
 8.750e+00 8.886e+00 9.024e+00 9.164e+00 9.306e+00 9.449e+00 9.595e+00 9.743e+00
 9.892e+00 1.004e+01 1.020e+01 1.035e+01 1.051e+01 1.067e+01 1.083e+01 1.099e+01
 1.115e+01 1.131e+01 1.147e+01 1.163e+01 1.178e+01 1.194e+01 1.209e+01 1.223e+01
 1.238e+01 1.252e+01 1.266e+01 1.280e+01 1.294e+01 1.307e+01 1.320e+01 1.333e+01
 1.346e+01 1.359e+01 1.372e+01 1.385e+01 1.398e+01 1.411e+01 1.424e+01 1.437e+01
 1.450e+01 1.463e+01 1.477e+01 1.490e+01 1.504e+01 1.518e+01 1.533e+01 1.547e+01
 1.562e+01 1.577e+01 1.593e+01 1.608e+01 1.624e+01 1.640e+01 1.656e+01 1.672e+01
 1.688e+01 1.704e+01 1.720e+01 1.736e+01 1.751e+01 1.767e+01 1.782e+01 1.797e+01
 1.812e+01 1.827e+01 1.841e+01 1.855e+01 1.869e+01 1.883e+01 1.897e+01 1.910e+01
 1.923e+01 1.936e+01 1.949e+01 1.962e+01 1.975e+01 1.987e+01 2.000e+01 2.012e+01
 2.025e+01 2.037e+01 2.050e+01 2.062e+01 2.074e+01 2.086e+01 2.099e+01 2.111e+01
 2.123e+01 2.135e+01 2.147e+01 2.160e+01 2.172e+01 2.184e+01 2.196e+01 2.209e+01
 2.221e+01 2.233e+01 2.246e+01 2.258e+01 2.270e+01 2.282e+01 2.295e+01 2.307e+01
 2.319e+01 2.331e+01 2.343e+01 2.355e+01 2.368e+01 2.380e+01 2.392e+01 2.404e+01
 2.416e+01 2.429e+01 2.441e+01 2.453e+01 2.465e+01 2.478e+01 2.491e+01 2.503e+01
 2.516e+01 2.529e+01 2.542e+01 2.556e+01 2.570e+01 2.584e+01 2.598e+01 2.613e+01
 2.628e+01 2.644e+01 2.660e+01 2.677e+01 2.694e+01 2.712e+01 2.731e+01 2.750e+01
 2.770e+01 2.790e+01 2.811e+01 2.833e+01 2.855e+01 2.877e+01 2.900e+01 2.923e+01
 2.946e+01 2.969e+01 2.992e+01 3.015e+01 3.038e+01 3.061e+01 3.084e+01 3.107e+01
 3.129e+01 3.152e+01 3.174e+01 3.196e+01 3.219e+01 3.242e+01 3.265e+01 3.289e+01
 3.313e+01 3.338e+01 3.364e+01 3.390e+01 3.417e+01 3.444e+01 3.472e+01 3.500e+01
 3.528e+01 3.556e+01 3.583e+01 3.610e+01 3.636e+01 3.662e+01 3.686e+01 3.710e+01
 3.733e+01 3.754e+01 3.775e+01 3.794e+01 3.813e+01 3.831e+01 3.848e+01 3.864e+01
 3.879e+01 3.894e+01 3.908e+01 3.921e+01 3.934e+01 3.947e+01 3.959e+01 3.970e+01
 3.982e+01 3.993e+01 4.004e+01 4.014e+01 4.024e+01 4.035e+01 4.044e+01 4.054e+01
 4.063e+01 4.073e+01 4.082e+01 4.091e+01 4.100e+01 4.108e+01 4.117e+01 4.125e+01
 4.133e+01 4.141e+01 4.149e+01 4.156e+01 4.164e+01 4.171e+01 4.178e+01 4.184e+01
 4.191e+01 4.197e+01 4.204e+01 4.209e+01 4.215e+01 4.221e+01 4.226e+01 4.231e+01
 4.236e+01 4.240e+01 4.245e+01 4.249e+01 4.253e+01 4.257e+01 4.260e+01 4.263e+01
 4.267e+01 4.269e+01 4.272e+01 4.275e+01 4.277e+01 4.279e+01 4.281e+01 4.282e+01
 4.284e+01 4.285e+01 4.286e+01 4.287e+01 4.288e+01 4.288e+01 4.289e+01 4.289e+01
 4.289e+01 4.289e+01 4.288e+01 4.288e+01 4.287e+01 4.287e+01 4.286e+01 4.285e+01
 4.283e+01 4.282e+01 4.280e+01 4.279e+01 4.277e+01 4.275e+01 4.273e+01 4.271e+01
 4.268e+01 4.266e+01 4.263e+01 4.261e+01 4.258e+01 4.255e+01 4.252e+01 4.248e+01
 4.245e+01 4.242e+01 4.238e+01 4.234e+01 4.231e+01 4.227e+01 4.223e+01 4.219e+01
 4.215e+01 4.211e+01 4.207e+01 4.203e+01 4.198e+01 4.194e+01 4.190e+01 4.185e+01
 4.181e+01 4.176e+01 4.172e+01 4.167e+01 4.163e+01 4.158e+01 4.153e+01 4.149e+01
 4.144e+01 4.139e+01 4.135e+01 4.130e+01 4.125e+01 4.120e+01 4.115e+01 4.111e+01
 4.106e+01 4.101e+01 4.096e+01 4.091e+01 4.086e+01 4.081e+01 4.076e+01 4.071e+01
 4.066e+01 4.061e+01 4.056e+01 4.051e+01 4.046e+01 4.040e+01 4.035e+01 4.030e+01
 4.025e+01 4.020e+01 4.015e+01 4.009e+01 4.004e+01 3.999e+01 3.994e+01 3.988e+01
 3.983e+01 3.978e+01 3.972e+01 3.967e+01 3.962e+01 3.956e+01 3.951e+01 3.945e+01
 3.940e+01 3.935e+01 3.929e+01 3.923e+01 3.918e+01 3.912e+01 3.907e+01 3.902e+01
 3.896e+01 3.891e+01 3.885e+01 3.879e+01 3.874e+01 3.868e+01 3.863e+01 3.857e+01
 3.851e+01 3.845e+01 3.840e+01 3.835e+01 3.828e+01 3.823e+01 3.818e+01 3.812e+01
 3.806e+01 3.800e+01 3.795e+01 3.788e+01 3.783e+01 3.777e+01 3.771e+01 3.766e+01
 3.759e+01 3.753e+01 3.748e+01 3.742e+01 3.736e+01 3.730e+01 3.723e+01 3.721e+01
 3.709e+01 3.705e+01 3.698e+01 3.695e+01 3.689e+01 3.683e+01 3.675e+01 3.669e+01
sqrt(<Z^2>) for tau[ms]=   10.0
 3.092e-02 3.373e-02 3.679e-02 4.012e-02 4.377e-02 4.773e-02 5.206e-02 5.678e-02
 6.192e-02 6.752e-02 7.363e-02 8.028e-02 8.752e-02 9.541e-02 1.040e-01 1.133e-01
 1.235e-01 1.345e-01 1.465e-01 1.595e-01 1.735e-01 1.888e-01 2.052e-01 2.230e-01
 2.421e-01 2.627e-01 2.847e-01 3.082e-01 3.332e-01 3.597e-01 3.877e-01 4.170e-01
 4.476e-01 4.792e-01 5.117e-01 5.448e-01 5.783e-01 6.117e-01 6.448e-01 6.771e-01
 7.085e-01 7.384e-01 7.668e-01 7.934e-01 8.179e-01 8.405e-01 8.609e-01 8.794e-01
 8.958e-01 9.104e-01 9.232e-01 9.345e-01 9.444e-01 9.531e-01 9.607e-01 9.674e-01
 9.736e-01 9.792e-01 9.846e-01 9.901e-01 9.958e-01 1.002e+00 1.010e+00 1.019e+00
 1.031e+00 1.045e+00 1.063e+00 1.086e+00 1.115e+00 1.149e+00 1.190e+00 1.237e+00
 1.288e+00 1.345e+00 1.403e+00 1.463e+00 1.521e+00 1.577e+00 1.629e+00 1.677e+00
 1.720e+00 1.759e+00 1.794e+00 1.825e+00 1.853e+00 1.879e+00 1.903e+00 1.926e+00
 1.948e+00 1.971e+00 1.994e+00 2.018e+00 2.043e+00 2.070e+00 2.099e+00 2.131e+00
 2.165e+00 2.202e+00 2.241e+00 2.282e+00 2.325e+00 2.369e+00 2.415e+00 2.460e+00
 2.506e+00 2.552e+00 2.596e+00 2.640e+00 2.684e+00 2.726e+00 2.768e+00 2.809e+00
 2.851e+00 2.893e+00 2.935e+00 2.979e+00 3.024e+00 3.071e+00 3.120e+00 3.171e+00
 3.224e+00 3.278e+00 3.332e+00 3.388e+00 3.443e+00 3.498e+00 3.553e+00 3.606e+00
 3.658e+00 3.708e+00 3.758e+00 3.806e+00 3.853e+00 3.899e+00 3.945e+00 3.990e+00
 4.035e+00 4.080e+00 4.125e+00 4.170e+00 4.216e+00 4.263e+00 4.310e+00 4.358e+00
 4.406e+00 4.455e+00 4.505e+00 4.555e+00 4.606e+00 4.658e+00 4.710e+00 4.763e+00
 4.816e+00 4.869e+00 4.923e+00 4.977e+00 5.030e+00 5.083e+00 5.136e+00 5.187e+00
 5.238e+00 5.287e+00 5.334e+00 5.380e+00 5.424e+00 5.466e+00 5.506e+00 5.544e+00
 5.580e+00 5.615e+00 5.648e+00 5.679e+00 5.710e+00 5.739e+00 5.768e+00 5.796e+00
 5.824e+00 5.851e+00 5.879e+00 5.908e+00 5.937e+00 5.967e+00 5.998e+00 6.031e+00
 6.065e+00 6.101e+00 6.140e+00 6.181e+00 6.224e+00 6.270e+00 6.318e+00 6.370e+00
 6.425e+00 6.483e+00 6.544e+00 6.609e+00 6.677e+00 6.749e+00 6.825e+00 6.905e+00
 6.989e+00 7.077e+00 7.169e+00 7.265e+00 7.365e+00 7.469e+00 7.577e+00 7.689e+00
 7.804e+00 7.924e+00 8.046e+00 8.172e+00 8.301e+00 8.433e+00 8.567e+00 8.704e+00
 8.843e+00 8.984e+00 9.128e+00 9.273e+00 9.421e+00 9.571e+00 9.723e+00 9.878e+00
 1.004e+01 1.019e+01 1.036e+01 1.052e+01 1.069e+01 1.085e+01 1.102e+01 1.119e+01
 1.136e+01 1.153e+01 1.169e+01 1.185e+01 1.201e+01 1.217e+01 1.232e+01 1.247e+01
 1.262e+01 1.276e+01 1.290e+01 1.304e+01 1.317e+01 1.330e+01 1.344e+01 1.357e+01
 1.369e+01 1.382e+01 1.395e+01 1.408e+01 1.420e+01 1.433e+01 1.446e+01 1.459e+01
 1.472e+01 1.486e+01 1.499e+01 1.513e+01 1.527e+01 1.541e+01 1.556e+01 1.571e+01
 1.586e+01 1.601e+01 1.617e+01 1.633e+01 1.649e+01 1.665e+01 1.681e+01 1.698e+01
 1.714e+01 1.730e+01 1.746e+01 1.762e+01 1.778e+01 1.794e+01 1.809e+01 1.824e+01
 1.839e+01 1.854e+01 1.868e+01 1.882e+01 1.896e+01 1.910e+01 1.924e+01 1.937e+01
 1.950e+01 1.963e+01 1.976e+01 1.989e+01 2.002e+01 2.014e+01 2.027e+01 2.039e+01
 2.052e+01 2.064e+01 2.076e+01 2.089e+01 2.101e+01 2.114e+01 2.126e+01 2.138e+01
 2.151e+01 2.163e+01 2.176e+01 2.188e+01 2.200e+01 2.213e+01 2.225e+01 2.238e+01
 2.251e+01 2.263e+01 2.276e+01 2.288e+01 2.301e+01 2.313e+01 2.326e+01 2.339e+01
 2.351e+01 2.364e+01 2.376e+01 2.389e+01 2.401e+01 2.414e+01 2.427e+01 2.439e+01
 2.452e+01 2.465e+01 2.478e+01 2.490e+01 2.503e+01 2.517e+01 2.530e+01 2.543e+01
 2.557e+01 2.571e+01 2.585e+01 2.600e+01 2.614e+01 2.630e+01 2.645e+01 2.662e+01
 2.679e+01 2.696e+01 2.714e+01 2.733e+01 2.753e+01 2.773e+01 2.794e+01 2.816e+01
 2.839e+01 2.863e+01 2.888e+01 2.913e+01 2.939e+01 2.965e+01 2.992e+01 3.019e+01
 3.047e+01 3.075e+01 3.102e+01 3.130e+01 3.157e+01 3.185e+01 3.212e+01 3.239e+01
 3.267e+01 3.295e+01 3.323e+01 3.352e+01 3.382e+01 3.415e+01 3.449e+01 3.486e+01
 3.526e+01 3.570e+01 3.618e+01 3.670e+01 3.726e+01 3.784e+01 3.843e+01 3.903e+01
 3.961e+01 4.017e+01 4.069e+01 4.116e+01 4.160e+01 4.198e+01 4.233e+01 4.264e+01
 4.292e+01 4.316e+01 4.339e+01 4.360e+01 4.379e+01 4.397e+01 4.413e+01 4.429e+01
 4.445e+01 4.460e+01 4.475e+01 4.489e+01 4.504e+01 4.519e+01 4.534e+01 4.549e+01
 4.564e+01 4.581e+01 4.597e+01 4.614e+01 4.632e+01 4.650e+01 4.669e+01 4.689e+01
 4.709e+01 4.730e+01 4.752e+01 4.774e+01 4.796e+01 4.819e+01 4.842e+01 4.866e+01
 4.890e+01 4.914e+01 4.938e+01 4.962e+01 4.986e+01 5.010e+01 5.034e+01 5.058e+01
 5.082e+01 5.105e+01 5.128e+01 5.151e+01 5.174e+01 5.196e+01 5.218e+01 5.240e+01
 5.262e+01 5.283e+01 5.304e+01 5.324e+01 5.344e+01 5.364e+01 5.383e+01 5.402e+01
 5.421e+01 5.439e+01 5.456e+01 5.473e+01 5.490e+01 5.506e+01 5.521e+01 5.536e+01
 5.551e+01 5.565e+01 5.578e+01 5.592e+01 5.605e+01 5.617e+01 5.629e+01 5.641e+01
 5.652e+01 5.663e+01 5.673e+01 5.684e+01 5.693e+01 5.703e+01 5.712e+01 5.721e+01
 5.730e+01 5.738e+01 5.746e+01 5.754e+01 5.762e+01 5.769e+01 5.776e+01 5.782e+01
 5.789e+01 5.795e+01 5.800e+01 5.806e+01 5.811e+01 5.816e+01 5.820e+01 5.825e+01
 5.829e+01 5.833e+01 5.837e+01 5.841e+01 5.845e+01 5.849e+01 5.852e+01 5.856e+01
 5.859e+01 5.862e+01 5.866e+01 5.868e+01 5.871e+01 5.874e+01 5.876e+01 5.878e+01
 5.880e+01 5.882e+01 5.884e+01 5.886e+01 5.888e+01 5.890e+01 5.892e+01 5.893e+01
 5.894e+01 5.896e+01 5.897e+01 5.898e+01 5.899e+01 5.900e+01 5.901e+01 5.902e+01
 5.903e+01 5.904e+01 5.904e+01 5.905e+01 5.905e+01 5.906e+01 5.906e+01 5.906e+01
 5.907e+01 5.907e+01 5.907e+01 5.907e+01 5.907e+01 5.907e+01 5.907e+01 5.907e+01
 5.907e+01 5.907e+01 5.907e+01 5.906e+01 5.906e+01 5.906e+01 5.905e+01 5.905e+01
 5.904e+01 5.904e+01 5.903e+01 5.903e+01 5.902e+01 5.902e+01 5.901e+01 5.900e+01
 5.899e+01 5.898e+01 5.898e+01 5.897e+01 5.896e+01 5.895e+01 5.894e+01 5.893e+01
 5.893e+01 5.891e+01 5.891e+01 5.890e+01 5.888e+01 5.887e+01 5.886e+01 5.884e+01
 5.883e+01 5.883e+01 5.881e+01 5.880e+01 5.879e+01 5.878e+01 5.876e+01 5.876e+01
 5.874e+01 5.873e+01 5.871e+01 5.871e+01 5.869e+01 5.868e+01 5.865e+01 5.863e+01
 5.864e+01 5.863e+01 5.862e+01 5.863e+01 5.858e+01 5.854e+01 5.851e+01 5.854e+01
 5.854e+01 5.849e+01 5.857e+01 5.846e+01 5.841e+01 5.847e+01 5.842e+01 5.839e+01
sqrt(<Z^2>) for tau[ms]=  100.0
 3.750e-02 4.090e-02 4.460e-02 4.864e-02 5.304e-02 5.784e-02 6.307e-02 6.876e-02
 7.497e-02 8.172e-02 8.908e-02 9.709e-02 1.058e-01 1.153e-01 1.256e-01 1.368e-01
 1.489e-01 1.621e-01 1.763e-01 1.918e-01 2.085e-01 2.264e-01 2.458e-01 2.666e-01
 2.888e-01 3.125e-01 3.378e-01 3.645e-01 3.927e-01 4.221e-01 4.529e-01 4.846e-01
 5.172e-01 5.503e-01 5.837e-01 6.170e-01 6.500e-01 6.821e-01 7.132e-01 7.429e-01
 7.709e-01 7.972e-01 8.214e-01 8.436e-01 8.637e-01 8.818e-01 8.979e-01 9.122e-01
 9.247e-01 9.357e-01 9.453e-01 9.537e-01 9.610e-01 9.675e-01 9.732e-01 9.783e-01
 9.831e-01 9.878e-01 9.925e-01 9.975e-01 1.003e+00 1.010e+00 1.018e+00 1.029e+00
 1.042e+00 1.059e+00 1.081e+00 1.108e+00 1.140e+00 1.180e+00 1.225e+00 1.276e+00
 1.331e+00 1.390e+00 1.449e+00 1.508e+00 1.565e+00 1.618e+00 1.667e+00 1.712e+00
 1.751e+00 1.787e+00 1.819e+00 1.847e+00 1.873e+00 1.897e+00 1.919e+00 1.941e+00
 1.963e+00 1.984e+00 2.007e+00 2.031e+00 2.056e+00 2.084e+00 2.113e+00 2.145e+00
 2.180e+00 2.217e+00 2.256e+00 2.297e+00 2.340e+00 2.385e+00 2.430e+00 2.475e+00
 2.520e+00 2.565e+00 2.609e+00 2.652e+00 2.695e+00 2.737e+00 2.778e+00 2.819e+00
 2.860e+00 2.901e+00 2.943e+00 2.987e+00 3.032e+00 3.079e+00 3.128e+00 3.179e+00
 3.231e+00 3.285e+00 3.339e+00 3.395e+00 3.450e+00 3.505e+00 3.559e+00 3.612e+00
 3.663e+00 3.714e+00 3.763e+00 3.811e+00 3.857e+00 3.903e+00 3.949e+00 3.994e+00
 4.039e+00 4.084e+00 4.129e+00 4.174e+00 4.220e+00 4.267e+00 4.314e+00 4.361e+00
 4.410e+00 4.459e+00 4.508e+00 4.559e+00 4.610e+00 4.661e+00 4.713e+00 4.766e+00
 4.819e+00 4.873e+00 4.926e+00 4.980e+00 5.034e+00 5.087e+00 5.139e+00 5.190e+00
 5.241e+00 5.290e+00 5.337e+00 5.383e+00 5.426e+00 5.468e+00 5.508e+00 5.546e+00
 5.582e+00 5.617e+00 5.650e+00 5.681e+00 5.712e+00 5.741e+00 5.770e+00 5.798e+00
 5.825e+00 5.853e+00 5.881e+00 5.909e+00 5.938e+00 5.968e+00 6.000e+00 6.032e+00
 6.067e+00 6.103e+00 6.142e+00 6.182e+00 6.226e+00 6.271e+00 6.320e+00 6.372e+00
 6.427e+00 6.485e+00 6.546e+00 6.611e+00 6.680e+00 6.752e+00 6.828e+00 6.908e+00
 6.992e+00 7.080e+00 7.173e+00 7.269e+00 7.369e+00 7.474e+00 7.582e+00 7.694e+00
 7.811e+00 7.930e+00 8.053e+00 8.180e+00 8.309e+00 8.441e+00 8.576e+00 8.713e+00
 8.853e+00 8.995e+00 9.139e+00 9.285e+00 9.433e+00 9.584e+00 9.737e+00 9.892e+00
 1.005e+01 1.021e+01 1.037e+01 1.054e+01 1.071e+01 1.088e+01 1.104e+01 1.121e+01
 1.138e+01 1.155e+01 1.171e+01 1.188e+01 1.204e+01 1.219e+01 1.235e+01 1.250e+01
 1.264e+01 1.278e+01 1.292e+01 1.306e+01 1.320e+01 1.333e+01 1.346e+01 1.359e+01
 1.372e+01 1.385e+01 1.397e+01 1.410e+01 1.423e+01 1.435e+01 1.448e+01 1.461e+01
 1.475e+01 1.488e+01 1.501e+01 1.515e+01 1.529e+01 1.544e+01 1.558e+01 1.573e+01
 1.588e+01 1.604e+01 1.620e+01 1.635e+01 1.652e+01 1.668e+01 1.684e+01 1.700e+01
 1.717e+01 1.733e+01 1.749e+01 1.765e+01 1.781e+01 1.797e+01 1.812e+01 1.827e+01
 1.842e+01 1.857e+01 1.871e+01 1.885e+01 1.899e+01 1.913e+01 1.926e+01 1.940e+01
 1.953e+01 1.966e+01 1.979e+01 1.992e+01 2.004e+01 2.017e+01 2.030e+01 2.042e+01
 2.054e+01 2.067e+01 2.079e+01 2.092e+01 2.104e+01 2.116e+01 2.129e+01 2.141e+01
 2.154e+01 2.166e+01 2.178e+01 2.191e+01 2.203e+01 2.216e+01 2.228e+01 2.241e+01
 2.254e+01 2.266e+01 2.279e+01 2.291e+01 2.304e+01 2.317e+01 2.329e+01 2.342e+01
 2.354e+01 2.367e+01 2.380e+01 2.392e+01 2.405e+01 2.418e+01 2.430e+01 2.443e+01
 2.456e+01 2.468e+01 2.481e+01 2.494e+01 2.507e+01 2.521e+01 2.534e+01 2.547e+01
 2.561e+01 2.575e+01 2.589e+01 2.604e+01 2.619e+01 2.634e+01 2.650e+01 2.667e+01
 2.684e+01 2.701e+01 2.720e+01 2.739e+01 2.759e+01 2.780e+01 2.801e+01 2.824e+01
 2.847e+01 2.871e+01 2.896e+01 2.922e+01 2.948e+01 2.975e+01 3.002e+01 3.030e+01
 3.058e+01 3.086e+01 3.115e+01 3.143e+01 3.171e+01 3.199e+01 3.227e+01 3.255e+01
 3.283e+01 3.311e+01 3.340e+01 3.370e+01 3.402e+01 3.436e+01 3.472e+01 3.512e+01
 3.556e+01 3.605e+01 3.659e+01 3.718e+01 3.781e+01 3.848e+01 3.916e+01 3.984e+01
 4.049e+01 4.111e+01 4.167e+01 4.217e+01 4.262e+01 4.301e+01 4.335e+01 4.364e+01
 4.390e+01 4.414e+01 4.434e+01 4.453e+01 4.471e+01 4.487e+01 4.502e+01 4.517e+01
 4.532e+01 4.546e+01 4.560e+01 4.574e+01 4.589e+01 4.604e+01 4.619e+01 4.635e+01
 4.651e+01 4.668e+01 4.686e+01 4.705e+01 4.725e+01 4.745e+01 4.767e+01 4.789e+01
 4.813e+01 4.837e+01 4.862e+01 4.888e+01 4.915e+01 4.943e+01 4.971e+01 5.000e+01
 5.029e+01 5.059e+01 5.089e+01 5.119e+01 5.149e+01 5.179e+01 5.210e+01 5.240e+01
 5.271e+01 5.301e+01 5.332e+01 5.362e+01 5.392e+01 5.423e+01 5.453e+01 5.483e+01
 5.513e+01 5.543e+01 5.572e+01 5.601e+01 5.630e+01 5.658e+01 5.686e+01 5.714e+01
 5.741e+01 5.767e+01 5.793e+01 5.818e+01 5.843e+01 5.867e+01 5.890e+01 5.913e+01
 5.935e+01 5.957e+01 5.978e+01 5.998e+01 6.018e+01 6.038e+01 6.058e+01 6.076e+01
 6.095e+01 6.113e+01 6.131e+01 6.149e+01 6.166e+01 6.184e+01 6.201e+01 6.217e+01
 6.234e+01 6.250e+01 6.267e+01 6.283e+01 6.298e+01 6.314e+01 6.329e+01 6.344e+01
 6.359e+01 6.373e+01 6.388e+01 6.401e+01 6.415e+01 6.428e+01 6.441e+01 6.454e+01
 6.467e+01 6.480e+01 6.493e+01 6.506e+01 6.519e+01 6.532e+01 6.545e+01 6.559e+01
 6.572e+01 6.585e+01 6.598e+01 6.611e+01 6.623e+01 6.635e+01 6.647e+01 6.658e+01
 6.669e+01 6.680e+01 6.690e+01 6.700e+01 6.710e+01 6.720e+01 6.729e+01 6.739e+01
 6.747e+01 6.756e+01 6.764e+01 6.772e+01 6.780e+01 6.787e+01 6.795e+01 6.802e+01
 6.809e+01 6.816e+01 6.822e+01 6.828e+01 6.834e+01 6.840e+01 6.846e+01 6.852e+01
 6.857e+01 6.862e+01 6.867e+01 6.872e+01 6.877e+01 6.882e+01 6.886e+01 6.891e+01
 6.895e+01 6.899e+01 6.903e+01 6.907e+01 6.911e+01 6.915e+01 6.919e+01 6.923e+01
 6.926e+01 6.930e+01 6.934e+01 6.937e+01 6.941e+01 6.944e+01 6.948e+01 6.951e+01
 6.955e+01 6.959e+01 6.962e+01 6.966e+01 6.970e+01 6.973e+01 6.977e+01 6.981e+01
 6.984e+01 6.989e+01 6.992e+01 6.996e+01 7.000e+01 7.004e+01 7.007e+01 7.012e+01
 7.017e+01 7.020e+01 7.024e+01 7.028e+01 7.032e+01 7.036e+01 7.040e+01 7.044e+01
 7.048e+01 7.052e+01 7.054e+01 7.059e+01 7.062e+01 7.066e+01 7.068e+01 7.072e+01
 7.075e+01 7.078e+01 7.082e+01 7.085e+01 7.085e+01 7.062e+01 7.092e+01 7.096e+01
 7.097e+01 7.104e+01 7.105e+01 7.105e+01 7.107e+01 7.108e+01 7.110e+01 7.110e+01
sqrt(<Z^2>) for tau[ms]= 1000.0
 3.842e-02 4.190e-02 4.569e-02 4.983e-02 5.433e-02 5.924e-02 6.459e-02 7.042e-02
 7.678e-02 8.369e-02 9.122e-02 9.942e-02 1.083e-01 1.180e-01 1.286e-01 1.400e-01
 1.524e-01 1.659e-01 1.804e-01 1.962e-01 2.132e-01 2.316e-01 2.513e-01 2.725e-01
 2.951e-01 3.192e-01 3.449e-01 3.720e-01 4.005e-01 4.303e-01 4.613e-01 4.933e-01
 5.261e-01 5.593e-01 5.927e-01 6.259e-01 6.587e-01 6.906e-01 7.213e-01 7.506e-01
 7.782e-01 8.038e-01 8.275e-01 8.492e-01 8.687e-01 8.862e-01 9.018e-01 9.156e-01
 9.278e-01 9.384e-01 9.476e-01 9.557e-01 9.628e-01 9.690e-01 9.745e-01 9.795e-01
 9.841e-01 9.887e-01 9.933e-01 9.983e-01 1.004e+00 1.011e+00 1.019e+00 1.030e+00
 1.044e+00 1.061e+00 1.083e+00 1.110e+00 1.144e+00 1.183e+00 1.229e+00 1.280e+00
 1.336e+00 1.395e+00 1.454e+00 1.513e+00 1.570e+00 1.623e+00 1.671e+00 1.715e+00
 1.755e+00 1.790e+00 1.821e+00 1.849e+00 1.875e+00 1.899e+00 1.921e+00 1.943e+00
 1.964e+00 1.986e+00 2.008e+00 2.032e+00 2.058e+00 2.085e+00 2.115e+00 2.147e+00
 2.181e+00 2.218e+00 2.258e+00 2.299e+00 2.342e+00 2.386e+00 2.431e+00 2.476e+00
 2.522e+00 2.566e+00 2.610e+00 2.654e+00 2.696e+00 2.738e+00 2.779e+00 2.820e+00
 2.861e+00 2.902e+00 2.944e+00 2.988e+00 3.033e+00 3.080e+00 3.129e+00 3.179e+00
 3.232e+00 3.286e+00 3.340e+00 3.395e+00 3.451e+00 3.505e+00 3.559e+00 3.612e+00
 3.664e+00 3.714e+00 3.763e+00 3.811e+00 3.858e+00 3.904e+00 3.949e+00 3.994e+00
 4.039e+00 4.084e+00 4.129e+00 4.175e+00 4.220e+00 4.267e+00 4.314e+00 4.362e+00
 4.410e+00 4.459e+00 4.509e+00 4.559e+00 4.610e+00 4.661e+00 4.714e+00 4.766e+00
 4.819e+00 4.873e+00 4.927e+00 4.980e+00 5.034e+00 5.087e+00 5.139e+00 5.191e+00
 5.241e+00 5.290e+00 5.337e+00 5.383e+00 5.427e+00 5.468e+00 5.508e+00 5.546e+00
 5.583e+00 5.617e+00 5.650e+00 5.682e+00 5.712e+00 5.741e+00 5.770e+00 5.798e+00
 5.825e+00 5.853e+00 5.881e+00 5.909e+00 5.938e+00 5.968e+00 6.000e+00 6.032e+00
 6.067e+00 6.103e+00 6.142e+00 6.182e+00 6.226e+00 6.272e+00 6.320e+00 6.372e+00
 6.427e+00 6.485e+00 6.547e+00 6.612e+00 6.680e+00 6.752e+00 6.829e+00 6.909e+00
 6.993e+00 7.081e+00 7.173e+00 7.269e+00 7.370e+00 7.474e+00 7.583e+00 7.695e+00
 7.811e+00 7.931e+00 8.054e+00 8.180e+00 8.310e+00 8.442e+00 8.577e+00 8.714e+00
 8.854e+00 8.996e+00 9.140e+00 9.286e+00 9.434e+00 9.585e+00 9.738e+00 9.894e+00
 1.005e+01 1.021e+01 1.038e+01 1.054e+01 1.071e+01 1.088e+01 1.105e+01 1.122e+01
 1.138e+01 1.155e+01 1.172e+01 1.188e+01 1.204e+01 1.220e+01 1.235e+01 1.250e+01
 1.264e+01 1.279e+01 1.293e+01 1.306e+01 1.320e+01 1.333e+01 1.346e+01 1.359e+01
 1.372e+01 1.385e+01 1.397e+01 1.410e+01 1.423e+01 1.436e+01 1.449e+01 1.462e+01
 1.475e+01 1.488e+01 1.502e+01 1.516e+01 1.530e+01 1.544e+01 1.559e+01 1.573e+01
 1.589e+01 1.604e+01 1.620e+01 1.636e+01 1.652e+01 1.668e+01 1.684e+01 1.701e+01
 1.717e+01 1.733e+01 1.749e+01 1.765e+01 1.781e+01 1.797e+01 1.812e+01 1.827e+01
 1.842e+01 1.857e+01 1.871e+01 1.886e+01 1.900e+01 1.913e+01 1.927e+01 1.940e+01
 1.953e+01 1.966e+01 1.979e+01 1.992e+01 2.005e+01 2.017e+01 2.030e+01 2.042e+01
 2.055e+01 2.067e+01 2.080e+01 2.092e+01 2.104e+01 2.117e+01 2.129e+01 2.141e+01
 2.154e+01 2.166e+01 2.179e+01 2.191e+01 2.204e+01 2.216e+01 2.229e+01 2.241e+01
 2.254e+01 2.267e+01 2.279e+01 2.292e+01 2.304e+01 2.317e+01 2.330e+01 2.342e+01
 2.355e+01 2.367e+01 2.380e+01 2.393e+01 2.405e+01 2.418e+01 2.431e+01 2.443e+01
 2.456e+01 2.469e+01 2.482e+01 2.495e+01 2.508e+01 2.521e+01 2.534e+01 2.548e+01
 2.562e+01 2.576e+01 2.590e+01 2.605e+01 2.620e+01 2.635e+01 2.651e+01 2.667e+01
 2.684e+01 2.702e+01 2.720e+01 2.740e+01 2.759e+01 2.780e+01 2.802e+01 2.824e+01
 2.848e+01 2.872e+01 2.897e+01 2.923e+01 2.949e+01 2.976e+01 3.003e+01 3.031e+01
 3.059e+01 3.088e+01 3.116e+01 3.144e+01 3.172e+01 3.200e+01 3.228e+01 3.256e+01
 3.284e+01 3.313e+01 3.342e+01 3.372e+01 3.404e+01 3.438e+01 3.475e+01 3.515e+01
 3.560e+01 3.609e+01 3.664e+01 3.723e+01 3.787e+01 3.855e+01 3.924e+01 3.993e+01
 4.059e+01 4.121e+01 4.178e+01 4.228e+01 4.273e+01 4.312e+01 4.346e+01 4.375e+01
 4.401e+01 4.424e+01 4.445e+01 4.463e+01 4.480e+01 4.496e+01 4.512e+01 4.526e+01
 4.541e+01 4.555e+01 4.569e+01 4.583e+01 4.598e+01 4.613e+01 4.628e+01 4.644e+01
 4.660e+01 4.678e+01 4.696e+01 4.715e+01 4.734e+01 4.755e+01 4.777e+01 4.800e+01
 4.824e+01 4.848e+01 4.874e+01 4.901e+01 4.928e+01 4.956e+01 4.985e+01 5.015e+01
 5.044e+01 5.075e+01 5.105e+01 5.136e+01 5.167e+01 5.199e+01 5.230e+01 5.261e+01
 5.293e+01 5.324e+01 5.355e+01 5.387e+01 5.418e+01 5.449e+01 5.481e+01 5.512e+01
 5.543e+01 5.574e+01 5.605e+01 5.635e+01 5.665e+01 5.695e+01 5.724e+01 5.753e+01
 5.781e+01 5.809e+01 5.836e+01 5.863e+01 5.888e+01 5.914e+01 5.938e+01 5.962e+01
 5.985e+01 6.008e+01 6.031e+01 6.052e+01 6.074e+01 6.095e+01 6.115e+01 6.136e+01
 6.155e+01 6.175e+01 6.194e+01 6.214e+01 6.232e+01 6.251e+01 6.270e+01 6.288e+01
 6.306e+01 6.324e+01 6.342e+01 6.360e+01 6.378e+01 6.395e+01 6.412e+01 6.429e+01
 6.446e+01 6.463e+01 6.479e+01 6.495e+01 6.510e+01 6.526e+01 6.541e+01 6.556e+01
 6.571e+01 6.586e+01 6.601e+01 6.617e+01 6.632e+01 6.648e+01 6.664e+01 6.681e+01
 6.697e+01 6.713e+01 6.729e+01 6.744e+01 6.759e+01 6.773e+01 6.788e+01 6.802e+01
 6.815e+01 6.829e+01 6.841e+01 6.854e+01 6.866e+01 6.878e+01 6.889e+01 6.900e+01
 6.911e+01 6.921e+01 6.931e+01 6.941e+01 6.950e+01 6.960e+01 6.969e+01 6.977e+01
 6.985e+01 6.993e+01 7.001e+01 7.009e+01 7.016e+01 7.023e+01 7.030e+01 7.036e+01
 7.043e+01 7.049e+01 7.055e+01 7.061e+01 7.067e+01 7.072e+01 7.078e+01 7.083e+01
 7.088e+01 7.093e+01 7.098e+01 7.103e+01 7.108e+01 7.112e+01 7.117e+01 7.121e+01
 7.126e+01 7.131e+01 7.135e+01 7.140e+01 7.144e+01 7.149e+01 7.153e+01 7.158e+01
 7.163e+01 7.168e+01 7.172e+01 7.177e+01 7.182e+01 7.188e+01 7.193e+01 7.198e+01
 7.203e+01 7.209e+01 7.215e+01 7.220e+01 7.225e+01 7.232e+01 7.237e+01 7.243e+01
 7.249e+01 7.254e+01 7.260e+01 7.266e+01 7.271e+01 7.276e+01 7.282e+01 7.286e+01
 7.292e+01 7.296e+01 7.301e+01 7.304e+01 7.309e+01 7.315e+01 7.316e+01 7.320e+01
 7.322e+01 7.326e+01 7.331e+01 7.334e+01 7.339e+01 7.335e+01 7.342e+01 7.349e+01
 7.347e+01 7.348e+01 7.359e+01 7.347e+01 7.349e+01 7.355e+01 7.353e+01 7.358e+01
sqrt(<Z^2>) in equilibrium - infinite confinement
 3.853e-02 4.201e-02 4.582e-02 4.996e-02 5.448e-02 5.941e-02 6.477e-02 7.062e-02
 7.699e-02 8.392e-02 9.147e-02 9.969e-02 1.086e-01 1.183e-01 1.289e-01 1.404e-01
 1.528e-01 1.663e-01 1.809e-01 1.967e-01 2.138e-01 2.322e-01 2.519e-01 2.731e-01
 2.958e-01 3.200e-01 3.457e-01 3.729e-01 4.014e-01 4.313e-01 4.623e-01 4.943e-01
 5.271e-01 5.603e-01 5.937e-01 6.270e-01 6.597e-01 6.915e-01 7.222e-01 7.514e-01
 7.790e-01 8.046e-01 8.282e-01 8.498e-01 8.693e-01 8.867e-01 9.023e-01 9.160e-01
 9.281e-01 9.387e-01 9.479e-01 9.559e-01 9.630e-01 9.691e-01 9.746e-01 9.796e-01
 9.842e-01 9.888e-01 9.934e-01 9.984e-01 1.004e+00 1.011e+00 1.019e+00 1.030e+00
 1.044e+00 1.061e+00 1.083e+00 1.111e+00 1.144e+00 1.184e+00 1.230e+00 1.281e+00
 1.337e+00 1.395e+00 1.455e+00 1.514e+00 1.570e+00 1.623e+00 1.672e+00 1.716e+00
 1.755e+00 1.790e+00 1.821e+00 1.850e+00 1.875e+00 1.899e+00 1.921e+00 1.943e+00
 1.964e+00 1.986e+00 2.009e+00 2.032e+00 2.058e+00 2.085e+00 2.115e+00 2.147e+00
 2.182e+00 2.219e+00 2.258e+00 2.299e+00 2.342e+00 2.386e+00 2.431e+00 2.477e+00
 2.522e+00 2.566e+00 2.611e+00 2.654e+00 2.696e+00 2.738e+00 2.779e+00 2.820e+00
 2.861e+00 2.902e+00 2.944e+00 2.988e+00 3.033e+00 3.080e+00 3.129e+00 3.180e+00
 3.232e+00 3.286e+00 3.340e+00 3.395e+00 3.451e+00 3.505e+00 3.559e+00 3.612e+00
 3.664e+00 3.714e+00 3.763e+00 3.811e+00 3.858e+00 3.904e+00 3.949e+00 3.994e+00
 4.039e+00 4.084e+00 4.129e+00 4.175e+00 4.221e+00 4.267e+00 4.314e+00 4.362e+00
 4.410e+00 4.459e+00 4.509e+00 4.559e+00 4.610e+00 4.662e+00 4.714e+00 4.766e+00
 4.820e+00 4.873e+00 4.927e+00 4.980e+00 5.034e+00 5.087e+00 5.139e+00 5.191e+00
 5.241e+00 5.290e+00 5.337e+00 5.383e+00 5.427e+00 5.468e+00 5.508e+00 5.546e+00
 5.583e+00 5.617e+00 5.650e+00 5.682e+00 5.712e+00 5.741e+00 5.770e+00 5.798e+00
 5.825e+00 5.853e+00 5.881e+00 5.909e+00 5.938e+00 5.968e+00 6.000e+00 6.032e+00
 6.067e+00 6.103e+00 6.142e+00 6.182e+00 6.226e+00 6.272e+00 6.320e+00 6.372e+00
 6.427e+00 6.485e+00 6.547e+00 6.612e+00 6.680e+00 6.753e+00 6.829e+00 6.909e+00
 6.993e+00 7.081e+00 7.173e+00 7.269e+00 7.370e+00 7.474e+00 7.583e+00 7.695e+00
 7.811e+00 7.931e+00 8.054e+00 8.180e+00 8.310e+00 8.442e+00 8.577e+00 8.714e+00
 8.854e+00 8.996e+00 9.140e+00 9.286e+00 9.434e+00 9.585e+00 9.738e+00 9.894e+00
 1.005e+01 1.021e+01 1.038e+01 1.054e+01 1.071e+01 1.088e+01 1.105e+01 1.122e+01
 1.138e+01 1.155e+01 1.172e+01 1.188e+01 1.204e+01 1.220e+01 1.235e+01 1.250e+01
 1.264e+01 1.279e+01 1.293e+01 1.306e+01 1.320e+01 1.333e+01 1.346e+01 1.359e+01
 1.372e+01 1.385e+01 1.397e+01 1.410e+01 1.423e+01 1.436e+01 1.449e+01 1.462e+01
 1.475e+01 1.488e+01 1.502e+01 1.516e+01 1.530e+01 1.544e+01 1.559e+01 1.574e+01
 1.589e+01 1.604e+01 1.620e+01 1.636e+01 1.652e+01 1.668e+01 1.684e+01 1.701e+01
 1.717e+01 1.733e+01 1.749e+01 1.765e+01 1.781e+01 1.797e+01 1.812e+01 1.827e+01
 1.842e+01 1.857e+01 1.871e+01 1.886e+01 1.900e+01 1.913e+01 1.927e+01 1.940e+01
 1.953e+01 1.966e+01 1.979e+01 1.992e+01 2.005e+01 2.017e+01 2.030e+01 2.042e+01
 2.055e+01 2.067e+01 2.080e+01 2.092e+01 2.104e+01 2.117e+01 2.129e+01 2.141e+01
 2.154e+01 2.166e+01 2.179e+01 2.191e+01 2.204e+01 2.216e+01 2.229e+01 2.241e+01
 2.254e+01 2.267e+01 2.279e+01 2.292e+01 2.304e+01 2.317e+01 2.330e+01 2.342e+01
 2.355e+01 2.367e+01 2.380e+01 2.393e+01 2.405e+01 2.418e+01 2.431e+01 2.443e+01
 2.456e+01 2.469e+01 2.482e+01 2.495e+01 2.508e+01 2.521e+01 2.534e+01 2.548e+01
 2.562e+01 2.576e+01 2.590e+01 2.605e+01 2.620e+01 2.635e+01 2.651e+01 2.667e+01
 2.684e+01 2.702e+01 2.720e+01 2.740e+01 2.760e+01 2.780e+01 2.802e+01 2.824e+01
 2.848e+01 2.872e+01 2.897e+01 2.923e+01 2.949e+01 2.976e+01 3.004e+01 3.031e+01
 3.059e+01 3.088e+01 3.116e+01 3.144e+01 3.172e+01 3.200e+01 3.228e+01 3.256e+01
 3.284e+01 3.313e+01 3.342e+01 3.373e+01 3.404e+01 3.438e+01 3.475e+01 3.515e+01
 3.560e+01 3.609e+01 3.664e+01 3.724e+01 3.788e+01 3.856e+01 3.925e+01 3.994e+01
 4.060e+01 4.122e+01 4.179e+01 4.230e+01 4.274e+01 4.313e+01 4.347e+01 4.377e+01
 4.402e+01 4.425e+01 4.446e+01 4.464e+01 4.482e+01 4.498e+01 4.513e+01 4.528e+01
 4.542e+01 4.556e+01 4.570e+01 4.584e+01 4.599e+01 4.614e+01 4.629e+01 4.645e+01
 4.661e+01 4.679e+01 4.697e+01 4.716e+01 4.736e+01 4.756e+01 4.778e+01 4.801e+01
 4.825e+01 4.850e+01 4.875e+01 4.902e+01 4.930e+01 4.958e+01 4.987e+01 5.016e+01
 5.046e+01 5.077e+01 5.107e+01 5.138e+01 5.170e+01 5.201e+01 5.232e+01 5.264e+01
 5.295e+01 5.327e+01 5.358e+01 5.390e+01 5.421e+01 5.453e+01 5.484e+01 5.515e+01
 5.547e+01 5.578e+01 5.609e+01 5.639e+01 5.669e+01 5.699e+01 5.729e+01 5.758e+01
 5.786e+01 5.814e+01 5.841e+01 5.868e+01 5.894e+01 5.919e+01 5.944e+01 5.968e+01
 5.991e+01 6.014e+01 6.037e+01 6.059e+01 6.080e+01 6.102e+01 6.122e+01 6.143e+01
 6.163e+01 6.183e+01 6.202e+01 6.221e+01 6.240e+01 6.259e+01 6.277e+01 6.296e+01
 6.314e+01 6.332e+01 6.350e+01 6.368e+01 6.386e+01 6.403e+01 6.421e+01 6.438e+01
 6.455e+01 6.473e+01 6.490e+01 6.507e+01 6.524e+01 6.540e+01 6.557e+01 6.573e+01
 6.589e+01 6.605e+01 6.621e+01 6.636e+01 6.651e+01 6.666e+01 6.681e+01 6.695e+01
 6.709e+01 6.722e+01 6.736e+01 6.749e+01 6.761e+01 6.774e+01 6.786e+01 6.798e+01
 6.810e+01 6.821e+01 6.832e+01 6.843e+01 6.853e+01 6.863e+01 6.873e+01 6.883e+01
 6.893e+01 6.902e+01 6.911e+01 6.920e+01 6.928e+01 6.936e+01 6.945e+01 6.952e+01
 6.960e+01 6.968e+01 6.975e+01 6.982e+01 6.989e+01 6.995e+01 7.002e+01 7.008e+01
 7.015e+01 7.021e+01 7.027e+01 7.032e+01 7.038e+01 7.044e+01 7.049e+01 7.054e+01
 7.059e+01 7.064e+01 7.069e+01 7.074e+01 7.079e+01 7.083e+01 7.088e+01 7.092e+01
 7.097e+01 7.101e+01 7.105e+01 7.109e+01 7.114e+01 7.118e+01 7.122e+01 7.126e+01
 7.130e+01 7.134e+01 7.138e+01 7.142e+01 7.146e+01 7.150e+01 7.154e+01 7.158e+01
 7.162e+01 7.166e+01 7.170e+01 7.174e+01 7.178e+01 7.183e+01 7.187e+01 7.192e+01
 7.196e+01 7.201e+01 7.205e+01 7.210e+01 7.215e+01 7.220e+01 7.225e+01 7.230e+01
 7.235e+01 7.240e+01 7.245e+01 7.250e+01 7.255e+01 7.260e+01 7.266e+01 7.271e+01
 7.276e+01 7.281e+01 7.286e+01 7.291e+01 7.296e+01 7.300e+01 7.305e+01 7.310e+01
 7.314e+01 7.318e+01 7.323e+01 7.327e+01 7.330e+01 7.334e+01 7.338e+01 7.341e+01
C-------------------------------------------------------------------------------
C
C  The fractional abundance and radiated power were generated from the
C  ADAS installation at UKAEA with the named adf11 files. The adf11 data
C  files may be updated in a later release of ADAS and publicly
C  available versions may be found at https://open.adas.ac.uk/.
C
C  The equilibrium balance data was produced with run_adas405.py and
C  the balance with a confinement time with adas4xx_ionbal_tau.py
C  which are functions from the ADAS library. Details on these codes
C  may be found at: https://www.adas.ac.uk/python_lib/index.html
C
C  Copyright (C) 2023 UK Atomic Energy Authority
C
C  This file was generated for use in the UKAEA systems code PROCESS
C  using a script written by Martin O'Mullane.
C  If acquired without provenance a user is strongly advised
C  to check its validity by re-generating using the adf11 files from
C  the OPEN-ADAS site.
C
C  Produced by : Timothy Nunn
C  Date        : 29-07-26
C
C-------------------------------------------------------------------------------
