Mean charge as a function dwell time.
Temperature :      0.2 - 500000.0 eV
Density     : 1.00e+20 m-3
   600     5  # Te values, dwell time

Source data:
acd : /home/adas/adas/adf11/acd89/acd89_xe.dat
scd : /home/adas/adas/adf11/scd89/scd89_xe.dat
plt : /home/adas/adas/adf11/plt89/plt89_xe.dat
prb : /home/adas/adas/adf11/prb89/prb89_xe.dat

Te[eV]
 2.500e-01 2.561e-01 2.624e-01 2.688e-01 2.754e-01 2.822e-01 2.891e-01 2.962e-01
 3.035e-01 3.109e-01 3.185e-01 3.263e-01 3.343e-01 3.425e-01 3.509e-01 3.595e-01
 3.683e-01 3.774e-01 3.866e-01 3.961e-01 4.058e-01 4.158e-01 4.260e-01 4.364e-01
 4.471e-01 4.581e-01 4.693e-01 4.808e-01 4.926e-01 5.047e-01 5.170e-01 5.297e-01
 5.427e-01 5.560e-01 5.696e-01 5.836e-01 5.979e-01 6.126e-01 6.276e-01 6.430e-01
 6.587e-01 6.749e-01 6.914e-01 7.084e-01 7.257e-01 7.435e-01 7.618e-01 7.804e-01
 7.996e-01 8.192e-01 8.393e-01 8.598e-01 8.809e-01 9.025e-01 9.247e-01 9.473e-01
 9.706e-01 9.943e-01 1.019e+00 1.044e+00 1.069e+00 1.096e+00 1.122e+00 1.150e+00
 1.178e+00 1.207e+00 1.237e+00 1.267e+00 1.298e+00 1.330e+00 1.362e+00 1.396e+00
 1.430e+00 1.465e+00 1.501e+00 1.538e+00 1.575e+00 1.614e+00 1.654e+00 1.694e+00
 1.736e+00 1.778e+00 1.822e+00 1.867e+00 1.912e+00 1.959e+00 2.007e+00 2.056e+00
 2.107e+00 2.159e+00 2.211e+00 2.266e+00 2.321e+00 2.378e+00 2.436e+00 2.496e+00
 2.557e+00 2.620e+00 2.684e+00 2.750e+00 2.818e+00 2.887e+00 2.957e+00 3.030e+00
 3.104e+00 3.180e+00 3.258e+00 3.338e+00 3.420e+00 3.504e+00 3.590e+00 3.678e+00
 3.768e+00 3.860e+00 3.955e+00 4.052e+00 4.151e+00 4.253e+00 4.357e+00 4.464e+00
 4.574e+00 4.686e+00 4.801e+00 4.918e+00 5.039e+00 5.162e+00 5.289e+00 5.419e+00
 5.551e+00 5.688e+00 5.827e+00 5.970e+00 6.116e+00 6.266e+00 6.420e+00 6.577e+00
 6.738e+00 6.904e+00 7.073e+00 7.246e+00 7.424e+00 7.606e+00 7.792e+00 7.983e+00
 8.179e+00 8.380e+00 8.585e+00 8.796e+00 9.011e+00 9.232e+00 9.459e+00 9.691e+00
 9.928e+00 1.017e+01 1.042e+01 1.068e+01 1.094e+01 1.121e+01 1.148e+01 1.176e+01
 1.205e+01 1.235e+01 1.265e+01 1.296e+01 1.328e+01 1.360e+01 1.394e+01 1.428e+01
 1.463e+01 1.499e+01 1.535e+01 1.573e+01 1.612e+01 1.651e+01 1.692e+01 1.733e+01
 1.776e+01 1.819e+01 1.864e+01 1.909e+01 1.956e+01 2.004e+01 2.053e+01 2.104e+01
 2.155e+01 2.208e+01 2.262e+01 2.318e+01 2.374e+01 2.433e+01 2.492e+01 2.553e+01
 2.616e+01 2.680e+01 2.746e+01 2.813e+01 2.882e+01 2.953e+01 3.025e+01 3.099e+01
 3.175e+01 3.253e+01 3.333e+01 3.415e+01 3.498e+01 3.584e+01 3.672e+01 3.762e+01
 3.854e+01 3.949e+01 4.046e+01 4.145e+01 4.246e+01 4.351e+01 4.457e+01 4.566e+01
 4.678e+01 4.793e+01 4.911e+01 5.031e+01 5.154e+01 5.281e+01 5.410e+01 5.543e+01
 5.679e+01 5.818e+01 5.961e+01 6.107e+01 6.256e+01 6.410e+01 6.567e+01 6.728e+01
 6.893e+01 7.062e+01 7.235e+01 7.412e+01 7.594e+01 7.780e+01 7.971e+01 8.167e+01
 8.367e+01 8.572e+01 8.782e+01 8.997e+01 9.218e+01 9.444e+01 9.676e+01 9.913e+01
 1.016e+02 1.040e+02 1.066e+02 1.092e+02 1.119e+02 1.146e+02 1.174e+02 1.203e+02
 1.233e+02 1.263e+02 1.294e+02 1.326e+02 1.358e+02 1.391e+02 1.426e+02 1.461e+02
 1.496e+02 1.533e+02 1.571e+02 1.609e+02 1.649e+02 1.689e+02 1.730e+02 1.773e+02
 1.816e+02 1.861e+02 1.906e+02 1.953e+02 2.001e+02 2.050e+02 2.100e+02 2.152e+02
 2.205e+02 2.259e+02 2.314e+02 2.371e+02 2.429e+02 2.488e+02 2.549e+02 2.612e+02
 2.676e+02 2.742e+02 2.809e+02 2.878e+02 2.948e+02 3.021e+02 3.095e+02 3.170e+02
 3.248e+02 3.328e+02 3.409e+02 3.493e+02 3.579e+02 3.666e+02 3.756e+02 3.848e+02
 3.943e+02 4.039e+02 4.138e+02 4.240e+02 4.344e+02 4.450e+02 4.559e+02 4.671e+02
 4.786e+02 4.903e+02 5.023e+02 5.146e+02 5.273e+02 5.402e+02 5.534e+02 5.670e+02
 5.809e+02 5.951e+02 6.097e+02 6.247e+02 6.400e+02 6.557e+02 6.718e+02 6.882e+02
 7.051e+02 7.224e+02 7.401e+02 7.582e+02 7.768e+02 7.959e+02 8.154e+02 8.354e+02
 8.559e+02 8.769e+02 8.984e+02 9.204e+02 9.429e+02 9.661e+02 9.897e+02 1.014e+03
 1.039e+03 1.064e+03 1.090e+03 1.117e+03 1.145e+03 1.173e+03 1.201e+03 1.231e+03
 1.261e+03 1.292e+03 1.324e+03 1.356e+03 1.389e+03 1.423e+03 1.458e+03 1.494e+03
 1.531e+03 1.568e+03 1.607e+03 1.646e+03 1.686e+03 1.728e+03 1.770e+03 1.813e+03
 1.858e+03 1.903e+03 1.950e+03 1.998e+03 2.047e+03 2.097e+03 2.149e+03 2.201e+03
 2.255e+03 2.310e+03 2.367e+03 2.425e+03 2.485e+03 2.546e+03 2.608e+03 2.672e+03
 2.737e+03 2.804e+03 2.873e+03 2.944e+03 3.016e+03 3.090e+03 3.166e+03 3.243e+03
 3.323e+03 3.404e+03 3.488e+03 3.573e+03 3.661e+03 3.750e+03 3.842e+03 3.937e+03
 4.033e+03 4.132e+03 4.233e+03 4.337e+03 4.443e+03 4.552e+03 4.664e+03 4.778e+03
 4.895e+03 5.015e+03 5.138e+03 5.264e+03 5.393e+03 5.526e+03 5.661e+03 5.800e+03
 5.942e+03 6.088e+03 6.237e+03 6.390e+03 6.547e+03 6.707e+03 6.872e+03 7.040e+03
 7.213e+03 7.390e+03 7.571e+03 7.756e+03 7.947e+03 8.141e+03 8.341e+03 8.545e+03
 8.755e+03 8.970e+03 9.190e+03 9.415e+03 9.646e+03 9.882e+03 1.012e+04 1.037e+04
 1.063e+04 1.089e+04 1.115e+04 1.143e+04 1.171e+04 1.200e+04 1.229e+04 1.259e+04
 1.290e+04 1.322e+04 1.354e+04 1.387e+04 1.421e+04 1.456e+04 1.492e+04 1.528e+04
 1.566e+04 1.604e+04 1.643e+04 1.684e+04 1.725e+04 1.767e+04 1.811e+04 1.855e+04
 1.901e+04 1.947e+04 1.995e+04 2.044e+04 2.094e+04 2.145e+04 2.198e+04 2.252e+04
 2.307e+04 2.363e+04 2.421e+04 2.481e+04 2.542e+04 2.604e+04 2.668e+04 2.733e+04
 2.800e+04 2.869e+04 2.939e+04 3.011e+04 3.085e+04 3.161e+04 3.238e+04 3.318e+04
 3.399e+04 3.482e+04 3.568e+04 3.655e+04 3.745e+04 3.836e+04 3.931e+04 4.027e+04
 4.126e+04 4.227e+04 4.330e+04 4.437e+04 4.545e+04 4.657e+04 4.771e+04 4.888e+04
 5.008e+04 5.131e+04 5.256e+04 5.385e+04 5.517e+04 5.652e+04 5.791e+04 5.933e+04
 6.078e+04 6.228e+04 6.380e+04 6.537e+04 6.697e+04 6.861e+04 7.029e+04 7.202e+04
 7.378e+04 7.559e+04 7.744e+04 7.934e+04 8.129e+04 8.328e+04 8.532e+04 8.741e+04
 8.956e+04 9.175e+04 9.400e+04 9.631e+04 9.867e+04 1.011e+05 1.036e+05 1.061e+05
 1.087e+05 1.114e+05 1.141e+05 1.169e+05 1.198e+05 1.227e+05 1.257e+05 1.288e+05
 1.320e+05 1.352e+05 1.385e+05 1.419e+05 1.454e+05 1.489e+05 1.526e+05 1.563e+05
 1.602e+05 1.641e+05 1.681e+05 1.722e+05 1.765e+05 1.808e+05 1.852e+05 1.898e+05
 1.944e+05 1.992e+05 2.041e+05 2.091e+05 2.142e+05 2.194e+05 2.248e+05 2.303e+05
 2.360e+05 2.418e+05 2.477e+05 2.538e+05 2.600e+05 2.664e+05 2.729e+05 2.796e+05
 2.864e+05 2.935e+05 3.007e+05 3.080e+05 3.156e+05 3.233e+05 3.312e+05 3.394e+05
 3.477e+05 3.562e+05 3.649e+05 3.739e+05 3.831e+05 3.924e+05 4.021e+05 4.119e+05
 4.220e+05 4.324e+05 4.430e+05 4.538e+05 4.650e+05 4.764e+05 4.880e+05 5.000e+05
<Z> for tau[ms]=    0.1
 7.626e-10 1.010e-09 1.338e-09 1.773e-09 2.348e-09 3.110e-09 4.120e-09 5.457e-09
 7.228e-09 9.575e-09 1.268e-08 1.680e-08 2.225e-08 2.948e-08 3.905e-08 5.172e-08
 6.851e-08 9.075e-08 1.202e-07 1.592e-07 2.109e-07 2.794e-07 3.701e-07 4.902e-07
 6.494e-07 8.602e-07 1.139e-06 1.509e-06 1.999e-06 2.648e-06 3.508e-06 4.647e-06
 6.155e-06 8.153e-06 1.080e-05 1.430e-05 1.895e-05 2.510e-05 3.325e-05 4.404e-05
 5.833e-05 7.727e-05 1.023e-04 1.356e-04 1.796e-04 2.378e-04 3.150e-04 4.172e-04
 5.526e-04 7.319e-04 9.692e-04 1.283e-03 1.699e-03 2.250e-03 2.978e-03 3.941e-03
 5.213e-03 6.894e-03 9.111e-03 1.202e-02 1.583e-02 2.078e-02 2.715e-02 3.528e-02
 4.552e-02 5.827e-02 7.389e-02 9.270e-02 1.150e-01 1.409e-01 1.706e-01 2.040e-01
 2.410e-01 2.812e-01 3.241e-01 3.691e-01 4.154e-01 4.622e-01 5.088e-01 5.543e-01
 5.979e-01 6.393e-01 6.779e-01 7.136e-01 7.462e-01 7.758e-01 8.025e-01 8.266e-01
 8.483e-01 8.680e-01 8.859e-01 9.025e-01 9.179e-01 9.327e-01 9.472e-01 9.616e-01
 9.765e-01 9.921e-01 1.009e+00 1.027e+00 1.047e+00 1.069e+00 1.093e+00 1.120e+00
 1.149e+00 1.182e+00 1.216e+00 1.253e+00 1.293e+00 1.333e+00 1.375e+00 1.418e+00
 1.462e+00 1.505e+00 1.548e+00 1.590e+00 1.632e+00 1.673e+00 1.713e+00 1.753e+00
 1.792e+00 1.831e+00 1.870e+00 1.910e+00 1.950e+00 1.991e+00 2.033e+00 2.076e+00
 2.121e+00 2.166e+00 2.213e+00 2.260e+00 2.308e+00 2.358e+00 2.407e+00 2.457e+00
 2.508e+00 2.559e+00 2.610e+00 2.661e+00 2.713e+00 2.765e+00 2.818e+00 2.871e+00
 2.925e+00 2.979e+00 3.034e+00 3.090e+00 3.145e+00 3.202e+00 3.258e+00 3.315e+00
 3.372e+00 3.430e+00 3.487e+00 3.545e+00 3.603e+00 3.661e+00 3.720e+00 3.779e+00
 3.837e+00 3.896e+00 3.955e+00 4.014e+00 4.073e+00 4.132e+00 4.191e+00 4.250e+00
 4.308e+00 4.367e+00 4.426e+00 4.484e+00 4.543e+00 4.601e+00 4.660e+00 4.719e+00
 4.778e+00 4.837e+00 4.897e+00 4.957e+00 5.017e+00 5.078e+00 5.139e+00 5.200e+00
 5.262e+00 5.324e+00 5.386e+00 5.448e+00 5.510e+00 5.573e+00 5.635e+00 5.697e+00
 5.759e+00 5.820e+00 5.881e+00 5.941e+00 6.001e+00 6.061e+00 6.119e+00 6.178e+00
 6.236e+00 6.294e+00 6.351e+00 6.408e+00 6.466e+00 6.523e+00 6.581e+00 6.640e+00
 6.699e+00 6.759e+00 6.819e+00 6.881e+00 6.944e+00 7.009e+00 7.075e+00 7.142e+00
 7.211e+00 7.281e+00 7.353e+00 7.427e+00 7.502e+00 7.579e+00 7.657e+00 7.736e+00
 7.817e+00 7.899e+00 7.983e+00 8.067e+00 8.152e+00 8.238e+00 8.325e+00 8.413e+00
 8.502e+00 8.591e+00 8.681e+00 8.771e+00 8.863e+00 8.954e+00 9.046e+00 9.139e+00
 9.233e+00 9.327e+00 9.421e+00 9.516e+00 9.612e+00 9.708e+00 9.805e+00 9.903e+00
 1.000e+01 1.010e+01 1.020e+01 1.030e+01 1.040e+01 1.050e+01 1.060e+01 1.070e+01
 1.080e+01 1.091e+01 1.101e+01 1.111e+01 1.121e+01 1.132e+01 1.142e+01 1.152e+01
 1.162e+01 1.173e+01 1.183e+01 1.193e+01 1.203e+01 1.213e+01 1.223e+01 1.232e+01
 1.242e+01 1.251e+01 1.261e+01 1.270e+01 1.280e+01 1.289e+01 1.298e+01 1.307e+01
 1.315e+01 1.324e+01 1.333e+01 1.341e+01 1.350e+01 1.358e+01 1.367e+01 1.375e+01
 1.384e+01 1.392e+01 1.400e+01 1.408e+01 1.417e+01 1.425e+01 1.433e+01 1.442e+01
 1.450e+01 1.458e+01 1.466e+01 1.475e+01 1.483e+01 1.491e+01 1.499e+01 1.508e+01
 1.516e+01 1.524e+01 1.532e+01 1.540e+01 1.548e+01 1.555e+01 1.563e+01 1.571e+01
 1.578e+01 1.586e+01 1.593e+01 1.600e+01 1.607e+01 1.614e+01 1.621e+01 1.628e+01
 1.634e+01 1.641e+01 1.647e+01 1.654e+01 1.660e+01 1.666e+01 1.672e+01 1.678e+01
 1.684e+01 1.689e+01 1.695e+01 1.700e+01 1.706e+01 1.711e+01 1.716e+01 1.721e+01
 1.726e+01 1.731e+01 1.736e+01 1.741e+01 1.745e+01 1.750e+01 1.754e+01 1.759e+01
 1.763e+01 1.767e+01 1.771e+01 1.775e+01 1.779e+01 1.783e+01 1.787e+01 1.791e+01
 1.795e+01 1.798e+01 1.802e+01 1.805e+01 1.809e+01 1.812e+01 1.815e+01 1.818e+01
 1.822e+01 1.825e+01 1.828e+01 1.831e+01 1.834e+01 1.836e+01 1.839e+01 1.842e+01
 1.844e+01 1.847e+01 1.849e+01 1.852e+01 1.854e+01 1.856e+01 1.859e+01 1.861e+01
 1.863e+01 1.865e+01 1.867e+01 1.869e+01 1.870e+01 1.872e+01 1.874e+01 1.875e+01
 1.877e+01 1.878e+01 1.880e+01 1.881e+01 1.882e+01 1.883e+01 1.884e+01 1.885e+01
 1.886e+01 1.887e+01 1.888e+01 1.889e+01 1.890e+01 1.890e+01 1.891e+01 1.891e+01
 1.892e+01 1.892e+01 1.893e+01 1.893e+01 1.893e+01 1.893e+01 1.893e+01 1.893e+01
 1.893e+01 1.893e+01 1.893e+01 1.893e+01 1.893e+01 1.892e+01 1.892e+01 1.891e+01
 1.891e+01 1.890e+01 1.890e+01 1.889e+01 1.888e+01 1.888e+01 1.887e+01 1.886e+01
 1.885e+01 1.884e+01 1.883e+01 1.882e+01 1.881e+01 1.879e+01 1.878e+01 1.877e+01
 1.876e+01 1.874e+01 1.873e+01 1.871e+01 1.870e+01 1.868e+01 1.867e+01 1.865e+01
 1.863e+01 1.861e+01 1.860e+01 1.858e+01 1.856e+01 1.854e+01 1.852e+01 1.850e+01
 1.848e+01 1.846e+01 1.844e+01 1.842e+01 1.839e+01 1.837e+01 1.835e+01 1.833e+01
 1.830e+01 1.828e+01 1.825e+01 1.823e+01 1.821e+01 1.818e+01 1.815e+01 1.813e+01
 1.810e+01 1.808e+01 1.805e+01 1.802e+01 1.800e+01 1.797e+01 1.794e+01 1.791e+01
 1.788e+01 1.785e+01 1.783e+01 1.780e+01 1.777e+01 1.774e+01 1.771e+01 1.768e+01
 1.764e+01 1.761e+01 1.758e+01 1.755e+01 1.752e+01 1.749e+01 1.746e+01 1.742e+01
 1.739e+01 1.736e+01 1.733e+01 1.729e+01 1.726e+01 1.723e+01 1.719e+01 1.716e+01
 1.712e+01 1.709e+01 1.705e+01 1.702e+01 1.698e+01 1.695e+01 1.691e+01 1.688e+01
 1.684e+01 1.681e+01 1.677e+01 1.674e+01 1.670e+01 1.667e+01 1.663e+01 1.660e+01
 1.656e+01 1.652e+01 1.649e+01 1.645e+01 1.642e+01 1.638e+01 1.635e+01 1.631e+01
 1.628e+01 1.624e+01 1.621e+01 1.617e+01 1.613e+01 1.610e+01 1.606e+01 1.603e+01
 1.599e+01 1.596e+01 1.592e+01 1.589e+01 1.585e+01 1.582e+01 1.578e+01 1.574e+01
 1.571e+01 1.567e+01 1.564e+01 1.560e+01 1.557e+01 1.553e+01 1.549e+01 1.546e+01
 1.542e+01 1.539e+01 1.535e+01 1.532e+01 1.528e+01 1.525e+01 1.521e+01 1.517e+01
 1.514e+01 1.510e+01 1.507e+01 1.503e+01 1.500e+01 1.496e+01 1.492e+01 1.489e+01
 1.485e+01 1.482e+01 1.478e+01 1.475e+01 1.471e+01 1.467e+01 1.464e+01 1.460e+01
 1.457e+01 1.453e+01 1.449e+01 1.446e+01 1.442e+01 1.439e+01 1.435e+01 1.432e+01
 1.428e+01 1.426e+01 1.421e+01 1.417e+01 1.414e+01 1.410e+01 1.407e+01 1.402e+01
 1.399e+01 1.395e+01 1.392e+01 1.387e+01 1.385e+01 1.381e+01 1.377e+01 1.373e+01
 1.370e+01 1.367e+01 1.363e+01 1.360e+01 1.356e+01 1.352e+01 1.349e+01 1.345e+01
<Z> for tau[ms]=    1.0
 7.580e-09 1.004e-08 1.330e-08 1.762e-08 2.334e-08 3.093e-08 4.097e-08 5.427e-08
 7.189e-08 9.524e-08 1.262e-07 1.671e-07 2.214e-07 2.933e-07 3.885e-07 5.147e-07
 6.818e-07 9.032e-07 1.196e-06 1.585e-06 2.100e-06 2.781e-06 3.684e-06 4.881e-06
 6.466e-06 8.565e-06 1.135e-05 1.503e-05 1.991e-05 2.637e-05 3.494e-05 4.628e-05
 6.131e-05 8.121e-05 1.076e-04 1.425e-04 1.888e-04 2.500e-04 3.312e-04 4.387e-04
 5.810e-04 7.695e-04 1.019e-03 1.349e-03 1.787e-03 2.366e-03 3.131e-03 4.144e-03
 5.482e-03 7.249e-03 9.579e-03 1.265e-02 1.669e-02 2.199e-02 2.892e-02 3.795e-02
 4.966e-02 6.474e-02 8.399e-02 1.082e-01 1.383e-01 1.747e-01 2.178e-01 2.673e-01
 3.224e-01 3.817e-01 4.432e-01 5.048e-01 5.645e-01 6.207e-01 6.724e-01 7.190e-01
 7.602e-01 7.963e-01 8.275e-01 8.543e-01 8.773e-01 8.969e-01 9.137e-01 9.282e-01
 9.408e-01 9.520e-01 9.623e-01 9.720e-01 9.817e-01 9.918e-01 1.003e+00 1.015e+00
 1.029e+00 1.046e+00 1.066e+00 1.090e+00 1.118e+00 1.150e+00 1.187e+00 1.229e+00
 1.275e+00 1.325e+00 1.378e+00 1.432e+00 1.487e+00 1.541e+00 1.594e+00 1.645e+00
 1.693e+00 1.738e+00 1.780e+00 1.821e+00 1.860e+00 1.898e+00 1.937e+00 1.976e+00
 2.016e+00 2.058e+00 2.103e+00 2.151e+00 2.202e+00 2.255e+00 2.310e+00 2.367e+00
 2.425e+00 2.483e+00 2.542e+00 2.600e+00 2.658e+00 2.716e+00 2.773e+00 2.830e+00
 2.888e+00 2.947e+00 3.007e+00 3.068e+00 3.130e+00 3.193e+00 3.258e+00 3.323e+00
 3.388e+00 3.454e+00 3.520e+00 3.586e+00 3.652e+00 3.717e+00 3.783e+00 3.849e+00
 3.915e+00 3.982e+00 4.048e+00 4.114e+00 4.180e+00 4.245e+00 4.308e+00 4.370e+00
 4.429e+00 4.487e+00 4.542e+00 4.595e+00 4.646e+00 4.696e+00 4.744e+00 4.791e+00
 4.838e+00 4.885e+00 4.932e+00 4.981e+00 5.032e+00 5.085e+00 5.142e+00 5.202e+00
 5.266e+00 5.335e+00 5.408e+00 5.485e+00 5.567e+00 5.651e+00 5.738e+00 5.826e+00
 5.915e+00 6.003e+00 6.088e+00 6.171e+00 6.250e+00 6.325e+00 6.396e+00 6.462e+00
 6.524e+00 6.581e+00 6.635e+00 6.685e+00 6.732e+00 6.776e+00 6.817e+00 6.857e+00
 6.896e+00 6.933e+00 6.969e+00 7.006e+00 7.042e+00 7.078e+00 7.115e+00 7.153e+00
 7.192e+00 7.233e+00 7.275e+00 7.319e+00 7.365e+00 7.414e+00 7.466e+00 7.520e+00
 7.577e+00 7.637e+00 7.700e+00 7.767e+00 7.837e+00 7.910e+00 7.986e+00 8.065e+00
 8.148e+00 8.233e+00 8.321e+00 8.411e+00 8.504e+00 8.599e+00 8.696e+00 8.794e+00
 8.894e+00 8.996e+00 9.099e+00 9.204e+00 9.309e+00 9.416e+00 9.524e+00 9.633e+00
 9.744e+00 9.856e+00 9.969e+00 1.008e+01 1.020e+01 1.032e+01 1.044e+01 1.056e+01
 1.069e+01 1.081e+01 1.095e+01 1.108e+01 1.121e+01 1.135e+01 1.149e+01 1.164e+01
 1.179e+01 1.194e+01 1.210e+01 1.225e+01 1.242e+01 1.258e+01 1.274e+01 1.291e+01
 1.308e+01 1.325e+01 1.341e+01 1.358e+01 1.374e+01 1.390e+01 1.406e+01 1.421e+01
 1.435e+01 1.449e+01 1.463e+01 1.475e+01 1.488e+01 1.500e+01 1.511e+01 1.522e+01
 1.532e+01 1.543e+01 1.552e+01 1.562e+01 1.572e+01 1.582e+01 1.591e+01 1.601e+01
 1.612e+01 1.623e+01 1.635e+01 1.648e+01 1.662e+01 1.677e+01 1.694e+01 1.712e+01
 1.732e+01 1.754e+01 1.776e+01 1.799e+01 1.823e+01 1.847e+01 1.871e+01 1.894e+01
 1.916e+01 1.938e+01 1.958e+01 1.977e+01 1.996e+01 2.013e+01 2.030e+01 2.045e+01
 2.060e+01 2.074e+01 2.087e+01 2.100e+01 2.112e+01 2.124e+01 2.135e+01 2.146e+01
 2.156e+01 2.166e+01 2.176e+01 2.185e+01 2.195e+01 2.204e+01 2.213e+01 2.223e+01
 2.232e+01 2.242e+01 2.252e+01 2.262e+01 2.273e+01 2.284e+01 2.296e+01 2.308e+01
 2.320e+01 2.334e+01 2.347e+01 2.361e+01 2.376e+01 2.391e+01 2.406e+01 2.422e+01
 2.437e+01 2.453e+01 2.469e+01 2.485e+01 2.501e+01 2.517e+01 2.533e+01 2.548e+01
 2.564e+01 2.579e+01 2.594e+01 2.609e+01 2.624e+01 2.638e+01 2.652e+01 2.666e+01
 2.679e+01 2.693e+01 2.706e+01 2.718e+01 2.731e+01 2.743e+01 2.755e+01 2.767e+01
 2.778e+01 2.789e+01 2.800e+01 2.811e+01 2.822e+01 2.832e+01 2.842e+01 2.852e+01
 2.862e+01 2.872e+01 2.882e+01 2.891e+01 2.901e+01 2.910e+01 2.920e+01 2.929e+01
 2.938e+01 2.948e+01 2.957e+01 2.966e+01 2.976e+01 2.985e+01 2.994e+01 3.003e+01
 3.013e+01 3.022e+01 3.031e+01 3.040e+01 3.049e+01 3.058e+01 3.067e+01 3.075e+01
 3.084e+01 3.092e+01 3.101e+01 3.109e+01 3.117e+01 3.125e+01 3.132e+01 3.140e+01
 3.147e+01 3.154e+01 3.161e+01 3.168e+01 3.174e+01 3.180e+01 3.187e+01 3.193e+01
 3.198e+01 3.204e+01 3.210e+01 3.215e+01 3.220e+01 3.225e+01 3.230e+01 3.234e+01
 3.239e+01 3.243e+01 3.247e+01 3.251e+01 3.255e+01 3.259e+01 3.263e+01 3.266e+01
 3.269e+01 3.272e+01 3.276e+01 3.279e+01 3.281e+01 3.284e+01 3.287e+01 3.289e+01
 3.291e+01 3.294e+01 3.296e+01 3.298e+01 3.300e+01 3.301e+01 3.303e+01 3.305e+01
 3.306e+01 3.308e+01 3.309e+01 3.310e+01 3.311e+01 3.312e+01 3.313e+01 3.314e+01
 3.315e+01 3.315e+01 3.316e+01 3.316e+01 3.317e+01 3.317e+01 3.317e+01 3.317e+01
 3.317e+01 3.317e+01 3.317e+01 3.317e+01 3.317e+01 3.316e+01 3.316e+01 3.315e+01
 3.315e+01 3.314e+01 3.313e+01 3.313e+01 3.312e+01 3.311e+01 3.310e+01 3.308e+01
 3.307e+01 3.306e+01 3.305e+01 3.303e+01 3.302e+01 3.300e+01 3.298e+01 3.297e+01
 3.295e+01 3.293e+01 3.291e+01 3.289e+01 3.287e+01 3.285e+01 3.283e+01 3.281e+01
 3.279e+01 3.276e+01 3.274e+01 3.271e+01 3.269e+01 3.266e+01 3.264e+01 3.261e+01
 3.258e+01 3.255e+01 3.252e+01 3.249e+01 3.246e+01 3.243e+01 3.240e+01 3.237e+01
 3.234e+01 3.231e+01 3.228e+01 3.225e+01 3.222e+01 3.219e+01 3.216e+01 3.212e+01
 3.209e+01 3.206e+01 3.203e+01 3.200e+01 3.197e+01 3.193e+01 3.190e+01 3.187e+01
 3.184e+01 3.180e+01 3.177e+01 3.174e+01 3.170e+01 3.167e+01 3.164e+01 3.161e+01
 3.157e+01 3.154e+01 3.151e+01 3.147e+01 3.144e+01 3.140e+01 3.137e+01 3.134e+01
 3.130e+01 3.127e+01 3.123e+01 3.120e+01 3.117e+01 3.113e+01 3.110e+01 3.106e+01
 3.103e+01 3.099e+01 3.096e+01 3.092e+01 3.089e+01 3.085e+01 3.082e+01 3.078e+01
 3.074e+01 3.071e+01 3.067e+01 3.064e+01 3.060e+01 3.057e+01 3.053e+01 3.049e+01
 3.046e+01 3.042e+01 3.038e+01 3.035e+01 3.031e+01 3.027e+01 3.024e+01 3.020e+01
 3.016e+01 3.013e+01 3.009e+01 3.005e+01 3.001e+01 2.998e+01 2.994e+01 2.991e+01
 2.986e+01 2.985e+01 2.981e+01 2.981e+01 2.972e+01 2.969e+01 2.966e+01 2.947e+01
 2.957e+01 2.953e+01 2.950e+01 2.945e+01 2.940e+01 2.936e+01 2.933e+01 2.929e+01
 2.926e+01 2.922e+01 2.917e+01 2.913e+01 2.909e+01 2.905e+01 2.901e+01 2.897e+01
<Z> for tau[ms]=   10.0
 7.148e-08 9.477e-08 1.256e-07 1.666e-07 2.208e-07 2.927e-07 3.881e-07 5.145e-07
 6.820e-07 9.041e-07 1.199e-06 1.589e-06 2.106e-06 2.792e-06 3.701e-06 4.906e-06
 6.503e-06 8.620e-06 1.143e-05 1.514e-05 2.007e-05 2.661e-05 3.527e-05 4.675e-05
 6.196e-05 8.212e-05 1.088e-04 1.443e-04 1.912e-04 2.534e-04 3.358e-04 4.451e-04
 5.898e-04 7.815e-04 1.036e-03 1.372e-03 1.818e-03 2.407e-03 3.188e-03 4.221e-03
 5.586e-03 7.390e-03 9.770e-03 1.291e-02 1.703e-02 2.245e-02 2.954e-02 3.877e-02
 5.074e-02 6.615e-02 8.582e-02 1.106e-01 1.415e-01 1.793e-01 2.245e-01 2.773e-01
 3.370e-01 4.025e-01 4.717e-01 5.417e-01 6.099e-01 6.735e-01 7.308e-01 7.806e-01
 8.228e-01 8.577e-01 8.861e-01 9.089e-01 9.271e-01 9.417e-01 9.533e-01 9.628e-01
 9.707e-01 9.774e-01 9.834e-01 9.892e-01 9.950e-01 1.002e+00 1.009e+00 1.019e+00
 1.031e+00 1.046e+00 1.066e+00 1.091e+00 1.122e+00 1.161e+00 1.206e+00 1.259e+00
 1.318e+00 1.382e+00 1.449e+00 1.516e+00 1.581e+00 1.642e+00 1.699e+00 1.750e+00
 1.796e+00 1.836e+00 1.873e+00 1.907e+00 1.940e+00 1.972e+00 2.005e+00 2.041e+00
 2.081e+00 2.125e+00 2.175e+00 2.229e+00 2.289e+00 2.352e+00 2.418e+00 2.485e+00
 2.552e+00 2.616e+00 2.678e+00 2.738e+00 2.795e+00 2.850e+00 2.905e+00 2.960e+00
 3.017e+00 3.075e+00 3.137e+00 3.202e+00 3.270e+00 3.339e+00 3.410e+00 3.482e+00
 3.552e+00 3.622e+00 3.690e+00 3.757e+00 3.824e+00 3.890e+00 3.956e+00 4.023e+00
 4.092e+00 4.161e+00 4.231e+00 4.301e+00 4.370e+00 4.437e+00 4.501e+00 4.561e+00
 4.616e+00 4.667e+00 4.714e+00 4.756e+00 4.793e+00 4.827e+00 4.858e+00 4.887e+00
 4.913e+00 4.938e+00 4.963e+00 4.988e+00 5.014e+00 5.041e+00 5.072e+00 5.107e+00
 5.147e+00 5.193e+00 5.248e+00 5.313e+00 5.388e+00 5.474e+00 5.571e+00 5.679e+00
 5.794e+00 5.915e+00 6.037e+00 6.156e+00 6.270e+00 6.376e+00 6.472e+00 6.558e+00
 6.633e+00 6.698e+00 6.754e+00 6.803e+00 6.845e+00 6.882e+00 6.914e+00 6.943e+00
 6.969e+00 6.993e+00 7.015e+00 7.036e+00 7.056e+00 7.076e+00 7.096e+00 7.117e+00
 7.137e+00 7.159e+00 7.181e+00 7.205e+00 7.230e+00 7.257e+00 7.285e+00 7.316e+00
 7.348e+00 7.384e+00 7.421e+00 7.462e+00 7.505e+00 7.552e+00 7.601e+00 7.654e+00
 7.711e+00 7.771e+00 7.835e+00 7.902e+00 7.973e+00 8.048e+00 8.126e+00 8.208e+00
 8.293e+00 8.380e+00 8.471e+00 8.564e+00 8.660e+00 8.758e+00 8.858e+00 8.960e+00
 9.063e+00 9.168e+00 9.274e+00 9.382e+00 9.491e+00 9.601e+00 9.713e+00 9.826e+00
 9.941e+00 1.006e+01 1.017e+01 1.029e+01 1.042e+01 1.054e+01 1.067e+01 1.080e+01
 1.093e+01 1.107e+01 1.121e+01 1.135e+01 1.150e+01 1.165e+01 1.180e+01 1.196e+01
 1.213e+01 1.229e+01 1.247e+01 1.265e+01 1.283e+01 1.301e+01 1.320e+01 1.339e+01
 1.358e+01 1.377e+01 1.396e+01 1.414e+01 1.432e+01 1.449e+01 1.465e+01 1.481e+01
 1.496e+01 1.510e+01 1.523e+01 1.536e+01 1.547e+01 1.559e+01 1.569e+01 1.579e+01
 1.589e+01 1.599e+01 1.608e+01 1.617e+01 1.626e+01 1.636e+01 1.646e+01 1.657e+01
 1.669e+01 1.682e+01 1.697e+01 1.714e+01 1.735e+01 1.759e+01 1.786e+01 1.818e+01
 1.854e+01 1.892e+01 1.931e+01 1.971e+01 2.009e+01 2.045e+01 2.078e+01 2.108e+01
 2.134e+01 2.157e+01 2.178e+01 2.197e+01 2.213e+01 2.228e+01 2.242e+01 2.255e+01
 2.267e+01 2.278e+01 2.288e+01 2.298e+01 2.308e+01 2.317e+01 2.326e+01 2.335e+01
 2.345e+01 2.355e+01 2.366e+01 2.378e+01 2.392e+01 2.407e+01 2.426e+01 2.447e+01
 2.471e+01 2.498e+01 2.529e+01 2.563e+01 2.598e+01 2.635e+01 2.673e+01 2.710e+01
 2.747e+01 2.781e+01 2.814e+01 2.845e+01 2.874e+01 2.901e+01 2.926e+01 2.950e+01
 2.972e+01 2.994e+01 3.014e+01 3.033e+01 3.051e+01 3.069e+01 3.086e+01 3.102e+01
 3.117e+01 3.131e+01 3.145e+01 3.159e+01 3.171e+01 3.184e+01 3.195e+01 3.206e+01
 3.217e+01 3.227e+01 3.237e+01 3.247e+01 3.256e+01 3.265e+01 3.274e+01 3.283e+01
 3.292e+01 3.301e+01 3.310e+01 3.319e+01 3.328e+01 3.337e+01 3.347e+01 3.358e+01
 3.369e+01 3.381e+01 3.394e+01 3.408e+01 3.424e+01 3.442e+01 3.461e+01 3.483e+01
 3.507e+01 3.533e+01 3.561e+01 3.591e+01 3.622e+01 3.653e+01 3.685e+01 3.716e+01
 3.746e+01 3.774e+01 3.801e+01 3.826e+01 3.849e+01 3.870e+01 3.889e+01 3.907e+01
 3.924e+01 3.939e+01 3.953e+01 3.966e+01 3.978e+01 3.990e+01 4.000e+01 4.010e+01
 4.020e+01 4.029e+01 4.038e+01 4.046e+01 4.054e+01 4.061e+01 4.068e+01 4.075e+01
 4.082e+01 4.089e+01 4.095e+01 4.102e+01 4.108e+01 4.114e+01 4.120e+01 4.126e+01
 4.132e+01 4.139e+01 4.145e+01 4.151e+01 4.158e+01 4.164e+01 4.171e+01 4.178e+01
 4.185e+01 4.193e+01 4.200e+01 4.208e+01 4.217e+01 4.225e+01 4.234e+01 4.243e+01
 4.253e+01 4.263e+01 4.273e+01 4.283e+01 4.294e+01 4.305e+01 4.315e+01 4.326e+01
 4.337e+01 4.348e+01 4.358e+01 4.369e+01 4.379e+01 4.389e+01 4.399e+01 4.409e+01
 4.418e+01 4.427e+01 4.436e+01 4.444e+01 4.452e+01 4.460e+01 4.468e+01 4.475e+01
 4.482e+01 4.489e+01 4.495e+01 4.501e+01 4.507e+01 4.513e+01 4.518e+01 4.524e+01
 4.529e+01 4.533e+01 4.538e+01 4.542e+01 4.547e+01 4.551e+01 4.555e+01 4.558e+01
 4.562e+01 4.565e+01 4.568e+01 4.572e+01 4.574e+01 4.577e+01 4.580e+01 4.583e+01
 4.585e+01 4.587e+01 4.589e+01 4.592e+01 4.593e+01 4.595e+01 4.597e+01 4.599e+01
 4.600e+01 4.602e+01 4.603e+01 4.605e+01 4.606e+01 4.607e+01 4.608e+01 4.609e+01
 4.609e+01 4.610e+01 4.611e+01 4.611e+01 4.612e+01 4.612e+01 4.613e+01 4.617e+01
 4.614e+01 4.614e+01 4.614e+01 4.615e+01 4.615e+01 4.616e+01 4.616e+01 4.616e+01
 4.617e+01 4.617e+01 4.617e+01 4.617e+01 4.617e+01 4.618e+01 4.618e+01 4.618e+01
 4.618e+01 4.618e+01 4.618e+01 4.618e+01 4.618e+01 4.619e+01 4.619e+01 4.619e+01
 4.619e+01 4.619e+01 4.619e+01 4.619e+01 4.619e+01 4.619e+01 4.619e+01 4.618e+01
 4.618e+01 4.618e+01 4.618e+01 4.618e+01 4.618e+01 4.618e+01 4.618e+01 4.618e+01
 4.618e+01 4.618e+01 4.617e+01 4.617e+01 4.617e+01 4.617e+01 4.617e+01 4.616e+01
 4.616e+01 4.616e+01 4.616e+01 4.616e+01 4.616e+01 4.615e+01 4.615e+01 4.615e+01
 4.615e+01 4.615e+01 4.614e+01 4.614e+01 4.614e+01 4.614e+01 4.613e+01 4.613e+01
 4.613e+01 4.612e+01 4.612e+01 4.613e+01 4.612e+01 4.612e+01 4.611e+01 4.611e+01
 4.609e+01 4.613e+01 4.606e+01 4.605e+01 4.606e+01 4.645e+01 4.614e+01 4.604e+01
 4.603e+01 4.608e+01 4.608e+01 4.608e+01 4.607e+01 4.607e+01 4.604e+01 4.606e+01
 4.607e+01 4.606e+01 4.606e+01 4.604e+01 4.605e+01 4.604e+01 4.604e+01 4.603e+01
<Z> for tau[ms]=  100.0
 4.553e-07 6.065e-07 8.078e-07 1.076e-06 1.433e-06 1.908e-06 2.541e-06 3.384e-06
 4.506e-06 6.000e-06 7.989e-06 1.064e-05 1.416e-05 1.885e-05 2.509e-05 3.340e-05
 4.446e-05 5.918e-05 7.877e-05 1.048e-04 1.395e-04 1.857e-04 2.470e-04 3.287e-04
 4.374e-04 5.819e-04 7.740e-04 1.030e-03 1.369e-03 1.821e-03 2.421e-03 3.218e-03
 4.276e-03 5.679e-03 7.540e-03 1.000e-02 1.326e-02 1.756e-02 2.322e-02 3.064e-02
 4.034e-02 5.293e-02 6.917e-02 8.992e-02 1.161e-01 1.487e-01 1.885e-01 2.359e-01
 2.910e-01 3.530e-01 4.203e-01 4.908e-01 5.616e-01 6.300e-01 6.936e-01 7.505e-01
 7.999e-01 8.416e-01 8.759e-01 9.036e-01 9.256e-01 9.427e-01 9.560e-01 9.663e-01
 9.742e-01 9.802e-01 9.850e-01 9.889e-01 9.922e-01 9.953e-01 9.985e-01 1.002e+00
 1.007e+00 1.013e+00 1.021e+00 1.032e+00 1.047e+00 1.068e+00 1.096e+00 1.133e+00
 1.179e+00 1.235e+00 1.301e+00 1.374e+00 1.452e+00 1.530e+00 1.605e+00 1.674e+00
 1.735e+00 1.788e+00 1.832e+00 1.869e+00 1.900e+00 1.927e+00 1.950e+00 1.972e+00
 1.995e+00 2.018e+00 2.045e+00 2.077e+00 2.115e+00 2.160e+00 2.213e+00 2.273e+00
 2.340e+00 2.411e+00 2.485e+00 2.558e+00 2.628e+00 2.693e+00 2.753e+00 2.807e+00
 2.857e+00 2.904e+00 2.948e+00 2.993e+00 3.039e+00 3.088e+00 3.142e+00 3.201e+00
 3.265e+00 3.334e+00 3.406e+00 3.480e+00 3.553e+00 3.625e+00 3.694e+00 3.760e+00
 3.824e+00 3.886e+00 3.948e+00 4.010e+00 4.073e+00 4.139e+00 4.207e+00 4.276e+00
 4.347e+00 4.417e+00 4.485e+00 4.550e+00 4.611e+00 4.667e+00 4.717e+00 4.761e+00
 4.801e+00 4.835e+00 4.865e+00 4.891e+00 4.914e+00 4.935e+00 4.954e+00 4.972e+00
 4.989e+00 5.006e+00 5.025e+00 5.045e+00 5.067e+00 5.093e+00 5.124e+00 5.162e+00
 5.207e+00 5.263e+00 5.330e+00 5.410e+00 5.505e+00 5.613e+00 5.734e+00 5.863e+00
 5.997e+00 6.130e+00 6.259e+00 6.378e+00 6.485e+00 6.580e+00 6.661e+00 6.730e+00
 6.788e+00 6.837e+00 6.878e+00 6.913e+00 6.942e+00 6.968e+00 6.990e+00 7.011e+00
 7.029e+00 7.046e+00 7.063e+00 7.079e+00 7.095e+00 7.112e+00 7.129e+00 7.146e+00
 7.165e+00 7.184e+00 7.205e+00 7.227e+00 7.251e+00 7.276e+00 7.304e+00 7.333e+00
 7.365e+00 7.400e+00 7.437e+00 7.477e+00 7.520e+00 7.566e+00 7.616e+00 7.669e+00
 7.725e+00 7.785e+00 7.849e+00 7.917e+00 7.988e+00 8.063e+00 8.141e+00 8.223e+00
 8.308e+00 8.396e+00 8.487e+00 8.581e+00 8.677e+00 8.775e+00 8.875e+00 8.977e+00
 9.081e+00 9.186e+00 9.293e+00 9.401e+00 9.510e+00 9.621e+00 9.733e+00 9.847e+00
 9.962e+00 1.008e+01 1.020e+01 1.032e+01 1.044e+01 1.057e+01 1.069e+01 1.082e+01
 1.096e+01 1.109e+01 1.123e+01 1.138e+01 1.153e+01 1.168e+01 1.184e+01 1.200e+01
 1.216e+01 1.233e+01 1.251e+01 1.269e+01 1.288e+01 1.306e+01 1.325e+01 1.345e+01
 1.364e+01 1.383e+01 1.402e+01 1.420e+01 1.438e+01 1.455e+01 1.472e+01 1.488e+01
 1.503e+01 1.517e+01 1.530e+01 1.542e+01 1.554e+01 1.565e+01 1.576e+01 1.586e+01
 1.596e+01 1.605e+01 1.614e+01 1.623e+01 1.632e+01 1.642e+01 1.652e+01 1.663e+01
 1.675e+01 1.688e+01 1.704e+01 1.723e+01 1.744e+01 1.770e+01 1.800e+01 1.835e+01
 1.874e+01 1.915e+01 1.958e+01 2.001e+01 2.042e+01 2.080e+01 2.113e+01 2.143e+01
 2.169e+01 2.192e+01 2.212e+01 2.229e+01 2.245e+01 2.259e+01 2.272e+01 2.284e+01
 2.295e+01 2.305e+01 2.315e+01 2.325e+01 2.334e+01 2.343e+01 2.352e+01 2.361e+01
 2.372e+01 2.383e+01 2.396e+01 2.411e+01 2.430e+01 2.452e+01 2.479e+01 2.512e+01
 2.551e+01 2.597e+01 2.647e+01 2.700e+01 2.755e+01 2.808e+01 2.857e+01 2.901e+01
 2.940e+01 2.975e+01 3.005e+01 3.031e+01 3.054e+01 3.075e+01 3.094e+01 3.112e+01
 3.128e+01 3.144e+01 3.159e+01 3.173e+01 3.187e+01 3.201e+01 3.213e+01 3.226e+01
 3.238e+01 3.249e+01 3.260e+01 3.270e+01 3.280e+01 3.289e+01 3.298e+01 3.306e+01
 3.314e+01 3.322e+01 3.330e+01 3.337e+01 3.345e+01 3.352e+01 3.359e+01 3.367e+01
 3.374e+01 3.382e+01 3.390e+01 3.398e+01 3.406e+01 3.415e+01 3.425e+01 3.436e+01
 3.448e+01 3.461e+01 3.477e+01 3.494e+01 3.515e+01 3.539e+01 3.567e+01 3.599e+01
 3.637e+01 3.679e+01 3.724e+01 3.772e+01 3.821e+01 3.869e+01 3.914e+01 3.956e+01
 3.993e+01 4.025e+01 4.054e+01 4.078e+01 4.099e+01 4.117e+01 4.133e+01 4.147e+01
 4.159e+01 4.170e+01 4.180e+01 4.189e+01 4.197e+01 4.205e+01 4.212e+01 4.219e+01
 4.225e+01 4.231e+01 4.237e+01 4.243e+01 4.249e+01 4.254e+01 4.260e+01 4.265e+01
 4.270e+01 4.275e+01 4.281e+01 4.286e+01 4.291e+01 4.297e+01 4.302e+01 4.308e+01
 4.314e+01 4.321e+01 4.327e+01 4.334e+01 4.342e+01 4.350e+01 4.359e+01 4.368e+01
 4.378e+01 4.389e+01 4.401e+01 4.414e+01 4.429e+01 4.444e+01 4.461e+01 4.479e+01
 4.498e+01 4.519e+01 4.540e+01 4.562e+01 4.585e+01 4.608e+01 4.632e+01 4.655e+01
 4.678e+01 4.700e+01 4.721e+01 4.741e+01 4.760e+01 4.778e+01 4.795e+01 4.811e+01
 4.826e+01 4.840e+01 4.853e+01 4.866e+01 4.877e+01 4.888e+01 4.898e+01 4.908e+01
 4.917e+01 4.925e+01 4.933e+01 4.941e+01 4.949e+01 4.955e+01 4.962e+01 4.969e+01
 4.975e+01 4.980e+01 4.986e+01 4.991e+01 4.996e+01 5.001e+01 5.006e+01 5.011e+01
 5.015e+01 5.019e+01 5.023e+01 5.027e+01 5.031e+01 5.034e+01 5.038e+01 5.041e+01
 5.044e+01 5.047e+01 5.050e+01 5.053e+01 5.056e+01 5.059e+01 5.062e+01 5.064e+01
 5.067e+01 5.069e+01 5.072e+01 5.074e+01 5.076e+01 5.078e+01 5.080e+01 5.082e+01
 5.084e+01 5.086e+01 5.088e+01 5.089e+01 5.091e+01 5.093e+01 5.095e+01 5.097e+01
 5.099e+01 5.101e+01 5.103e+01 5.105e+01 5.107e+01 5.109e+01 5.112e+01 5.114e+01
 5.116e+01 5.118e+01 5.120e+01 5.122e+01 5.124e+01 5.126e+01 5.128e+01 5.130e+01
 5.133e+01 5.135e+01 5.137e+01 5.139e+01 5.141e+01 5.144e+01 5.146e+01 5.148e+01
 5.151e+01 5.153e+01 5.156e+01 5.158e+01 5.160e+01 5.163e+01 5.165e+01 5.168e+01
 5.171e+01 5.173e+01 5.176e+01 5.178e+01 5.181e+01 5.184e+01 5.186e+01 5.189e+01
 5.191e+01 5.194e+01 5.197e+01 5.199e+01 5.202e+01 5.204e+01 5.207e+01 5.209e+01
 5.212e+01 5.214e+01 5.217e+01 5.219e+01 5.221e+01 5.224e+01 5.226e+01 5.228e+01
 5.230e+01 5.232e+01 5.234e+01 5.236e+01 5.238e+01 5.241e+01 5.242e+01 5.244e+01
 5.246e+01 5.247e+01 5.248e+01 5.251e+01 5.252e+01 5.253e+01 5.255e+01 5.254e+01
 5.259e+01 5.259e+01 5.259e+01 5.264e+01 5.242e+01 5.208e+01 5.267e+01 5.271e+01
 5.284e+01 5.259e+01 5.268e+01 5.273e+01 5.273e+01 5.273e+01 5.273e+01 5.271e+01
 5.272e+01 5.277e+01 5.274e+01 5.281e+01 5.277e+01 5.276e+01 5.279e+01 5.280e+01
<Z> for tau[ms]= 1000.0
 9.835e-07 1.319e-06 1.768e-06 2.370e-06 3.177e-06 4.259e-06 5.709e-06 7.653e-06
 1.026e-05 1.375e-05 1.843e-05 2.470e-05 3.311e-05 4.438e-05 5.948e-05 7.971e-05
 1.068e-04 1.432e-04 1.918e-04 2.571e-04 3.445e-04 4.615e-04 6.183e-04 8.284e-04
 1.110e-03 1.486e-03 1.990e-03 2.665e-03 3.567e-03 4.773e-03 6.384e-03 8.534e-03
 1.140e-02 1.521e-02 2.027e-02 2.697e-02 3.580e-02 4.737e-02 6.244e-02 8.190e-02
 1.067e-01 1.379e-01 1.765e-01 2.230e-01 2.776e-01 3.397e-01 4.079e-01 4.799e-01
 5.526e-01 6.232e-01 6.889e-01 7.478e-01 7.988e-01 8.416e-01 8.767e-01 9.050e-01
 9.273e-01 9.446e-01 9.581e-01 9.683e-01 9.761e-01 9.820e-01 9.865e-01 9.899e-01
 9.926e-01 9.947e-01 9.966e-01 9.984e-01 1.000e+00 1.003e+00 1.006e+00 1.011e+00
 1.017e+00 1.027e+00 1.040e+00 1.059e+00 1.085e+00 1.120e+00 1.165e+00 1.221e+00
 1.289e+00 1.365e+00 1.447e+00 1.530e+00 1.610e+00 1.683e+00 1.746e+00 1.800e+00
 1.845e+00 1.881e+00 1.910e+00 1.934e+00 1.954e+00 1.972e+00 1.989e+00 2.007e+00
 2.027e+00 2.051e+00 2.080e+00 2.116e+00 2.159e+00 2.211e+00 2.272e+00 2.340e+00
 2.413e+00 2.488e+00 2.563e+00 2.634e+00 2.700e+00 2.760e+00 2.814e+00 2.863e+00
 2.907e+00 2.949e+00 2.990e+00 3.032e+00 3.077e+00 3.126e+00 3.181e+00 3.241e+00
 3.308e+00 3.378e+00 3.452e+00 3.526e+00 3.599e+00 3.670e+00 3.738e+00 3.802e+00
 3.864e+00 3.925e+00 3.985e+00 4.046e+00 4.110e+00 4.175e+00 4.244e+00 4.313e+00
 4.384e+00 4.453e+00 4.521e+00 4.584e+00 4.643e+00 4.697e+00 4.744e+00 4.786e+00
 4.823e+00 4.854e+00 4.882e+00 4.906e+00 4.927e+00 4.946e+00 4.964e+00 4.981e+00
 4.997e+00 5.014e+00 5.031e+00 5.051e+00 5.073e+00 5.099e+00 5.130e+00 5.169e+00
 5.215e+00 5.272e+00 5.341e+00 5.424e+00 5.522e+00 5.633e+00 5.757e+00 5.889e+00
 6.025e+00 6.159e+00 6.288e+00 6.406e+00 6.512e+00 6.604e+00 6.683e+00 6.750e+00
 6.806e+00 6.853e+00 6.892e+00 6.925e+00 6.953e+00 6.977e+00 6.998e+00 7.018e+00
 7.035e+00 7.052e+00 7.068e+00 7.084e+00 7.099e+00 7.115e+00 7.132e+00 7.149e+00
 7.167e+00 7.187e+00 7.207e+00 7.229e+00 7.253e+00 7.278e+00 7.305e+00 7.335e+00
 7.367e+00 7.401e+00 7.438e+00 7.478e+00 7.521e+00 7.568e+00 7.617e+00 7.670e+00
 7.727e+00 7.787e+00 7.851e+00 7.918e+00 7.989e+00 8.064e+00 8.143e+00 8.225e+00
 8.310e+00 8.398e+00 8.489e+00 8.582e+00 8.678e+00 8.777e+00 8.877e+00 8.979e+00
 9.083e+00 9.188e+00 9.295e+00 9.403e+00 9.512e+00 9.623e+00 9.735e+00 9.849e+00
 9.964e+00 1.008e+01 1.020e+01 1.032e+01 1.044e+01 1.057e+01 1.070e+01 1.083e+01
 1.096e+01 1.110e+01 1.124e+01 1.138e+01 1.153e+01 1.168e+01 1.184e+01 1.200e+01
 1.217e+01 1.234e+01 1.251e+01 1.270e+01 1.288e+01 1.307e+01 1.326e+01 1.345e+01
 1.364e+01 1.384e+01 1.402e+01 1.421e+01 1.439e+01 1.456e+01 1.473e+01 1.488e+01
 1.503e+01 1.517e+01 1.531e+01 1.543e+01 1.555e+01 1.566e+01 1.577e+01 1.587e+01
 1.596e+01 1.606e+01 1.615e+01 1.624e+01 1.633e+01 1.643e+01 1.653e+01 1.664e+01
 1.676e+01 1.689e+01 1.705e+01 1.723e+01 1.745e+01 1.771e+01 1.802e+01 1.837e+01
 1.876e+01 1.918e+01 1.961e+01 2.005e+01 2.046e+01 2.083e+01 2.117e+01 2.147e+01
 2.173e+01 2.196e+01 2.215e+01 2.233e+01 2.248e+01 2.262e+01 2.275e+01 2.287e+01
 2.298e+01 2.308e+01 2.318e+01 2.327e+01 2.336e+01 2.345e+01 2.355e+01 2.364e+01
 2.375e+01 2.386e+01 2.399e+01 2.415e+01 2.434e+01 2.458e+01 2.487e+01 2.522e+01
 2.564e+01 2.612e+01 2.666e+01 2.723e+01 2.781e+01 2.836e+01 2.886e+01 2.931e+01
 2.969e+01 3.003e+01 3.031e+01 3.056e+01 3.078e+01 3.097e+01 3.115e+01 3.131e+01
 3.147e+01 3.162e+01 3.176e+01 3.190e+01 3.203e+01 3.216e+01 3.228e+01 3.240e+01
 3.251e+01 3.262e+01 3.272e+01 3.282e+01 3.292e+01 3.300e+01 3.309e+01 3.317e+01
 3.325e+01 3.333e+01 3.340e+01 3.347e+01 3.354e+01 3.361e+01 3.368e+01 3.376e+01
 3.383e+01 3.390e+01 3.398e+01 3.406e+01 3.415e+01 3.424e+01 3.434e+01 3.444e+01
 3.456e+01 3.470e+01 3.486e+01 3.504e+01 3.525e+01 3.550e+01 3.580e+01 3.614e+01
 3.654e+01 3.699e+01 3.748e+01 3.799e+01 3.851e+01 3.901e+01 3.948e+01 3.991e+01
 4.029e+01 4.061e+01 4.089e+01 4.112e+01 4.132e+01 4.149e+01 4.164e+01 4.177e+01
 4.188e+01 4.198e+01 4.207e+01 4.215e+01 4.223e+01 4.230e+01 4.237e+01 4.243e+01
 4.249e+01 4.255e+01 4.260e+01 4.266e+01 4.271e+01 4.276e+01 4.281e+01 4.286e+01
 4.291e+01 4.296e+01 4.301e+01 4.307e+01 4.312e+01 4.317e+01 4.323e+01 4.329e+01
 4.335e+01 4.341e+01 4.348e+01 4.355e+01 4.363e+01 4.371e+01 4.380e+01 4.390e+01
 4.401e+01 4.412e+01 4.425e+01 4.439e+01 4.455e+01 4.472e+01 4.490e+01 4.510e+01
 4.532e+01 4.555e+01 4.579e+01 4.604e+01 4.629e+01 4.656e+01 4.682e+01 4.708e+01
 4.733e+01 4.757e+01 4.780e+01 4.802e+01 4.823e+01 4.842e+01 4.860e+01 4.877e+01
 4.892e+01 4.907e+01 4.920e+01 4.932e+01 4.944e+01 4.955e+01 4.965e+01 4.975e+01
 4.984e+01 4.992e+01 5.000e+01 5.008e+01 5.015e+01 5.022e+01 5.028e+01 5.035e+01
 5.041e+01 5.046e+01 5.052e+01 5.057e+01 5.062e+01 5.067e+01 5.072e+01 5.076e+01
 5.080e+01 5.085e+01 5.089e+01 5.092e+01 5.096e+01 5.100e+01 5.103e+01 5.106e+01
 5.110e+01 5.113e+01 5.116e+01 5.119e+01 5.122e+01 5.125e+01 5.127e+01 5.130e+01
 5.133e+01 5.135e+01 5.138e+01 5.140e+01 5.142e+01 5.145e+01 5.147e+01 5.149e+01
 5.151e+01 5.153e+01 5.154e+01 5.156e+01 5.158e+01 5.160e+01 5.162e+01 5.165e+01
 5.167e+01 5.169e+01 5.172e+01 5.174e+01 5.177e+01 5.179e+01 5.181e+01 5.184e+01
 5.186e+01 5.189e+01 5.191e+01 5.194e+01 5.196e+01 5.199e+01 5.201e+01 5.204e+01
 5.207e+01 5.209e+01 5.212e+01 5.215e+01 5.218e+01 5.220e+01 5.223e+01 5.226e+01
 5.230e+01 5.233e+01 5.236e+01 5.239e+01 5.242e+01 5.245e+01 5.249e+01 5.252e+01
 5.255e+01 5.259e+01 5.262e+01 5.266e+01 5.269e+01 5.273e+01 5.276e+01 5.280e+01
 5.283e+01 5.287e+01 5.290e+01 5.293e+01 5.297e+01 5.300e+01 5.303e+01 5.307e+01
 5.310e+01 5.313e+01 5.316e+01 5.319e+01 5.322e+01 5.325e+01 5.327e+01 5.330e+01
 5.332e+01 5.335e+01 5.338e+01 5.340e+01 5.342e+01 5.345e+01 5.347e+01 5.349e+01
 5.351e+01 5.353e+01 5.355e+01 5.356e+01 5.358e+01 5.360e+01 5.360e+01 5.362e+01
 5.362e+01 5.364e+01 5.365e+01 5.367e+01 5.364e+01 5.370e+01 5.370e+01 5.369e+01
 5.346e+01 5.376e+01 5.368e+01 5.376e+01 5.375e+01 5.375e+01 5.372e+01 5.377e+01
 5.377e+01 5.379e+01 5.378e+01 5.380e+01 5.382e+01 5.379e+01 5.381e+01 5.381e+01
<Z> in equilibrium - infinite confinement
 1.129e-06 1.516e-06 2.037e-06 2.735e-06 3.674e-06 4.934e-06 6.627e-06 8.900e-06
 1.195e-05 1.605e-05 2.156e-05 2.896e-05 3.889e-05 5.224e-05 7.016e-05 9.422e-05
 1.265e-04 1.700e-04 2.282e-04 3.065e-04 4.116e-04 5.528e-04 7.423e-04 9.967e-04
 1.338e-03 1.797e-03 2.411e-03 3.236e-03 4.341e-03 5.822e-03 7.804e-03 1.045e-02
 1.399e-02 1.870e-02 2.495e-02 3.323e-02 4.413e-02 5.838e-02 7.687e-02 1.006e-01
 1.306e-01 1.679e-01 2.132e-01 2.668e-01 3.283e-01 3.963e-01 4.686e-01 5.422e-01
 6.140e-01 6.811e-01 7.415e-01 7.940e-01 8.381e-01 8.742e-01 9.032e-01 9.261e-01
 9.440e-01 9.577e-01 9.681e-01 9.761e-01 9.821e-01 9.866e-01 9.900e-01 9.926e-01
 9.947e-01 9.964e-01 9.979e-01 9.996e-01 1.001e+00 1.004e+00 1.007e+00 1.012e+00
 1.020e+00 1.030e+00 1.044e+00 1.065e+00 1.093e+00 1.131e+00 1.179e+00 1.239e+00
 1.310e+00 1.389e+00 1.472e+00 1.556e+00 1.635e+00 1.705e+00 1.766e+00 1.817e+00
 1.859e+00 1.892e+00 1.919e+00 1.941e+00 1.960e+00 1.977e+00 1.994e+00 2.011e+00
 2.031e+00 2.055e+00 2.085e+00 2.121e+00 2.165e+00 2.219e+00 2.280e+00 2.349e+00
 2.422e+00 2.498e+00 2.573e+00 2.644e+00 2.709e+00 2.769e+00 2.822e+00 2.869e+00
 2.913e+00 2.954e+00 2.995e+00 3.036e+00 3.081e+00 3.131e+00 3.185e+00 3.246e+00
 3.313e+00 3.384e+00 3.457e+00 3.532e+00 3.605e+00 3.675e+00 3.743e+00 3.807e+00
 3.869e+00 3.929e+00 3.989e+00 4.051e+00 4.114e+00 4.180e+00 4.248e+00 4.318e+00
 4.388e+00 4.458e+00 4.525e+00 4.588e+00 4.647e+00 4.700e+00 4.747e+00 4.789e+00
 4.825e+00 4.857e+00 4.884e+00 4.908e+00 4.929e+00 4.948e+00 4.965e+00 4.982e+00
 4.998e+00 5.014e+00 5.032e+00 5.051e+00 5.074e+00 5.100e+00 5.131e+00 5.169e+00
 5.216e+00 5.273e+00 5.343e+00 5.426e+00 5.524e+00 5.636e+00 5.759e+00 5.892e+00
 6.028e+00 6.163e+00 6.291e+00 6.409e+00 6.515e+00 6.607e+00 6.686e+00 6.752e+00
 6.808e+00 6.854e+00 6.893e+00 6.926e+00 6.954e+00 6.978e+00 6.999e+00 7.018e+00
 7.036e+00 7.052e+00 7.068e+00 7.084e+00 7.100e+00 7.116e+00 7.132e+00 7.149e+00
 7.168e+00 7.187e+00 7.207e+00 7.229e+00 7.253e+00 7.278e+00 7.306e+00 7.335e+00
 7.367e+00 7.402e+00 7.439e+00 7.479e+00 7.522e+00 7.568e+00 7.617e+00 7.670e+00
 7.727e+00 7.787e+00 7.851e+00 7.918e+00 7.990e+00 8.064e+00 8.143e+00 8.225e+00
 8.310e+00 8.398e+00 8.489e+00 8.583e+00 8.679e+00 8.777e+00 8.877e+00 8.979e+00
 9.083e+00 9.188e+00 9.295e+00 9.403e+00 9.513e+00 9.623e+00 9.735e+00 9.849e+00
 9.964e+00 1.008e+01 1.020e+01 1.032e+01 1.044e+01 1.057e+01 1.070e+01 1.083e+01
 1.096e+01 1.110e+01 1.124e+01 1.138e+01 1.153e+01 1.168e+01 1.184e+01 1.200e+01
 1.217e+01 1.234e+01 1.252e+01 1.270e+01 1.288e+01 1.307e+01 1.326e+01 1.345e+01
 1.364e+01 1.384e+01 1.403e+01 1.421e+01 1.439e+01 1.456e+01 1.473e+01 1.488e+01
 1.503e+01 1.517e+01 1.531e+01 1.543e+01 1.555e+01 1.566e+01 1.577e+01 1.587e+01
 1.596e+01 1.606e+01 1.615e+01 1.624e+01 1.633e+01 1.643e+01 1.653e+01 1.664e+01
 1.676e+01 1.689e+01 1.705e+01 1.724e+01 1.745e+01 1.771e+01 1.802e+01 1.837e+01
 1.876e+01 1.918e+01 1.962e+01 2.005e+01 2.046e+01 2.084e+01 2.118e+01 2.147e+01
 2.173e+01 2.196e+01 2.216e+01 2.233e+01 2.249e+01 2.263e+01 2.276e+01 2.287e+01
 2.298e+01 2.309e+01 2.318e+01 2.328e+01 2.337e+01 2.346e+01 2.355e+01 2.364e+01
 2.375e+01 2.386e+01 2.400e+01 2.416e+01 2.435e+01 2.459e+01 2.488e+01 2.523e+01
 2.565e+01 2.614e+01 2.669e+01 2.726e+01 2.784e+01 2.839e+01 2.889e+01 2.934e+01
 2.973e+01 3.006e+01 3.034e+01 3.059e+01 3.080e+01 3.100e+01 3.117e+01 3.134e+01
 3.149e+01 3.164e+01 3.178e+01 3.192e+01 3.205e+01 3.218e+01 3.230e+01 3.241e+01
 3.253e+01 3.264e+01 3.274e+01 3.284e+01 3.293e+01 3.302e+01 3.310e+01 3.318e+01
 3.326e+01 3.334e+01 3.341e+01 3.348e+01 3.355e+01 3.362e+01 3.370e+01 3.377e+01
 3.384e+01 3.391e+01 3.399e+01 3.407e+01 3.416e+01 3.425e+01 3.435e+01 3.445e+01
 3.457e+01 3.471e+01 3.487e+01 3.505e+01 3.526e+01 3.551e+01 3.581e+01 3.616e+01
 3.656e+01 3.701e+01 3.751e+01 3.802e+01 3.854e+01 3.905e+01 3.952e+01 3.995e+01
 4.033e+01 4.065e+01 4.093e+01 4.116e+01 4.136e+01 4.153e+01 4.168e+01 4.180e+01
 4.191e+01 4.201e+01 4.210e+01 4.218e+01 4.226e+01 4.233e+01 4.240e+01 4.246e+01
 4.252e+01 4.257e+01 4.263e+01 4.268e+01 4.274e+01 4.279e+01 4.284e+01 4.289e+01
 4.294e+01 4.299e+01 4.304e+01 4.309e+01 4.314e+01 4.320e+01 4.325e+01 4.331e+01
 4.337e+01 4.343e+01 4.350e+01 4.357e+01 4.365e+01 4.374e+01 4.383e+01 4.392e+01
 4.403e+01 4.415e+01 4.428e+01 4.442e+01 4.458e+01 4.475e+01 4.494e+01 4.514e+01
 4.536e+01 4.559e+01 4.583e+01 4.609e+01 4.635e+01 4.661e+01 4.688e+01 4.714e+01
 4.739e+01 4.764e+01 4.787e+01 4.809e+01 4.830e+01 4.850e+01 4.868e+01 4.885e+01
 4.900e+01 4.915e+01 4.928e+01 4.940e+01 4.952e+01 4.963e+01 4.973e+01 4.983e+01
 4.992e+01 5.000e+01 5.008e+01 5.016e+01 5.023e+01 5.030e+01 5.036e+01 5.043e+01
 5.048e+01 5.054e+01 5.060e+01 5.065e+01 5.070e+01 5.075e+01 5.079e+01 5.084e+01
 5.088e+01 5.092e+01 5.096e+01 5.100e+01 5.104e+01 5.107e+01 5.111e+01 5.114e+01
 5.117e+01 5.121e+01 5.124e+01 5.127e+01 5.129e+01 5.132e+01 5.135e+01 5.138e+01
 5.140e+01 5.143e+01 5.145e+01 5.147e+01 5.150e+01 5.152e+01 5.154e+01 5.157e+01
 5.159e+01 5.161e+01 5.163e+01 5.165e+01 5.167e+01 5.169e+01 5.171e+01 5.173e+01
 5.175e+01 5.177e+01 5.179e+01 5.181e+01 5.182e+01 5.184e+01 5.186e+01 5.188e+01
 5.190e+01 5.192e+01 5.194e+01 5.196e+01 5.198e+01 5.200e+01 5.202e+01 5.204e+01
 5.206e+01 5.208e+01 5.210e+01 5.212e+01 5.214e+01 5.217e+01 5.219e+01 5.221e+01
 5.223e+01 5.226e+01 5.228e+01 5.230e+01 5.233e+01 5.235e+01 5.238e+01 5.240e+01
 5.243e+01 5.245e+01 5.248e+01 5.250e+01 5.253e+01 5.256e+01 5.258e+01 5.261e+01
 5.264e+01 5.266e+01 5.269e+01 5.272e+01 5.275e+01 5.277e+01 5.280e+01 5.283e+01
 5.286e+01 5.289e+01 5.291e+01 5.294e+01 5.297e+01 5.300e+01 5.302e+01 5.305e+01
 5.308e+01 5.311e+01 5.313e+01 5.316e+01 5.318e+01 5.321e+01 5.323e+01 5.326e+01
 5.328e+01 5.331e+01 5.333e+01 5.335e+01 5.337e+01 5.340e+01 5.342e+01 5.344e+01
 5.346e+01 5.348e+01 5.350e+01 5.352e+01 5.353e+01 5.355e+01 5.357e+01 5.359e+01
 5.360e+01 5.362e+01 5.363e+01 5.365e+01 5.366e+01 5.367e+01 5.369e+01 5.370e+01
 5.371e+01 5.372e+01 5.374e+01 5.375e+01 5.376e+01 5.377e+01 5.378e+01 5.379e+01
C-------------------------------------------------------------------------------
C
C  The fractional abundance and radiated power were generated from the
C  ADAS installation at UKAEA with the named adf11 files. The adf11 data
C  files may be updated in a later release of ADAS and publicly
C  available versions may be found at https://open.adas.ac.uk/.
C
C  The equilibrium balance data was produced with run_adas405.py and
C  the balance with a confinement time with adas4xx_ionbal_tau.py
C  which are functions from the ADAS library. Details on these codes
C  may be found at: https://www.adas.ac.uk/python_lib/index.html
C
C  Copyright (C) 2023 UK Atomic Energy Authority
C
C  This file was generated for use in the UKAEA systems code PROCESS
C  using a script written by Martin O'Mullane.
C  If acquired without provenance a user is strongly advised
C  to check its validity by re-generating using the adf11 files from
C  the OPEN-ADAS site.
C
C  Produced by : Timothy Nunn
C  Date        : 29-07-26
C
C-------------------------------------------------------------------------------
