Mean quadratic charge as a function dwell time.
Temperature :      0.2 - 500000.0 eV
Density     : 1.00e+20 m-3
   600     5  # Te values, dwell time

Source data:
acd : /home/adas/adas/adf11/acd89/acd89_xe.dat
scd : /home/adas/adas/adf11/scd89/scd89_xe.dat
plt : /home/adas/adas/adf11/plt89/plt89_xe.dat
prb : /home/adas/adas/adf11/prb89/prb89_xe.dat

Te[eV]
 2.500e-01 2.561e-01 2.624e-01 2.688e-01 2.754e-01 2.822e-01 2.891e-01 2.962e-01
 3.035e-01 3.109e-01 3.185e-01 3.263e-01 3.343e-01 3.425e-01 3.509e-01 3.595e-01
 3.683e-01 3.774e-01 3.866e-01 3.961e-01 4.058e-01 4.158e-01 4.260e-01 4.364e-01
 4.471e-01 4.581e-01 4.693e-01 4.808e-01 4.926e-01 5.047e-01 5.170e-01 5.297e-01
 5.427e-01 5.560e-01 5.696e-01 5.836e-01 5.979e-01 6.126e-01 6.276e-01 6.430e-01
 6.587e-01 6.749e-01 6.914e-01 7.084e-01 7.257e-01 7.435e-01 7.618e-01 7.804e-01
 7.996e-01 8.192e-01 8.393e-01 8.598e-01 8.809e-01 9.025e-01 9.247e-01 9.473e-01
 9.706e-01 9.943e-01 1.019e+00 1.044e+00 1.069e+00 1.096e+00 1.122e+00 1.150e+00
 1.178e+00 1.207e+00 1.237e+00 1.267e+00 1.298e+00 1.330e+00 1.362e+00 1.396e+00
 1.430e+00 1.465e+00 1.501e+00 1.538e+00 1.575e+00 1.614e+00 1.654e+00 1.694e+00
 1.736e+00 1.778e+00 1.822e+00 1.867e+00 1.912e+00 1.959e+00 2.007e+00 2.056e+00
 2.107e+00 2.159e+00 2.211e+00 2.266e+00 2.321e+00 2.378e+00 2.436e+00 2.496e+00
 2.557e+00 2.620e+00 2.684e+00 2.750e+00 2.818e+00 2.887e+00 2.957e+00 3.030e+00
 3.104e+00 3.180e+00 3.258e+00 3.338e+00 3.420e+00 3.504e+00 3.590e+00 3.678e+00
 3.768e+00 3.860e+00 3.955e+00 4.052e+00 4.151e+00 4.253e+00 4.357e+00 4.464e+00
 4.574e+00 4.686e+00 4.801e+00 4.918e+00 5.039e+00 5.162e+00 5.289e+00 5.419e+00
 5.551e+00 5.688e+00 5.827e+00 5.970e+00 6.116e+00 6.266e+00 6.420e+00 6.577e+00
 6.738e+00 6.904e+00 7.073e+00 7.246e+00 7.424e+00 7.606e+00 7.792e+00 7.983e+00
 8.179e+00 8.380e+00 8.585e+00 8.796e+00 9.011e+00 9.232e+00 9.459e+00 9.691e+00
 9.928e+00 1.017e+01 1.042e+01 1.068e+01 1.094e+01 1.121e+01 1.148e+01 1.176e+01
 1.205e+01 1.235e+01 1.265e+01 1.296e+01 1.328e+01 1.360e+01 1.394e+01 1.428e+01
 1.463e+01 1.499e+01 1.535e+01 1.573e+01 1.612e+01 1.651e+01 1.692e+01 1.733e+01
 1.776e+01 1.819e+01 1.864e+01 1.909e+01 1.956e+01 2.004e+01 2.053e+01 2.104e+01
 2.155e+01 2.208e+01 2.262e+01 2.318e+01 2.374e+01 2.433e+01 2.492e+01 2.553e+01
 2.616e+01 2.680e+01 2.746e+01 2.813e+01 2.882e+01 2.953e+01 3.025e+01 3.099e+01
 3.175e+01 3.253e+01 3.333e+01 3.415e+01 3.498e+01 3.584e+01 3.672e+01 3.762e+01
 3.854e+01 3.949e+01 4.046e+01 4.145e+01 4.246e+01 4.351e+01 4.457e+01 4.566e+01
 4.678e+01 4.793e+01 4.911e+01 5.031e+01 5.154e+01 5.281e+01 5.410e+01 5.543e+01
 5.679e+01 5.818e+01 5.961e+01 6.107e+01 6.256e+01 6.410e+01 6.567e+01 6.728e+01
 6.893e+01 7.062e+01 7.235e+01 7.412e+01 7.594e+01 7.780e+01 7.971e+01 8.167e+01
 8.367e+01 8.572e+01 8.782e+01 8.997e+01 9.218e+01 9.444e+01 9.676e+01 9.913e+01
 1.016e+02 1.040e+02 1.066e+02 1.092e+02 1.119e+02 1.146e+02 1.174e+02 1.203e+02
 1.233e+02 1.263e+02 1.294e+02 1.326e+02 1.358e+02 1.391e+02 1.426e+02 1.461e+02
 1.496e+02 1.533e+02 1.571e+02 1.609e+02 1.649e+02 1.689e+02 1.730e+02 1.773e+02
 1.816e+02 1.861e+02 1.906e+02 1.953e+02 2.001e+02 2.050e+02 2.100e+02 2.152e+02
 2.205e+02 2.259e+02 2.314e+02 2.371e+02 2.429e+02 2.488e+02 2.549e+02 2.612e+02
 2.676e+02 2.742e+02 2.809e+02 2.878e+02 2.948e+02 3.021e+02 3.095e+02 3.170e+02
 3.248e+02 3.328e+02 3.409e+02 3.493e+02 3.579e+02 3.666e+02 3.756e+02 3.848e+02
 3.943e+02 4.039e+02 4.138e+02 4.240e+02 4.344e+02 4.450e+02 4.559e+02 4.671e+02
 4.786e+02 4.903e+02 5.023e+02 5.146e+02 5.273e+02 5.402e+02 5.534e+02 5.670e+02
 5.809e+02 5.951e+02 6.097e+02 6.247e+02 6.400e+02 6.557e+02 6.718e+02 6.882e+02
 7.051e+02 7.224e+02 7.401e+02 7.582e+02 7.768e+02 7.959e+02 8.154e+02 8.354e+02
 8.559e+02 8.769e+02 8.984e+02 9.204e+02 9.429e+02 9.661e+02 9.897e+02 1.014e+03
 1.039e+03 1.064e+03 1.090e+03 1.117e+03 1.145e+03 1.173e+03 1.201e+03 1.231e+03
 1.261e+03 1.292e+03 1.324e+03 1.356e+03 1.389e+03 1.423e+03 1.458e+03 1.494e+03
 1.531e+03 1.568e+03 1.607e+03 1.646e+03 1.686e+03 1.728e+03 1.770e+03 1.813e+03
 1.858e+03 1.903e+03 1.950e+03 1.998e+03 2.047e+03 2.097e+03 2.149e+03 2.201e+03
 2.255e+03 2.310e+03 2.367e+03 2.425e+03 2.485e+03 2.546e+03 2.608e+03 2.672e+03
 2.737e+03 2.804e+03 2.873e+03 2.944e+03 3.016e+03 3.090e+03 3.166e+03 3.243e+03
 3.323e+03 3.404e+03 3.488e+03 3.573e+03 3.661e+03 3.750e+03 3.842e+03 3.937e+03
 4.033e+03 4.132e+03 4.233e+03 4.337e+03 4.443e+03 4.552e+03 4.664e+03 4.778e+03
 4.895e+03 5.015e+03 5.138e+03 5.264e+03 5.393e+03 5.526e+03 5.661e+03 5.800e+03
 5.942e+03 6.088e+03 6.237e+03 6.390e+03 6.547e+03 6.707e+03 6.872e+03 7.040e+03
 7.213e+03 7.390e+03 7.571e+03 7.756e+03 7.947e+03 8.141e+03 8.341e+03 8.545e+03
 8.755e+03 8.970e+03 9.190e+03 9.415e+03 9.646e+03 9.882e+03 1.012e+04 1.037e+04
 1.063e+04 1.089e+04 1.115e+04 1.143e+04 1.171e+04 1.200e+04 1.229e+04 1.259e+04
 1.290e+04 1.322e+04 1.354e+04 1.387e+04 1.421e+04 1.456e+04 1.492e+04 1.528e+04
 1.566e+04 1.604e+04 1.643e+04 1.684e+04 1.725e+04 1.767e+04 1.811e+04 1.855e+04
 1.901e+04 1.947e+04 1.995e+04 2.044e+04 2.094e+04 2.145e+04 2.198e+04 2.252e+04
 2.307e+04 2.363e+04 2.421e+04 2.481e+04 2.542e+04 2.604e+04 2.668e+04 2.733e+04
 2.800e+04 2.869e+04 2.939e+04 3.011e+04 3.085e+04 3.161e+04 3.238e+04 3.318e+04
 3.399e+04 3.482e+04 3.568e+04 3.655e+04 3.745e+04 3.836e+04 3.931e+04 4.027e+04
 4.126e+04 4.227e+04 4.330e+04 4.437e+04 4.545e+04 4.657e+04 4.771e+04 4.888e+04
 5.008e+04 5.131e+04 5.256e+04 5.385e+04 5.517e+04 5.652e+04 5.791e+04 5.933e+04
 6.078e+04 6.228e+04 6.380e+04 6.537e+04 6.697e+04 6.861e+04 7.029e+04 7.202e+04
 7.378e+04 7.559e+04 7.744e+04 7.934e+04 8.129e+04 8.328e+04 8.532e+04 8.741e+04
 8.956e+04 9.175e+04 9.400e+04 9.631e+04 9.867e+04 1.011e+05 1.036e+05 1.061e+05
 1.087e+05 1.114e+05 1.141e+05 1.169e+05 1.198e+05 1.227e+05 1.257e+05 1.288e+05
 1.320e+05 1.352e+05 1.385e+05 1.419e+05 1.454e+05 1.489e+05 1.526e+05 1.563e+05
 1.602e+05 1.641e+05 1.681e+05 1.722e+05 1.765e+05 1.808e+05 1.852e+05 1.898e+05
 1.944e+05 1.992e+05 2.041e+05 2.091e+05 2.142e+05 2.194e+05 2.248e+05 2.303e+05
 2.360e+05 2.418e+05 2.477e+05 2.538e+05 2.600e+05 2.664e+05 2.729e+05 2.796e+05
 2.864e+05 2.935e+05 3.007e+05 3.080e+05 3.156e+05 3.233e+05 3.312e+05 3.394e+05
 3.477e+05 3.562e+05 3.649e+05 3.739e+05 3.831e+05 3.924e+05 4.021e+05 4.119e+05
 4.220e+05 4.324e+05 4.430e+05 4.538e+05 4.650e+05 4.764e+05 4.880e+05 5.000e+05
sqrt(<Z^2>) for tau[ms]=    0.1
 2.762e-05 3.178e-05 3.658e-05 4.210e-05 4.846e-05 5.577e-05 6.418e-05 7.387e-05
 8.502e-05 9.785e-05 1.126e-04 1.296e-04 1.492e-04 1.717e-04 1.976e-04 2.274e-04
 2.617e-04 3.013e-04 3.467e-04 3.990e-04 4.593e-04 5.286e-04 6.084e-04 7.002e-04
 8.058e-04 9.275e-04 1.067e-03 1.229e-03 1.414e-03 1.627e-03 1.873e-03 2.156e-03
 2.481e-03 2.855e-03 3.286e-03 3.782e-03 4.353e-03 5.010e-03 5.766e-03 6.636e-03
 7.638e-03 8.790e-03 1.012e-02 1.164e-02 1.340e-02 1.542e-02 1.775e-02 2.043e-02
 2.351e-02 2.705e-02 3.113e-02 3.582e-02 4.122e-02 4.743e-02 5.457e-02 6.277e-02
 7.220e-02 8.303e-02 9.545e-02 1.097e-01 1.258e-01 1.442e-01 1.648e-01 1.878e-01
 2.134e-01 2.414e-01 2.718e-01 3.045e-01 3.391e-01 3.753e-01 4.130e-01 4.517e-01
 4.909e-01 5.303e-01 5.693e-01 6.076e-01 6.446e-01 6.800e-01 7.135e-01 7.447e-01
 7.736e-01 8.000e-01 8.240e-01 8.457e-01 8.652e-01 8.826e-01 8.984e-01 9.127e-01
 9.257e-01 9.379e-01 9.494e-01 9.607e-01 9.719e-01 9.836e-01 9.959e-01 1.009e+00
 1.024e+00 1.040e+00 1.059e+00 1.080e+00 1.103e+00 1.129e+00 1.158e+00 1.190e+00
 1.225e+00 1.262e+00 1.301e+00 1.342e+00 1.384e+00 1.427e+00 1.471e+00 1.514e+00
 1.557e+00 1.599e+00 1.640e+00 1.681e+00 1.720e+00 1.759e+00 1.797e+00 1.835e+00
 1.873e+00 1.911e+00 1.950e+00 1.990e+00 2.030e+00 2.072e+00 2.115e+00 2.160e+00
 2.205e+00 2.252e+00 2.300e+00 2.349e+00 2.398e+00 2.448e+00 2.498e+00 2.549e+00
 2.599e+00 2.651e+00 2.702e+00 2.754e+00 2.806e+00 2.859e+00 2.913e+00 2.967e+00
 3.021e+00 3.076e+00 3.132e+00 3.188e+00 3.244e+00 3.301e+00 3.358e+00 3.415e+00
 3.473e+00 3.531e+00 3.589e+00 3.648e+00 3.706e+00 3.765e+00 3.824e+00 3.883e+00
 3.942e+00 4.001e+00 4.061e+00 4.120e+00 4.179e+00 4.238e+00 4.297e+00 4.356e+00
 4.415e+00 4.474e+00 4.533e+00 4.592e+00 4.651e+00 4.710e+00 4.769e+00 4.828e+00
 4.888e+00 4.948e+00 5.008e+00 5.069e+00 5.130e+00 5.191e+00 5.253e+00 5.315e+00
 5.378e+00 5.440e+00 5.503e+00 5.566e+00 5.629e+00 5.692e+00 5.755e+00 5.817e+00
 5.879e+00 5.941e+00 6.002e+00 6.062e+00 6.122e+00 6.182e+00 6.241e+00 6.299e+00
 6.357e+00 6.415e+00 6.473e+00 6.531e+00 6.588e+00 6.647e+00 6.705e+00 6.765e+00
 6.825e+00 6.886e+00 6.948e+00 7.012e+00 7.077e+00 7.144e+00 7.212e+00 7.281e+00
 7.353e+00 7.426e+00 7.500e+00 7.577e+00 7.655e+00 7.734e+00 7.815e+00 7.898e+00
 7.981e+00 8.066e+00 8.152e+00 8.239e+00 8.327e+00 8.416e+00 8.506e+00 8.596e+00
 8.688e+00 8.780e+00 8.872e+00 8.965e+00 9.059e+00 9.154e+00 9.249e+00 9.344e+00
 9.441e+00 9.538e+00 9.635e+00 9.734e+00 9.832e+00 9.932e+00 1.003e+01 1.013e+01
 1.024e+01 1.034e+01 1.044e+01 1.054e+01 1.065e+01 1.075e+01 1.086e+01 1.096e+01
 1.107e+01 1.118e+01 1.128e+01 1.139e+01 1.150e+01 1.160e+01 1.171e+01 1.182e+01
 1.193e+01 1.203e+01 1.214e+01 1.224e+01 1.235e+01 1.245e+01 1.255e+01 1.265e+01
 1.275e+01 1.285e+01 1.295e+01 1.305e+01 1.314e+01 1.324e+01 1.333e+01 1.342e+01
 1.351e+01 1.360e+01 1.369e+01 1.378e+01 1.387e+01 1.396e+01 1.405e+01 1.413e+01
 1.422e+01 1.431e+01 1.439e+01 1.448e+01 1.457e+01 1.466e+01 1.474e+01 1.483e+01
 1.492e+01 1.501e+01 1.510e+01 1.519e+01 1.527e+01 1.536e+01 1.545e+01 1.554e+01
 1.562e+01 1.571e+01 1.580e+01 1.588e+01 1.597e+01 1.605e+01 1.613e+01 1.622e+01
 1.630e+01 1.638e+01 1.645e+01 1.653e+01 1.661e+01 1.668e+01 1.676e+01 1.683e+01
 1.690e+01 1.697e+01 1.704e+01 1.711e+01 1.718e+01 1.724e+01 1.731e+01 1.737e+01
 1.743e+01 1.749e+01 1.755e+01 1.761e+01 1.767e+01 1.773e+01 1.778e+01 1.784e+01
 1.789e+01 1.794e+01 1.800e+01 1.805e+01 1.810e+01 1.815e+01 1.820e+01 1.824e+01
 1.829e+01 1.834e+01 1.838e+01 1.843e+01 1.847e+01 1.852e+01 1.856e+01 1.860e+01
 1.864e+01 1.869e+01 1.873e+01 1.877e+01 1.880e+01 1.884e+01 1.888e+01 1.892e+01
 1.895e+01 1.899e+01 1.903e+01 1.906e+01 1.909e+01 1.913e+01 1.916e+01 1.919e+01
 1.922e+01 1.925e+01 1.928e+01 1.931e+01 1.934e+01 1.937e+01 1.940e+01 1.942e+01
 1.945e+01 1.947e+01 1.950e+01 1.952e+01 1.955e+01 1.957e+01 1.959e+01 1.961e+01
 1.963e+01 1.965e+01 1.967e+01 1.969e+01 1.971e+01 1.972e+01 1.974e+01 1.975e+01
 1.977e+01 1.978e+01 1.980e+01 1.981e+01 1.982e+01 1.983e+01 1.984e+01 1.985e+01
 1.986e+01 1.987e+01 1.988e+01 1.988e+01 1.989e+01 1.990e+01 1.990e+01 1.991e+01
 1.991e+01 1.991e+01 1.992e+01 1.992e+01 1.992e+01 1.992e+01 1.992e+01 1.992e+01
 1.992e+01 1.992e+01 1.992e+01 1.991e+01 1.991e+01 1.991e+01 1.990e+01 1.990e+01
 1.989e+01 1.988e+01 1.988e+01 1.987e+01 1.986e+01 1.985e+01 1.984e+01 1.983e+01
 1.982e+01 1.981e+01 1.980e+01 1.979e+01 1.978e+01 1.976e+01 1.975e+01 1.974e+01
 1.972e+01 1.971e+01 1.969e+01 1.968e+01 1.966e+01 1.965e+01 1.963e+01 1.961e+01
 1.959e+01 1.958e+01 1.956e+01 1.954e+01 1.952e+01 1.950e+01 1.948e+01 1.946e+01
 1.944e+01 1.941e+01 1.939e+01 1.937e+01 1.935e+01 1.932e+01 1.930e+01 1.928e+01
 1.925e+01 1.923e+01 1.920e+01 1.918e+01 1.915e+01 1.913e+01 1.910e+01 1.907e+01
 1.905e+01 1.902e+01 1.899e+01 1.896e+01 1.894e+01 1.891e+01 1.888e+01 1.885e+01
 1.882e+01 1.879e+01 1.876e+01 1.873e+01 1.870e+01 1.867e+01 1.864e+01 1.861e+01
 1.858e+01 1.855e+01 1.852e+01 1.848e+01 1.845e+01 1.842e+01 1.839e+01 1.835e+01
 1.832e+01 1.829e+01 1.825e+01 1.822e+01 1.819e+01 1.815e+01 1.812e+01 1.808e+01
 1.805e+01 1.801e+01 1.798e+01 1.795e+01 1.791e+01 1.788e+01 1.784e+01 1.781e+01
 1.778e+01 1.774e+01 1.771e+01 1.767e+01 1.764e+01 1.760e+01 1.757e+01 1.754e+01
 1.750e+01 1.747e+01 1.743e+01 1.740e+01 1.736e+01 1.733e+01 1.730e+01 1.726e+01
 1.723e+01 1.719e+01 1.716e+01 1.712e+01 1.709e+01 1.706e+01 1.702e+01 1.699e+01
 1.695e+01 1.692e+01 1.688e+01 1.685e+01 1.682e+01 1.678e+01 1.675e+01 1.671e+01
 1.668e+01 1.664e+01 1.661e+01 1.657e+01 1.654e+01 1.651e+01 1.647e+01 1.644e+01
 1.640e+01 1.637e+01 1.633e+01 1.630e+01 1.626e+01 1.623e+01 1.620e+01 1.616e+01
 1.613e+01 1.609e+01 1.606e+01 1.602e+01 1.599e+01 1.595e+01 1.592e+01 1.589e+01
 1.585e+01 1.582e+01 1.578e+01 1.575e+01 1.571e+01 1.568e+01 1.564e+01 1.561e+01
 1.557e+01 1.555e+01 1.551e+01 1.547e+01 1.544e+01 1.540e+01 1.537e+01 1.533e+01
 1.530e+01 1.526e+01 1.523e+01 1.519e+01 1.516e+01 1.512e+01 1.509e+01 1.505e+01
 1.502e+01 1.499e+01 1.495e+01 1.492e+01 1.488e+01 1.485e+01 1.481e+01 1.478e+01
sqrt(<Z^2>) for tau[ms]=    1.0
 8.706e-05 1.002e-04 1.153e-04 1.327e-04 1.528e-04 1.759e-04 2.024e-04 2.330e-04
 2.681e-04 3.086e-04 3.552e-04 4.088e-04 4.705e-04 5.416e-04 6.233e-04 7.174e-04
 8.257e-04 9.504e-04 1.094e-03 1.259e-03 1.449e-03 1.668e-03 1.919e-03 2.209e-03
 2.543e-03 2.927e-03 3.368e-03 3.877e-03 4.462e-03 5.136e-03 5.911e-03 6.803e-03
 7.830e-03 9.012e-03 1.037e-02 1.194e-02 1.374e-02 1.581e-02 1.820e-02 2.094e-02
 2.410e-02 2.774e-02 3.192e-02 3.674e-02 4.227e-02 4.864e-02 5.596e-02 6.437e-02
 7.404e-02 8.514e-02 9.787e-02 1.125e-01 1.292e-01 1.483e-01 1.701e-01 1.948e-01
 2.229e-01 2.544e-01 2.898e-01 3.290e-01 3.719e-01 4.180e-01 4.666e-01 5.170e-01
 5.678e-01 6.178e-01 6.657e-01 7.105e-01 7.513e-01 7.879e-01 8.201e-01 8.480e-01
 8.721e-01 8.927e-01 9.101e-01 9.250e-01 9.376e-01 9.484e-01 9.579e-01 9.663e-01
 9.740e-01 9.814e-01 9.889e-01 9.968e-01 1.006e+00 1.016e+00 1.028e+00 1.043e+00
 1.060e+00 1.082e+00 1.107e+00 1.137e+00 1.172e+00 1.212e+00 1.256e+00 1.305e+00
 1.356e+00 1.410e+00 1.465e+00 1.520e+00 1.573e+00 1.625e+00 1.674e+00 1.720e+00
 1.763e+00 1.804e+00 1.842e+00 1.880e+00 1.916e+00 1.953e+00 1.990e+00 2.030e+00
 2.071e+00 2.115e+00 2.162e+00 2.213e+00 2.265e+00 2.321e+00 2.377e+00 2.435e+00
 2.494e+00 2.552e+00 2.611e+00 2.668e+00 2.725e+00 2.782e+00 2.839e+00 2.896e+00
 2.954e+00 3.013e+00 3.074e+00 3.135e+00 3.198e+00 3.262e+00 3.327e+00 3.393e+00
 3.458e+00 3.524e+00 3.589e+00 3.655e+00 3.720e+00 3.786e+00 3.852e+00 3.918e+00
 3.984e+00 4.050e+00 4.116e+00 4.182e+00 4.247e+00 4.310e+00 4.372e+00 4.432e+00
 4.490e+00 4.545e+00 4.599e+00 4.650e+00 4.699e+00 4.747e+00 4.794e+00 4.840e+00
 4.886e+00 4.933e+00 4.981e+00 5.030e+00 5.082e+00 5.137e+00 5.196e+00 5.258e+00
 5.325e+00 5.397e+00 5.473e+00 5.553e+00 5.637e+00 5.723e+00 5.812e+00 5.901e+00
 5.990e+00 6.077e+00 6.161e+00 6.242e+00 6.319e+00 6.392e+00 6.460e+00 6.523e+00
 6.582e+00 6.637e+00 6.688e+00 6.736e+00 6.780e+00 6.823e+00 6.863e+00 6.901e+00
 6.939e+00 6.975e+00 7.011e+00 7.047e+00 7.083e+00 7.120e+00 7.157e+00 7.195e+00
 7.235e+00 7.277e+00 7.320e+00 7.366e+00 7.414e+00 7.465e+00 7.518e+00 7.574e+00
 7.634e+00 7.696e+00 7.762e+00 7.830e+00 7.902e+00 7.978e+00 8.056e+00 8.137e+00
 8.222e+00 8.309e+00 8.398e+00 8.490e+00 8.584e+00 8.680e+00 8.778e+00 8.877e+00
 8.978e+00 9.080e+00 9.184e+00 9.289e+00 9.395e+00 9.502e+00 9.610e+00 9.720e+00
 9.831e+00 9.943e+00 1.006e+01 1.017e+01 1.029e+01 1.041e+01 1.053e+01 1.065e+01
 1.078e+01 1.091e+01 1.104e+01 1.118e+01 1.131e+01 1.145e+01 1.160e+01 1.174e+01
 1.189e+01 1.205e+01 1.221e+01 1.237e+01 1.253e+01 1.270e+01 1.286e+01 1.303e+01
 1.320e+01 1.337e+01 1.354e+01 1.370e+01 1.387e+01 1.403e+01 1.418e+01 1.433e+01
 1.447e+01 1.461e+01 1.474e+01 1.487e+01 1.499e+01 1.511e+01 1.522e+01 1.533e+01
 1.543e+01 1.553e+01 1.563e+01 1.573e+01 1.582e+01 1.592e+01 1.602e+01 1.612e+01
 1.623e+01 1.634e+01 1.647e+01 1.660e+01 1.675e+01 1.691e+01 1.709e+01 1.728e+01
 1.749e+01 1.772e+01 1.795e+01 1.819e+01 1.844e+01 1.869e+01 1.893e+01 1.917e+01
 1.940e+01 1.961e+01 1.982e+01 2.001e+01 2.020e+01 2.037e+01 2.054e+01 2.069e+01
 2.084e+01 2.098e+01 2.111e+01 2.124e+01 2.136e+01 2.147e+01 2.158e+01 2.169e+01
 2.179e+01 2.189e+01 2.199e+01 2.208e+01 2.218e+01 2.227e+01 2.237e+01 2.246e+01
 2.256e+01 2.266e+01 2.276e+01 2.287e+01 2.298e+01 2.310e+01 2.322e+01 2.335e+01
 2.348e+01 2.362e+01 2.377e+01 2.392e+01 2.407e+01 2.423e+01 2.439e+01 2.456e+01
 2.473e+01 2.490e+01 2.507e+01 2.524e+01 2.541e+01 2.557e+01 2.574e+01 2.591e+01
 2.607e+01 2.623e+01 2.639e+01 2.655e+01 2.670e+01 2.685e+01 2.700e+01 2.715e+01
 2.729e+01 2.743e+01 2.756e+01 2.770e+01 2.783e+01 2.796e+01 2.808e+01 2.820e+01
 2.832e+01 2.844e+01 2.855e+01 2.867e+01 2.878e+01 2.888e+01 2.899e+01 2.910e+01
 2.920e+01 2.930e+01 2.940e+01 2.951e+01 2.961e+01 2.971e+01 2.981e+01 2.991e+01
 3.001e+01 3.011e+01 3.021e+01 3.031e+01 3.041e+01 3.051e+01 3.061e+01 3.071e+01
 3.081e+01 3.091e+01 3.101e+01 3.111e+01 3.121e+01 3.130e+01 3.140e+01 3.150e+01
 3.159e+01 3.168e+01 3.177e+01 3.186e+01 3.195e+01 3.204e+01 3.212e+01 3.220e+01
 3.228e+01 3.236e+01 3.244e+01 3.251e+01 3.259e+01 3.266e+01 3.272e+01 3.279e+01
 3.286e+01 3.292e+01 3.298e+01 3.304e+01 3.310e+01 3.315e+01 3.320e+01 3.326e+01
 3.331e+01 3.336e+01 3.340e+01 3.345e+01 3.349e+01 3.354e+01 3.358e+01 3.362e+01
 3.365e+01 3.369e+01 3.373e+01 3.376e+01 3.380e+01 3.383e+01 3.386e+01 3.389e+01
 3.392e+01 3.394e+01 3.397e+01 3.399e+01 3.402e+01 3.404e+01 3.406e+01 3.408e+01
 3.410e+01 3.412e+01 3.414e+01 3.416e+01 3.417e+01 3.419e+01 3.420e+01 3.421e+01
 3.423e+01 3.424e+01 3.425e+01 3.426e+01 3.426e+01 3.427e+01 3.428e+01 3.428e+01
 3.429e+01 3.429e+01 3.430e+01 3.430e+01 3.430e+01 3.430e+01 3.430e+01 3.430e+01
 3.430e+01 3.430e+01 3.429e+01 3.429e+01 3.428e+01 3.428e+01 3.427e+01 3.426e+01
 3.426e+01 3.425e+01 3.424e+01 3.423e+01 3.422e+01 3.421e+01 3.419e+01 3.418e+01
 3.417e+01 3.415e+01 3.414e+01 3.412e+01 3.411e+01 3.409e+01 3.407e+01 3.405e+01
 3.404e+01 3.402e+01 3.400e+01 3.398e+01 3.395e+01 3.393e+01 3.391e+01 3.389e+01
 3.386e+01 3.384e+01 3.381e+01 3.379e+01 3.376e+01 3.373e+01 3.371e+01 3.368e+01
 3.365e+01 3.363e+01 3.360e+01 3.357e+01 3.354e+01 3.352e+01 3.349e+01 3.346e+01
 3.343e+01 3.340e+01 3.338e+01 3.335e+01 3.332e+01 3.329e+01 3.326e+01 3.323e+01
 3.321e+01 3.318e+01 3.315e+01 3.312e+01 3.309e+01 3.306e+01 3.303e+01 3.300e+01
 3.297e+01 3.294e+01 3.291e+01 3.288e+01 3.285e+01 3.282e+01 3.279e+01 3.276e+01
 3.273e+01 3.270e+01 3.267e+01 3.264e+01 3.261e+01 3.258e+01 3.255e+01 3.251e+01
 3.248e+01 3.245e+01 3.242e+01 3.239e+01 3.236e+01 3.233e+01 3.229e+01 3.226e+01
 3.223e+01 3.220e+01 3.217e+01 3.213e+01 3.210e+01 3.207e+01 3.204e+01 3.200e+01
 3.197e+01 3.194e+01 3.191e+01 3.187e+01 3.184e+01 3.181e+01 3.177e+01 3.174e+01
 3.171e+01 3.167e+01 3.164e+01 3.161e+01 3.157e+01 3.154e+01 3.150e+01 3.147e+01
 3.143e+01 3.142e+01 3.138e+01 3.137e+01 3.130e+01 3.127e+01 3.124e+01 3.112e+01
 3.117e+01 3.113e+01 3.110e+01 3.106e+01 3.102e+01 3.098e+01 3.095e+01 3.091e+01
 3.088e+01 3.084e+01 3.081e+01 3.077e+01 3.073e+01 3.070e+01 3.066e+01 3.062e+01
sqrt(<Z^2>) for tau[ms]=   10.0
 2.674e-04 3.078e-04 3.545e-04 4.081e-04 4.699e-04 5.411e-04 6.230e-04 7.173e-04
 8.258e-04 9.508e-04 1.095e-03 1.260e-03 1.451e-03 1.671e-03 1.924e-03 2.215e-03
 2.550e-03 2.936e-03 3.380e-03 3.892e-03 4.480e-03 5.158e-03 5.939e-03 6.837e-03
 7.872e-03 9.062e-03 1.043e-02 1.201e-02 1.383e-02 1.592e-02 1.833e-02 2.110e-02
 2.429e-02 2.796e-02 3.218e-02 3.704e-02 4.263e-02 4.907e-02 5.646e-02 6.497e-02
 7.474e-02 8.597e-02 9.885e-02 1.136e-01 1.305e-01 1.498e-01 1.719e-01 1.969e-01
 2.253e-01 2.572e-01 2.929e-01 3.326e-01 3.762e-01 4.234e-01 4.738e-01 5.266e-01
 5.806e-01 6.344e-01 6.868e-01 7.360e-01 7.810e-01 8.207e-01 8.549e-01 8.835e-01
 9.071e-01 9.262e-01 9.415e-01 9.536e-01 9.632e-01 9.709e-01 9.772e-01 9.825e-01
 9.872e-01 9.916e-01 9.960e-01 1.001e+00 1.007e+00 1.014e+00 1.023e+00 1.036e+00
 1.052e+00 1.072e+00 1.099e+00 1.132e+00 1.172e+00 1.220e+00 1.274e+00 1.335e+00
 1.400e+00 1.467e+00 1.533e+00 1.598e+00 1.658e+00 1.713e+00 1.763e+00 1.807e+00
 1.846e+00 1.881e+00 1.913e+00 1.944e+00 1.975e+00 2.006e+00 2.040e+00 2.078e+00
 2.121e+00 2.169e+00 2.222e+00 2.281e+00 2.344e+00 2.409e+00 2.476e+00 2.543e+00
 2.608e+00 2.671e+00 2.730e+00 2.787e+00 2.842e+00 2.896e+00 2.949e+00 3.004e+00
 3.062e+00 3.122e+00 3.185e+00 3.251e+00 3.320e+00 3.391e+00 3.462e+00 3.533e+00
 3.602e+00 3.671e+00 3.738e+00 3.804e+00 3.869e+00 3.935e+00 4.001e+00 4.069e+00
 4.137e+00 4.207e+00 4.277e+00 4.346e+00 4.414e+00 4.479e+00 4.541e+00 4.599e+00
 4.652e+00 4.700e+00 4.744e+00 4.783e+00 4.818e+00 4.850e+00 4.879e+00 4.906e+00
 4.931e+00 4.956e+00 4.980e+00 5.005e+00 5.032e+00 5.061e+00 5.093e+00 5.130e+00
 5.173e+00 5.224e+00 5.284e+00 5.353e+00 5.434e+00 5.526e+00 5.630e+00 5.742e+00
 5.861e+00 5.983e+00 6.104e+00 6.221e+00 6.332e+00 6.433e+00 6.523e+00 6.604e+00
 6.674e+00 6.734e+00 6.786e+00 6.832e+00 6.871e+00 6.905e+00 6.935e+00 6.962e+00
 6.987e+00 7.010e+00 7.031e+00 7.052e+00 7.072e+00 7.092e+00 7.112e+00 7.133e+00
 7.154e+00 7.176e+00 7.200e+00 7.224e+00 7.251e+00 7.279e+00 7.308e+00 7.341e+00
 7.375e+00 7.412e+00 7.452e+00 7.494e+00 7.540e+00 7.588e+00 7.640e+00 7.696e+00
 7.755e+00 7.818e+00 7.884e+00 7.954e+00 8.027e+00 8.104e+00 8.184e+00 8.268e+00
 8.354e+00 8.443e+00 8.535e+00 8.630e+00 8.726e+00 8.825e+00 8.925e+00 9.028e+00
 9.131e+00 9.236e+00 9.342e+00 9.450e+00 9.559e+00 9.669e+00 9.781e+00 9.894e+00
 1.001e+01 1.012e+01 1.024e+01 1.036e+01 1.049e+01 1.061e+01 1.074e+01 1.087e+01
 1.100e+01 1.114e+01 1.128e+01 1.142e+01 1.157e+01 1.172e+01 1.188e+01 1.204e+01
 1.220e+01 1.237e+01 1.255e+01 1.273e+01 1.291e+01 1.310e+01 1.328e+01 1.347e+01
 1.366e+01 1.385e+01 1.403e+01 1.421e+01 1.439e+01 1.456e+01 1.472e+01 1.487e+01
 1.502e+01 1.516e+01 1.529e+01 1.541e+01 1.552e+01 1.563e+01 1.574e+01 1.584e+01
 1.593e+01 1.603e+01 1.612e+01 1.621e+01 1.631e+01 1.640e+01 1.650e+01 1.661e+01
 1.674e+01 1.687e+01 1.703e+01 1.721e+01 1.743e+01 1.768e+01 1.797e+01 1.830e+01
 1.867e+01 1.905e+01 1.945e+01 1.985e+01 2.023e+01 2.058e+01 2.090e+01 2.119e+01
 2.144e+01 2.167e+01 2.187e+01 2.205e+01 2.221e+01 2.235e+01 2.249e+01 2.261e+01
 2.273e+01 2.284e+01 2.294e+01 2.304e+01 2.313e+01 2.322e+01 2.332e+01 2.341e+01
 2.351e+01 2.361e+01 2.372e+01 2.385e+01 2.399e+01 2.415e+01 2.434e+01 2.457e+01
 2.482e+01 2.511e+01 2.543e+01 2.578e+01 2.615e+01 2.653e+01 2.691e+01 2.729e+01
 2.765e+01 2.800e+01 2.833e+01 2.864e+01 2.892e+01 2.919e+01 2.944e+01 2.968e+01
 2.990e+01 3.011e+01 3.031e+01 3.050e+01 3.068e+01 3.085e+01 3.101e+01 3.117e+01
 3.132e+01 3.147e+01 3.160e+01 3.173e+01 3.186e+01 3.198e+01 3.209e+01 3.220e+01
 3.231e+01 3.241e+01 3.251e+01 3.260e+01 3.269e+01 3.278e+01 3.287e+01 3.296e+01
 3.305e+01 3.314e+01 3.322e+01 3.332e+01 3.341e+01 3.350e+01 3.361e+01 3.371e+01
 3.383e+01 3.395e+01 3.409e+01 3.423e+01 3.440e+01 3.458e+01 3.478e+01 3.501e+01
 3.526e+01 3.553e+01 3.583e+01 3.613e+01 3.646e+01 3.678e+01 3.710e+01 3.742e+01
 3.772e+01 3.801e+01 3.828e+01 3.853e+01 3.876e+01 3.897e+01 3.916e+01 3.934e+01
 3.951e+01 3.966e+01 3.980e+01 3.993e+01 4.005e+01 4.016e+01 4.027e+01 4.037e+01
 4.046e+01 4.055e+01 4.063e+01 4.072e+01 4.079e+01 4.087e+01 4.094e+01 4.101e+01
 4.108e+01 4.114e+01 4.121e+01 4.127e+01 4.133e+01 4.140e+01 4.146e+01 4.152e+01
 4.158e+01 4.164e+01 4.171e+01 4.177e+01 4.184e+01 4.191e+01 4.198e+01 4.205e+01
 4.212e+01 4.220e+01 4.228e+01 4.236e+01 4.245e+01 4.254e+01 4.263e+01 4.273e+01
 4.283e+01 4.293e+01 4.304e+01 4.315e+01 4.326e+01 4.337e+01 4.348e+01 4.360e+01
 4.371e+01 4.383e+01 4.394e+01 4.405e+01 4.416e+01 4.426e+01 4.437e+01 4.447e+01
 4.456e+01 4.466e+01 4.475e+01 4.484e+01 4.492e+01 4.501e+01 4.508e+01 4.516e+01
 4.523e+01 4.530e+01 4.537e+01 4.544e+01 4.550e+01 4.556e+01 4.562e+01 4.567e+01
 4.573e+01 4.578e+01 4.583e+01 4.587e+01 4.592e+01 4.596e+01 4.600e+01 4.604e+01
 4.608e+01 4.612e+01 4.615e+01 4.619e+01 4.622e+01 4.625e+01 4.628e+01 4.631e+01
 4.633e+01 4.636e+01 4.638e+01 4.641e+01 4.643e+01 4.645e+01 4.647e+01 4.649e+01
 4.651e+01 4.652e+01 4.654e+01 4.656e+01 4.657e+01 4.658e+01 4.659e+01 4.661e+01
 4.662e+01 4.662e+01 4.663e+01 4.664e+01 4.665e+01 4.665e+01 4.666e+01 4.669e+01
 4.668e+01 4.668e+01 4.669e+01 4.670e+01 4.670e+01 4.671e+01 4.672e+01 4.672e+01
 4.673e+01 4.673e+01 4.674e+01 4.674e+01 4.675e+01 4.675e+01 4.676e+01 4.676e+01
 4.677e+01 4.677e+01 4.677e+01 4.678e+01 4.678e+01 4.678e+01 4.679e+01 4.679e+01
 4.679e+01 4.680e+01 4.680e+01 4.680e+01 4.680e+01 4.681e+01 4.681e+01 4.681e+01
 4.681e+01 4.681e+01 4.682e+01 4.682e+01 4.682e+01 4.682e+01 4.682e+01 4.683e+01
 4.683e+01 4.683e+01 4.683e+01 4.683e+01 4.683e+01 4.684e+01 4.684e+01 4.684e+01
 4.684e+01 4.684e+01 4.684e+01 4.684e+01 4.684e+01 4.685e+01 4.685e+01 4.685e+01
 4.685e+01 4.685e+01 4.685e+01 4.685e+01 4.685e+01 4.685e+01 4.685e+01 4.685e+01
 4.686e+01 4.686e+01 4.686e+01 4.686e+01 4.686e+01 4.686e+01 4.686e+01 4.686e+01
 4.685e+01 4.687e+01 4.684e+01 4.684e+01 4.685e+01 4.705e+01 4.689e+01 4.684e+01
 4.684e+01 4.686e+01 4.687e+01 4.687e+01 4.687e+01 4.687e+01 4.685e+01 4.687e+01
 4.688e+01 4.687e+01 4.687e+01 4.686e+01 4.687e+01 4.687e+01 4.687e+01 4.687e+01
sqrt(<Z^2>) for tau[ms]=  100.0
 6.748e-04 7.788e-04 8.988e-04 1.037e-03 1.197e-03 1.381e-03 1.594e-03 1.840e-03
 2.123e-03 2.449e-03 2.826e-03 3.261e-03 3.763e-03 4.342e-03 5.009e-03 5.780e-03
 6.668e-03 7.693e-03 8.875e-03 1.024e-02 1.181e-02 1.363e-02 1.572e-02 1.813e-02
 2.091e-02 2.412e-02 2.782e-02 3.209e-02 3.700e-02 4.267e-02 4.920e-02 5.672e-02
 6.539e-02 7.536e-02 8.683e-02 1.000e-01 1.152e-01 1.325e-01 1.524e-01 1.750e-01
 2.008e-01 2.301e-01 2.630e-01 2.999e-01 3.408e-01 3.856e-01 4.341e-01 4.857e-01
 5.394e-01 5.941e-01 6.483e-01 7.006e-01 7.494e-01 7.937e-01 8.328e-01 8.663e-01
 8.944e-01 9.174e-01 9.359e-01 9.506e-01 9.621e-01 9.710e-01 9.779e-01 9.831e-01
 9.873e-01 9.905e-01 9.932e-01 9.956e-01 9.979e-01 1.001e+00 1.004e+00 1.008e+00
 1.014e+00 1.022e+00 1.033e+00 1.049e+00 1.070e+00 1.099e+00 1.136e+00 1.184e+00
 1.241e+00 1.307e+00 1.380e+00 1.457e+00 1.535e+00 1.610e+00 1.678e+00 1.739e+00
 1.791e+00 1.835e+00 1.872e+00 1.902e+00 1.928e+00 1.951e+00 1.971e+00 1.992e+00
 2.014e+00 2.039e+00 2.069e+00 2.104e+00 2.147e+00 2.197e+00 2.255e+00 2.320e+00
 2.391e+00 2.464e+00 2.537e+00 2.609e+00 2.675e+00 2.737e+00 2.793e+00 2.843e+00
 2.890e+00 2.934e+00 2.978e+00 3.022e+00 3.069e+00 3.120e+00 3.176e+00 3.237e+00
 3.304e+00 3.374e+00 3.448e+00 3.521e+00 3.594e+00 3.665e+00 3.732e+00 3.796e+00
 3.859e+00 3.920e+00 3.981e+00 4.043e+00 4.107e+00 4.173e+00 4.241e+00 4.311e+00
 4.382e+00 4.451e+00 4.518e+00 4.582e+00 4.640e+00 4.693e+00 4.741e+00 4.783e+00
 4.820e+00 4.852e+00 4.880e+00 4.904e+00 4.926e+00 4.946e+00 4.964e+00 4.981e+00
 4.999e+00 5.016e+00 5.035e+00 5.056e+00 5.080e+00 5.109e+00 5.143e+00 5.184e+00
 5.234e+00 5.295e+00 5.369e+00 5.456e+00 5.557e+00 5.672e+00 5.797e+00 5.930e+00
 6.064e+00 6.195e+00 6.320e+00 6.434e+00 6.535e+00 6.623e+00 6.698e+00 6.762e+00
 6.815e+00 6.860e+00 6.898e+00 6.930e+00 6.957e+00 6.981e+00 7.003e+00 7.022e+00
 7.040e+00 7.057e+00 7.074e+00 7.090e+00 7.106e+00 7.123e+00 7.141e+00 7.159e+00
 7.178e+00 7.199e+00 7.220e+00 7.244e+00 7.269e+00 7.296e+00 7.325e+00 7.356e+00
 7.390e+00 7.426e+00 7.465e+00 7.508e+00 7.553e+00 7.601e+00 7.653e+00 7.709e+00
 7.768e+00 7.831e+00 7.897e+00 7.967e+00 8.040e+00 8.117e+00 8.198e+00 8.281e+00
 8.368e+00 8.458e+00 8.550e+00 8.645e+00 8.742e+00 8.840e+00 8.941e+00 9.044e+00
 9.147e+00 9.253e+00 9.359e+00 9.467e+00 9.576e+00 9.687e+00 9.799e+00 9.912e+00
 1.003e+01 1.014e+01 1.026e+01 1.038e+01 1.051e+01 1.063e+01 1.076e+01 1.089e+01
 1.102e+01 1.116e+01 1.130e+01 1.145e+01 1.160e+01 1.175e+01 1.191e+01 1.207e+01
 1.224e+01 1.241e+01 1.259e+01 1.277e+01 1.295e+01 1.314e+01 1.333e+01 1.352e+01
 1.371e+01 1.390e+01 1.409e+01 1.427e+01 1.445e+01 1.462e+01 1.478e+01 1.493e+01
 1.508e+01 1.522e+01 1.535e+01 1.547e+01 1.558e+01 1.569e+01 1.580e+01 1.590e+01
 1.599e+01 1.608e+01 1.617e+01 1.627e+01 1.636e+01 1.645e+01 1.656e+01 1.667e+01
 1.679e+01 1.693e+01 1.710e+01 1.729e+01 1.752e+01 1.779e+01 1.810e+01 1.846e+01
 1.886e+01 1.928e+01 1.971e+01 2.014e+01 2.054e+01 2.090e+01 2.123e+01 2.151e+01
 2.176e+01 2.198e+01 2.217e+01 2.234e+01 2.249e+01 2.263e+01 2.276e+01 2.287e+01
 2.298e+01 2.308e+01 2.318e+01 2.327e+01 2.336e+01 2.345e+01 2.355e+01 2.364e+01
 2.375e+01 2.387e+01 2.400e+01 2.416e+01 2.435e+01 2.459e+01 2.487e+01 2.522e+01
 2.562e+01 2.609e+01 2.660e+01 2.714e+01 2.768e+01 2.820e+01 2.869e+01 2.912e+01
 2.950e+01 2.983e+01 3.012e+01 3.038e+01 3.060e+01 3.081e+01 3.099e+01 3.117e+01
 3.133e+01 3.149e+01 3.163e+01 3.178e+01 3.192e+01 3.205e+01 3.218e+01 3.230e+01
 3.241e+01 3.253e+01 3.263e+01 3.273e+01 3.283e+01 3.292e+01 3.301e+01 3.309e+01
 3.317e+01 3.325e+01 3.333e+01 3.340e+01 3.348e+01 3.355e+01 3.362e+01 3.370e+01
 3.377e+01 3.385e+01 3.393e+01 3.401e+01 3.410e+01 3.419e+01 3.429e+01 3.440e+01
 3.452e+01 3.466e+01 3.482e+01 3.500e+01 3.521e+01 3.546e+01 3.575e+01 3.609e+01
 3.648e+01 3.691e+01 3.737e+01 3.786e+01 3.835e+01 3.882e+01 3.927e+01 3.967e+01
 4.004e+01 4.035e+01 4.063e+01 4.086e+01 4.106e+01 4.124e+01 4.139e+01 4.153e+01
 4.164e+01 4.175e+01 4.185e+01 4.194e+01 4.202e+01 4.209e+01 4.216e+01 4.223e+01
 4.230e+01 4.236e+01 4.242e+01 4.247e+01 4.253e+01 4.258e+01 4.264e+01 4.269e+01
 4.274e+01 4.279e+01 4.285e+01 4.290e+01 4.295e+01 4.301e+01 4.307e+01 4.312e+01
 4.319e+01 4.325e+01 4.332e+01 4.339e+01 4.347e+01 4.355e+01 4.364e+01 4.373e+01
 4.384e+01 4.395e+01 4.407e+01 4.421e+01 4.435e+01 4.451e+01 4.468e+01 4.486e+01
 4.506e+01 4.527e+01 4.549e+01 4.571e+01 4.594e+01 4.618e+01 4.641e+01 4.665e+01
 4.687e+01 4.709e+01 4.730e+01 4.751e+01 4.770e+01 4.788e+01 4.805e+01 4.821e+01
 4.835e+01 4.849e+01 4.862e+01 4.875e+01 4.886e+01 4.897e+01 4.907e+01 4.916e+01
 4.925e+01 4.934e+01 4.942e+01 4.950e+01 4.957e+01 4.964e+01 4.971e+01 4.977e+01
 4.983e+01 4.989e+01 4.994e+01 5.000e+01 5.005e+01 5.010e+01 5.014e+01 5.019e+01
 5.023e+01 5.027e+01 5.031e+01 5.035e+01 5.039e+01 5.043e+01 5.046e+01 5.049e+01
 5.053e+01 5.056e+01 5.059e+01 5.062e+01 5.065e+01 5.067e+01 5.070e+01 5.073e+01
 5.075e+01 5.078e+01 5.080e+01 5.083e+01 5.085e+01 5.087e+01 5.089e+01 5.091e+01
 5.093e+01 5.095e+01 5.096e+01 5.098e+01 5.100e+01 5.102e+01 5.104e+01 5.106e+01
 5.108e+01 5.110e+01 5.112e+01 5.114e+01 5.116e+01 5.119e+01 5.121e+01 5.123e+01
 5.125e+01 5.127e+01 5.129e+01 5.131e+01 5.133e+01 5.136e+01 5.138e+01 5.140e+01
 5.142e+01 5.144e+01 5.147e+01 5.149e+01 5.151e+01 5.154e+01 5.156e+01 5.158e+01
 5.161e+01 5.163e+01 5.166e+01 5.168e+01 5.171e+01 5.173e+01 5.176e+01 5.179e+01
 5.181e+01 5.184e+01 5.186e+01 5.189e+01 5.192e+01 5.195e+01 5.197e+01 5.200e+01
 5.203e+01 5.205e+01 5.208e+01 5.211e+01 5.213e+01 5.216e+01 5.218e+01 5.221e+01
 5.223e+01 5.226e+01 5.228e+01 5.231e+01 5.233e+01 5.236e+01 5.238e+01 5.240e+01
 5.242e+01 5.245e+01 5.247e+01 5.249e+01 5.251e+01 5.253e+01 5.255e+01 5.256e+01
 5.258e+01 5.260e+01 5.261e+01 5.264e+01 5.265e+01 5.266e+01 5.268e+01 5.268e+01
 5.271e+01 5.272e+01 5.273e+01 5.276e+01 5.266e+01 5.249e+01 5.280e+01 5.282e+01
 5.289e+01 5.277e+01 5.282e+01 5.285e+01 5.286e+01 5.286e+01 5.287e+01 5.286e+01
 5.287e+01 5.290e+01 5.289e+01 5.292e+01 5.291e+01 5.291e+01 5.293e+01 5.294e+01
sqrt(<Z^2>) for tau[ms]= 1000.0
 9.917e-04 1.148e-03 1.330e-03 1.539e-03 1.782e-03 2.064e-03 2.389e-03 2.766e-03
 3.203e-03 3.708e-03 4.293e-03 4.970e-03 5.754e-03 6.662e-03 7.712e-03 8.928e-03
 1.034e-02 1.196e-02 1.385e-02 1.603e-02 1.856e-02 2.148e-02 2.487e-02 2.878e-02
 3.331e-02 3.855e-02 4.461e-02 5.162e-02 5.973e-02 6.909e-02 7.990e-02 9.238e-02
 1.068e-01 1.233e-01 1.424e-01 1.642e-01 1.892e-01 2.176e-01 2.499e-01 2.862e-01
 3.267e-01 3.714e-01 4.201e-01 4.722e-01 5.269e-01 5.829e-01 6.387e-01 6.927e-01
 7.434e-01 7.894e-01 8.300e-01 8.647e-01 8.937e-01 9.174e-01 9.363e-01 9.513e-01
 9.629e-01 9.719e-01 9.788e-01 9.841e-01 9.880e-01 9.911e-01 9.934e-01 9.952e-01
 9.967e-01 9.981e-01 9.995e-01 1.001e+00 1.003e+00 1.007e+00 1.011e+00 1.017e+00
 1.027e+00 1.041e+00 1.060e+00 1.086e+00 1.121e+00 1.166e+00 1.223e+00 1.290e+00
 1.366e+00 1.448e+00 1.530e+00 1.610e+00 1.682e+00 1.746e+00 1.800e+00 1.845e+00
 1.881e+00 1.910e+00 1.933e+00 1.953e+00 1.970e+00 1.987e+00 2.003e+00 2.022e+00
 2.044e+00 2.070e+00 2.103e+00 2.144e+00 2.193e+00 2.251e+00 2.317e+00 2.389e+00
 2.464e+00 2.539e+00 2.612e+00 2.680e+00 2.742e+00 2.798e+00 2.848e+00 2.893e+00
 2.935e+00 2.975e+00 3.015e+00 3.058e+00 3.104e+00 3.156e+00 3.213e+00 3.277e+00
 3.345e+00 3.418e+00 3.492e+00 3.566e+00 3.638e+00 3.707e+00 3.772e+00 3.835e+00
 3.896e+00 3.955e+00 4.015e+00 4.077e+00 4.141e+00 4.208e+00 4.276e+00 4.347e+00
 4.417e+00 4.486e+00 4.552e+00 4.613e+00 4.670e+00 4.721e+00 4.766e+00 4.805e+00
 4.840e+00 4.869e+00 4.895e+00 4.918e+00 4.938e+00 4.956e+00 4.973e+00 4.989e+00
 5.006e+00 5.023e+00 5.041e+00 5.062e+00 5.086e+00 5.114e+00 5.149e+00 5.191e+00
 5.242e+00 5.305e+00 5.381e+00 5.471e+00 5.575e+00 5.693e+00 5.821e+00 5.956e+00
 6.092e+00 6.224e+00 6.348e+00 6.460e+00 6.560e+00 6.645e+00 6.718e+00 6.780e+00
 6.831e+00 6.874e+00 6.910e+00 6.940e+00 6.967e+00 6.989e+00 7.010e+00 7.028e+00
 7.046e+00 7.062e+00 7.078e+00 7.094e+00 7.110e+00 7.126e+00 7.144e+00 7.162e+00
 7.181e+00 7.201e+00 7.222e+00 7.246e+00 7.271e+00 7.297e+00 7.326e+00 7.358e+00
 7.391e+00 7.428e+00 7.467e+00 7.509e+00 7.554e+00 7.603e+00 7.655e+00 7.710e+00
 7.769e+00 7.832e+00 7.898e+00 7.968e+00 8.042e+00 8.119e+00 8.199e+00 8.283e+00
 8.370e+00 8.459e+00 8.551e+00 8.646e+00 8.743e+00 8.842e+00 8.943e+00 9.045e+00
 9.149e+00 9.254e+00 9.361e+00 9.469e+00 9.578e+00 9.689e+00 9.801e+00 9.914e+00
 1.003e+01 1.015e+01 1.026e+01 1.039e+01 1.051e+01 1.063e+01 1.076e+01 1.089e+01
 1.103e+01 1.116e+01 1.131e+01 1.145e+01 1.160e+01 1.175e+01 1.191e+01 1.207e+01
 1.224e+01 1.241e+01 1.259e+01 1.277e+01 1.296e+01 1.315e+01 1.334e+01 1.353e+01
 1.372e+01 1.391e+01 1.410e+01 1.428e+01 1.445e+01 1.462e+01 1.479e+01 1.494e+01
 1.509e+01 1.522e+01 1.535e+01 1.548e+01 1.559e+01 1.570e+01 1.580e+01 1.590e+01
 1.600e+01 1.609e+01 1.618e+01 1.627e+01 1.636e+01 1.646e+01 1.656e+01 1.667e+01
 1.680e+01 1.694e+01 1.711e+01 1.730e+01 1.753e+01 1.780e+01 1.812e+01 1.848e+01
 1.888e+01 1.931e+01 1.974e+01 2.017e+01 2.057e+01 2.093e+01 2.126e+01 2.155e+01
 2.180e+01 2.201e+01 2.220e+01 2.237e+01 2.252e+01 2.266e+01 2.279e+01 2.290e+01
 2.301e+01 2.311e+01 2.321e+01 2.330e+01 2.339e+01 2.348e+01 2.357e+01 2.367e+01
 2.378e+01 2.389e+01 2.403e+01 2.420e+01 2.440e+01 2.465e+01 2.495e+01 2.531e+01
 2.575e+01 2.624e+01 2.679e+01 2.736e+01 2.793e+01 2.847e+01 2.896e+01 2.939e+01
 2.977e+01 3.009e+01 3.036e+01 3.061e+01 3.082e+01 3.101e+01 3.118e+01 3.135e+01
 3.150e+01 3.165e+01 3.179e+01 3.193e+01 3.206e+01 3.218e+01 3.231e+01 3.242e+01
 3.254e+01 3.264e+01 3.275e+01 3.284e+01 3.294e+01 3.302e+01 3.311e+01 3.319e+01
 3.327e+01 3.334e+01 3.342e+01 3.349e+01 3.356e+01 3.363e+01 3.370e+01 3.377e+01
 3.385e+01 3.392e+01 3.400e+01 3.408e+01 3.417e+01 3.426e+01 3.436e+01 3.447e+01
 3.459e+01 3.473e+01 3.490e+01 3.508e+01 3.530e+01 3.557e+01 3.587e+01 3.623e+01
 3.664e+01 3.710e+01 3.759e+01 3.811e+01 3.863e+01 3.912e+01 3.959e+01 4.000e+01
 4.036e+01 4.068e+01 4.095e+01 4.117e+01 4.137e+01 4.153e+01 4.167e+01 4.180e+01
 4.191e+01 4.200e+01 4.209e+01 4.217e+01 4.225e+01 4.232e+01 4.238e+01 4.245e+01
 4.251e+01 4.256e+01 4.262e+01 4.267e+01 4.272e+01 4.278e+01 4.283e+01 4.288e+01
 4.293e+01 4.298e+01 4.303e+01 4.308e+01 4.313e+01 4.319e+01 4.324e+01 4.330e+01
 4.336e+01 4.343e+01 4.350e+01 4.357e+01 4.365e+01 4.373e+01 4.382e+01 4.392e+01
 4.403e+01 4.415e+01 4.428e+01 4.443e+01 4.459e+01 4.476e+01 4.495e+01 4.515e+01
 4.537e+01 4.560e+01 4.584e+01 4.610e+01 4.635e+01 4.662e+01 4.688e+01 4.714e+01
 4.739e+01 4.763e+01 4.786e+01 4.807e+01 4.828e+01 4.847e+01 4.864e+01 4.881e+01
 4.896e+01 4.910e+01 4.924e+01 4.936e+01 4.947e+01 4.958e+01 4.968e+01 4.978e+01
 4.986e+01 4.995e+01 5.003e+01 5.010e+01 5.017e+01 5.024e+01 5.031e+01 5.037e+01
 5.043e+01 5.049e+01 5.054e+01 5.059e+01 5.064e+01 5.069e+01 5.074e+01 5.078e+01
 5.082e+01 5.086e+01 5.090e+01 5.094e+01 5.098e+01 5.101e+01 5.105e+01 5.108e+01
 5.111e+01 5.114e+01 5.117e+01 5.120e+01 5.123e+01 5.126e+01 5.129e+01 5.132e+01
 5.134e+01 5.137e+01 5.139e+01 5.142e+01 5.144e+01 5.146e+01 5.148e+01 5.150e+01
 5.152e+01 5.154e+01 5.156e+01 5.158e+01 5.160e+01 5.162e+01 5.164e+01 5.166e+01
 5.168e+01 5.171e+01 5.173e+01 5.176e+01 5.178e+01 5.180e+01 5.183e+01 5.185e+01
 5.188e+01 5.190e+01 5.193e+01 5.195e+01 5.198e+01 5.200e+01 5.203e+01 5.205e+01
 5.208e+01 5.211e+01 5.213e+01 5.216e+01 5.219e+01 5.222e+01 5.225e+01 5.228e+01
 5.231e+01 5.234e+01 5.237e+01 5.240e+01 5.244e+01 5.247e+01 5.250e+01 5.254e+01
 5.257e+01 5.260e+01 5.264e+01 5.267e+01 5.271e+01 5.274e+01 5.278e+01 5.281e+01
 5.285e+01 5.288e+01 5.292e+01 5.295e+01 5.298e+01 5.302e+01 5.305e+01 5.308e+01
 5.311e+01 5.315e+01 5.318e+01 5.321e+01 5.323e+01 5.326e+01 5.329e+01 5.332e+01
 5.334e+01 5.337e+01 5.339e+01 5.342e+01 5.344e+01 5.346e+01 5.348e+01 5.350e+01
 5.352e+01 5.354e+01 5.356e+01 5.357e+01 5.360e+01 5.361e+01 5.362e+01 5.364e+01
 5.364e+01 5.366e+01 5.367e+01 5.369e+01 5.368e+01 5.371e+01 5.372e+01 5.372e+01
 5.361e+01 5.376e+01 5.373e+01 5.377e+01 5.377e+01 5.377e+01 5.376e+01 5.379e+01
 5.379e+01 5.380e+01 5.380e+01 5.382e+01 5.383e+01 5.382e+01 5.383e+01 5.383e+01
sqrt(<Z^2>) in equilibrium - infinite confinement
 1.063e-03 1.231e-03 1.427e-03 1.654e-03 1.917e-03 2.221e-03 2.574e-03 2.983e-03
 3.457e-03 4.007e-03 4.643e-03 5.381e-03 6.237e-03 7.227e-03 8.376e-03 9.707e-03
 1.125e-02 1.304e-02 1.511e-02 1.751e-02 2.029e-02 2.351e-02 2.725e-02 3.157e-02
 3.658e-02 4.239e-02 4.911e-02 5.689e-02 6.589e-02 7.630e-02 8.834e-02 1.022e-01
 1.183e-01 1.367e-01 1.580e-01 1.823e-01 2.101e-01 2.416e-01 2.773e-01 3.172e-01
 3.614e-01 4.097e-01 4.617e-01 5.166e-01 5.730e-01 6.295e-01 6.845e-01 7.363e-01
 7.836e-01 8.253e-01 8.611e-01 8.910e-01 9.155e-01 9.350e-01 9.504e-01 9.624e-01
 9.716e-01 9.786e-01 9.840e-01 9.880e-01 9.911e-01 9.934e-01 9.952e-01 9.966e-01
 9.978e-01 9.990e-01 1.000e+00 1.002e+00 1.004e+00 1.007e+00 1.012e+00 1.019e+00
 1.030e+00 1.044e+00 1.065e+00 1.093e+00 1.131e+00 1.180e+00 1.240e+00 1.310e+00
 1.389e+00 1.472e+00 1.555e+00 1.633e+00 1.704e+00 1.765e+00 1.817e+00 1.859e+00
 1.892e+00 1.919e+00 1.941e+00 1.959e+00 1.976e+00 1.991e+00 2.007e+00 2.026e+00
 2.047e+00 2.075e+00 2.108e+00 2.150e+00 2.200e+00 2.259e+00 2.325e+00 2.398e+00
 2.473e+00 2.549e+00 2.621e+00 2.689e+00 2.750e+00 2.805e+00 2.854e+00 2.899e+00
 2.940e+00 2.979e+00 3.020e+00 3.062e+00 3.108e+00 3.160e+00 3.218e+00 3.281e+00
 3.350e+00 3.423e+00 3.497e+00 3.571e+00 3.643e+00 3.712e+00 3.777e+00 3.839e+00
 3.900e+00 3.959e+00 4.019e+00 4.081e+00 4.145e+00 4.212e+00 4.281e+00 4.351e+00
 4.421e+00 4.490e+00 4.556e+00 4.617e+00 4.673e+00 4.724e+00 4.769e+00 4.808e+00
 4.842e+00 4.871e+00 4.897e+00 4.919e+00 4.939e+00 4.957e+00 4.974e+00 4.990e+00
 5.007e+00 5.023e+00 5.042e+00 5.063e+00 5.086e+00 5.115e+00 5.149e+00 5.191e+00
 5.243e+00 5.306e+00 5.382e+00 5.472e+00 5.577e+00 5.695e+00 5.824e+00 5.959e+00
 6.095e+00 6.227e+00 6.351e+00 6.463e+00 6.562e+00 6.648e+00 6.721e+00 6.782e+00
 6.833e+00 6.876e+00 6.911e+00 6.942e+00 6.968e+00 6.990e+00 7.011e+00 7.029e+00
 7.046e+00 7.063e+00 7.079e+00 7.094e+00 7.110e+00 7.127e+00 7.144e+00 7.162e+00
 7.181e+00 7.201e+00 7.223e+00 7.246e+00 7.271e+00 7.298e+00 7.327e+00 7.358e+00
 7.391e+00 7.428e+00 7.467e+00 7.509e+00 7.554e+00 7.603e+00 7.655e+00 7.710e+00
 7.769e+00 7.832e+00 7.898e+00 7.968e+00 8.042e+00 8.119e+00 8.199e+00 8.283e+00
 8.370e+00 8.459e+00 8.552e+00 8.646e+00 8.743e+00 8.842e+00 8.943e+00 9.045e+00
 9.149e+00 9.255e+00 9.361e+00 9.469e+00 9.578e+00 9.689e+00 9.801e+00 9.914e+00
 1.003e+01 1.015e+01 1.026e+01 1.039e+01 1.051e+01 1.063e+01 1.076e+01 1.089e+01
 1.103e+01 1.116e+01 1.131e+01 1.145e+01 1.160e+01 1.175e+01 1.191e+01 1.207e+01
 1.224e+01 1.241e+01 1.259e+01 1.277e+01 1.296e+01 1.315e+01 1.334e+01 1.353e+01
 1.372e+01 1.391e+01 1.410e+01 1.428e+01 1.446e+01 1.463e+01 1.479e+01 1.494e+01
 1.509e+01 1.522e+01 1.535e+01 1.548e+01 1.559e+01 1.570e+01 1.580e+01 1.590e+01
 1.600e+01 1.609e+01 1.618e+01 1.627e+01 1.636e+01 1.646e+01 1.656e+01 1.667e+01
 1.680e+01 1.694e+01 1.711e+01 1.730e+01 1.753e+01 1.780e+01 1.812e+01 1.848e+01
 1.888e+01 1.931e+01 1.974e+01 2.017e+01 2.057e+01 2.094e+01 2.126e+01 2.155e+01
 2.180e+01 2.202e+01 2.221e+01 2.238e+01 2.253e+01 2.266e+01 2.279e+01 2.290e+01
 2.301e+01 2.311e+01 2.321e+01 2.330e+01 2.339e+01 2.348e+01 2.357e+01 2.367e+01
 2.378e+01 2.390e+01 2.404e+01 2.420e+01 2.440e+01 2.465e+01 2.496e+01 2.532e+01
 2.576e+01 2.626e+01 2.681e+01 2.739e+01 2.796e+01 2.850e+01 2.899e+01 2.942e+01
 2.980e+01 3.012e+01 3.039e+01 3.063e+01 3.084e+01 3.103e+01 3.121e+01 3.137e+01
 3.152e+01 3.167e+01 3.181e+01 3.194e+01 3.207e+01 3.220e+01 3.232e+01 3.244e+01
 3.255e+01 3.266e+01 3.276e+01 3.286e+01 3.295e+01 3.304e+01 3.312e+01 3.320e+01
 3.328e+01 3.335e+01 3.343e+01 3.350e+01 3.357e+01 3.364e+01 3.371e+01 3.378e+01
 3.386e+01 3.393e+01 3.401e+01 3.409e+01 3.418e+01 3.427e+01 3.437e+01 3.448e+01
 3.460e+01 3.474e+01 3.491e+01 3.509e+01 3.532e+01 3.558e+01 3.589e+01 3.625e+01
 3.666e+01 3.712e+01 3.762e+01 3.814e+01 3.866e+01 3.916e+01 3.962e+01 4.004e+01
 4.040e+01 4.072e+01 4.098e+01 4.121e+01 4.140e+01 4.156e+01 4.171e+01 4.183e+01
 4.194e+01 4.203e+01 4.212e+01 4.220e+01 4.228e+01 4.234e+01 4.241e+01 4.247e+01
 4.253e+01 4.259e+01 4.264e+01 4.269e+01 4.275e+01 4.280e+01 4.285e+01 4.290e+01
 4.295e+01 4.300e+01 4.305e+01 4.310e+01 4.315e+01 4.321e+01 4.326e+01 4.332e+01
 4.338e+01 4.345e+01 4.352e+01 4.359e+01 4.367e+01 4.375e+01 4.385e+01 4.395e+01
 4.406e+01 4.418e+01 4.431e+01 4.445e+01 4.461e+01 4.479e+01 4.498e+01 4.518e+01
 4.540e+01 4.564e+01 4.588e+01 4.614e+01 4.640e+01 4.667e+01 4.693e+01 4.719e+01
 4.745e+01 4.769e+01 4.792e+01 4.814e+01 4.835e+01 4.854e+01 4.872e+01 4.888e+01
 4.903e+01 4.918e+01 4.931e+01 4.943e+01 4.955e+01 4.965e+01 4.975e+01 4.985e+01
 4.994e+01 5.002e+01 5.010e+01 5.017e+01 5.025e+01 5.031e+01 5.038e+01 5.044e+01
 5.050e+01 5.056e+01 5.061e+01 5.066e+01 5.071e+01 5.076e+01 5.080e+01 5.085e+01
 5.089e+01 5.093e+01 5.097e+01 5.101e+01 5.105e+01 5.108e+01 5.112e+01 5.115e+01
 5.118e+01 5.121e+01 5.124e+01 5.127e+01 5.130e+01 5.133e+01 5.136e+01 5.138e+01
 5.141e+01 5.143e+01 5.146e+01 5.148e+01 5.150e+01 5.153e+01 5.155e+01 5.157e+01
 5.159e+01 5.161e+01 5.163e+01 5.165e+01 5.167e+01 5.169e+01 5.171e+01 5.173e+01
 5.175e+01 5.177e+01 5.179e+01 5.181e+01 5.183e+01 5.185e+01 5.187e+01 5.189e+01
 5.191e+01 5.193e+01 5.195e+01 5.197e+01 5.198e+01 5.200e+01 5.202e+01 5.205e+01
 5.207e+01 5.209e+01 5.211e+01 5.213e+01 5.215e+01 5.217e+01 5.219e+01 5.222e+01
 5.224e+01 5.226e+01 5.228e+01 5.231e+01 5.233e+01 5.236e+01 5.238e+01 5.241e+01
 5.243e+01 5.246e+01 5.248e+01 5.251e+01 5.253e+01 5.256e+01 5.259e+01 5.261e+01
 5.264e+01 5.267e+01 5.270e+01 5.272e+01 5.275e+01 5.278e+01 5.281e+01 5.284e+01
 5.286e+01 5.289e+01 5.292e+01 5.295e+01 5.298e+01 5.300e+01 5.303e+01 5.306e+01
 5.308e+01 5.311e+01 5.314e+01 5.316e+01 5.319e+01 5.321e+01 5.324e+01 5.326e+01
 5.329e+01 5.331e+01 5.333e+01 5.336e+01 5.338e+01 5.340e+01 5.342e+01 5.344e+01
 5.346e+01 5.348e+01 5.350e+01 5.352e+01 5.354e+01 5.355e+01 5.357e+01 5.359e+01
 5.360e+01 5.362e+01 5.363e+01 5.365e+01 5.366e+01 5.368e+01 5.369e+01 5.370e+01
 5.371e+01 5.373e+01 5.374e+01 5.375e+01 5.376e+01 5.377e+01 5.378e+01 5.379e+01
C-------------------------------------------------------------------------------
C
C  The fractional abundance and radiated power were generated from the
C  ADAS installation at UKAEA with the named adf11 files. The adf11 data
C  files may be updated in a later release of ADAS and publicly
C  available versions may be found at https://open.adas.ac.uk/.
C
C  The equilibrium balance data was produced with run_adas405.py and
C  the balance with a confinement time with adas4xx_ionbal_tau.py
C  which are functions from the ADAS library. Details on these codes
C  may be found at: https://www.adas.ac.uk/python_lib/index.html
C
C  Copyright (C) 2023 UK Atomic Energy Authority
C
C  This file was generated for use in the UKAEA systems code PROCESS
C  using a script written by Martin O'Mullane.
C  If acquired without provenance a user is strongly advised
C  to check its validity by re-generating using the adf11 files from
C  the OPEN-ADAS site.
C
C  Produced by : Timothy Nunn
C  Date        : 29-07-26
C
C-------------------------------------------------------------------------------
